0.999837  0.0154713  8.696e-05  0.00166815  
-0.0151591  0.999451  0.0101681  -0.0158814  
0.000371  -0.0117287  0.995197  -0.0967688  
-0.00190852  0.0148041  0.0969698  0.99512  
