1.00006  3.96e-06  3.214e-05  -4.83e-06  
3.96e-06  0.99992  -1.542e-05  3.873e-05  
3.214e-05  -1.542e-05  0.999983  8.026e-05  
-4.83e-06  3.873e-05  8.026e-05  1  
