0.999818  0.0176703  0.00602691  -0.00295028  
-0.0176446  0.999851  0.0106714  -0.00399181  
-0.00586905  -0.0108865  0.999659  -0.0269341  
0.00256412  0.00375519  0.0269268  0.999664  
