1.00004  3.02e-05  -6.405e-05  4.099e-05  
3.02e-05  0.999928  1.002e-05  1.55e-06  
-6.405e-05  1.002e-05  1.00002  -3.28e-05  
4.099e-05  1.55e-06  -3.28e-05  1.00007  
