1.00006  3.69e-06  1.325e-05  4.099e-05  
3.69e-06  0.999905  -4.63e-06  -2.198e-05  
1.325e-05  -4.63e-06  1.0001  4.004e-05  
4.099e-05  -2.198e-05  4.004e-05  0.999983  
