1.00009  -3.47e-05  1.21e-06  -1.123e-05  
-3.47e-05  1  3.48e-05  1.68e-05  
1.21e-06  3.48e-05  0.999968  1.04e-06  
-1.123e-05  1.68e-05  1.04e-06  1.00006  
