0  0.0195163  0.00652508  -0.000508105  0.0261477  -0.121295  
-0.0195163  0  -0.00393055  -0.00719701  -0.0261954  0.144498  
-0.00652508  0.00393055  0  -0.00217844  0.0237513  -0.0757485  
0.000508105  0.00719701  0.00217844  0  -0.000743293  -0.000100987  
-0.0261477  0.0261954  -0.0237513  0.000743293  0  -0.197265  
0.121295  -0.144498  0.0757485  0.000100987  0.197265  0  
