0.99900768  0.023330116  -0.0025049409  -0.0077785780  -0.013677368  
-0.022961563  0.98963119  0.13099206  -0.038665547  0.010016925  
0.0061739535  -0.13094605  0.98999547  0.0096599809  0.038752867  
0.0048341694  0.039891869  0.0012521417  0.98813142  -0.14443575  
0.014555104  0.0016097270  -0.039808650  0.14437537  0.98778396  
