0.99989337  0.0011538974  0.0026083578  0.0066577832  0.0047305869  
-0.0012270651  0.99963730  0.023806425  0.0019502925  -1.9166753e-05  
-0.0025809868  -0.023841643  0.99961837  -3.0645643e-05  -0.0019709718  
-0.0062449917  -0.0019598335  -0.00020763845  0.99664853  -0.080771589  
-0.0052665769  -0.00019765570  0.0019395564  0.080737392  0.99665401  
