0.99937050  -0.016501546  0.010216198  -0.0027892016  -0.00032903639  
0.015650538  0.99650785  0.071466245  -0.029556255  -0.0021164113  
-0.011324814  -0.071271276  0.99656919  0.0021473665  -0.029506439  
0.0033052140  0.029597703  0.0021550405  0.99654025  0.071289658  
-0.00021500648  -0.0021222246  0.029647662  -0.071442128  0.99646825  
