0.99972263  0.0063777136  -0.0076805681  0.0029035607  0.00052853632  
-0.0069487946  0.99754693  -0.066226877  0.0098753319  -0.0017103698  
0.0072458241  0.066276881  0.99754419  -0.0016855708  -0.0098937675  
-0.0028951323  -0.0093935744  0.0032974058  0.99483696  0.098792812  
-0.00017640123  0.0032738693  0.0093784551  -0.098747254  0.99482882  
