0.99953698  -0.0027542923  0.011819603  0.0068993101  -0.0031574836  
0.0025756118  0.99963448  0.013852868  -0.0040726385  0.00088484310  
-0.011870667  -0.013807731  0.99954621  0.00081097245  0.0041277379  
-0.0071841220  0.0042726739  -0.00050969839  0.99439313  -0.10137499  
0.0025001919  -0.00043128643  -0.0042232976  0.10144588  0.99447231  
