0.99864758  -0.012301008  -0.020310656  0.0037698945  0.0074754498  
0.014524031  0.99357926  0.10323077  -0.020823901  0.00063174994  
0.018640307  -0.10347174  0.99348637  0.00058615342  0.021020113  
-0.00079445147  0.019256963  0.0081974871  0.94697996  -0.31714286  
-0.0085369612  0.0082805237  -0.019074025  0.31680055  0.94691326  
