0.99985680  -0.0059722431  -0.0044986575  -0.00045584773  -0.0059601299  
0.0058256572  0.99928691  -0.033038292  -0.010002171  0.00086791145  
0.0047668600  0.033012063  0.99931187  0.00090037142  0.0099719001  
0.0011203009  0.0097361825  -0.0022435557  0.99456126  0.10259317  
0.0058305746  -0.0022736477  -0.0097697329  -0.10262558  0.99454681  
