0.99963784  0.0064407262  0.0095289700  -0.00040705085  0.0036429446  
-0.0063507243  0.99965487  -0.011796667  0.0085596669  -0.00012360129  
-0.0096670340  0.011727309  0.99964384  0.00010485161  0.0085221958  
0.00051081057  -0.0084534481  0.00010414885  0.99957049  -0.011732799  
-0.0035671632  -0.00012271531  -0.0084910831  0.011789571  0.99959789  
