0.99984490  0.0059462795  0.0014428236  -0.0025741335  0.0024028514  
-0.0057864680  0.99433097  -0.10431234  -0.010136132  0.0010508982  
-0.0020400559  0.10428095  0.99435294  -0.0010594326  -0.010155848  
0.0027978975  0.010175747  -0.0010614716  0.99438827  -0.10430026  
-0.0021373574  0.0010527278  0.010155550  0.10430178  0.99438083  
