0.99959801  0.010324112  -0.0022187871  -0.0083329716  -0.00081324434  
-0.0095247478  0.98096371  0.19154306  0.016015929  0.0031188614  
0.0041614855  -0.19154561  0.98098869  -0.0031468870  0.015932100  
0.0084381914  -0.015967138  -0.0031528318  0.98104828  0.19152609  
-0.00083857226  0.0031265318  -0.016051378  -0.19159265  0.98105515  
