0.99981925  0.0024663201  0.0076189545  0.00067385133  -0.0021386099  
-0.0030992343  0.99654561  0.081472074  0.0057709391  0.00047873338  
-0.0073586052  -0.081484854  0.99652491  -0.00047689569  0.0057889286  
-0.00047250314  -0.0057689839  -0.00047527873  0.99648728  0.081491333  
0.0022249623  0.00047699878  -0.0057510239  -0.081459835  0.99651056  
