0.99951031  -0.0030229937  -0.011196670  0.00048468857  0.0073286155  
0.0033525705  0.99939110  0.021637573  -0.0070509397  -0.00012837511  
0.011177850  -0.021667649  0.99937720  0.00015808592  -0.0069713212  
-0.00068108799  0.0068316936  0.00015575153  0.99931952  0.021668370  
-0.0072424310  -0.00012593518  0.0069114559  -0.021635592  0.99936792  
