0.999862  0.00578111  -0.00982713  0.00078165  
-0.00560418  0.999799  0.00201714  0.0119147  
0.00949219  -0.00444306  0.978172  0.207255  
0.00279161  0.0112671  0.207271  -0.978159  
