0.99998  5.032e-05  3.655e-05  -9.782e-05  
5.032e-05  1.00009  -1.995e-05  3.257e-05  
3.655e-05  -1.995e-05  1.00005  -2.424e-05  
-9.782e-05  3.257e-05  -2.424e-05  1.00001  
