0.999889  -0.00452355  0.00930993  0.004475  
0.00442649  0.999989  -0.00216577  -0.00738456  
-0.00990633  0.00354543  0.985394  0.169613  
0.00276686  -0.00686587  0.169748  -0.985412  
