1.00001  -2.9e-07  3.174e-05  -1.55e-05  
-2.9e-07  0.999979  -1.608e-05  -2.98e-06  
3.174e-05  -1.608e-05  0.999958  -1.352e-05  
-1.55e-05  -2.98e-06  -1.352e-05  1.00005  
