0  0.00196062  -0.000167589  -0.00230645  0.00320271  0.00554332  
-0.00196062  0  0.00587974  0.00588697  -0.00708902  -0.00600862  
0.000167589  -0.00587974  0  -0.011541  0.00251688  0.00619951  
0.00230645  -0.00588697  0.011541  0  -0.00750739  0.00384667  
-0.00320271  0.00708902  -0.00251688  0.00750739  0  -0.0305022  
-0.00554332  0.00600862  -0.00619951  -0.00384667  0.0305022  0  
