1.00005  5.127e-05  5.042e-05  -1.474e-05  
5.127e-05  0.999995  2.425e-05  -4.212e-05  
5.042e-05  2.425e-05  1.00004  -5.24e-05  
-1.474e-05  -4.212e-05  -5.24e-05  0.999927  
