0.99878175  0.017061920  0.018896849  -0.0031018163  -0.00083207645  
-0.018022986  0.99772536  0.044204762  -0.030948586  0.0078780467  
-0.018039640  -0.044529535  0.99770366  0.0079090101  0.031022043  
0.0024943022  0.031817328  -0.0026749086  0.99141616  -0.11784772  
0.0018351300  -0.0027009207  -0.031741702  0.11753749  0.99153969  
