0.99937527  0.016356855  -0.0075171836  0.0028838167  -0.0036393726  
-0.017581979  0.97159475  -0.23205407  -0.030121007  -0.0013806953  
0.0035911491  0.23219240  0.97173461  -0.0014333608  0.030052988  
-0.0030114881  0.028970067  -0.0078580839  0.99607219  0.078534588  
0.0037637208  -0.0078174966  -0.029043670  -0.078487352  0.99593777  
