0.99911111  0.0091811475  -0.016447506  -0.00017610857  -0.0019221146  
-0.010107772  0.99805387  -0.050344270  -0.015403195  0.00075226883  
0.015961282  0.050497024  0.99797441  0.00073247359  0.015375290  
0.00027596487  0.014809653  -0.0034250685  0.99081856  0.12846521  
0.0016547525  -0.0034028226  -0.014835168  -0.12828727  0.99085898  
