0.99904240  0.0046290402  0.012605235  0.015515192  -0.011222179  
-0.0047088933  0.99896693  0.025770857  -0.0073025276  0.00031234097  
-0.012379812  -0.025660733  0.99887394  6.5544247e-05  0.0073688134  
-0.015489063  0.0075690209  -0.00025213339  0.99912676  -0.0024245671  
0.011250650  -6.2992352e-06  -0.0074992477  0.0025483697  0.99929211  
