0.0000000   -1.0528012e-05  -0.00024055152  2.4451308e-05  0.00016802008  -3.7837195e-05  -8.8314826e-05  6.5849058e-05  6.9193162e-05  1.5561351e-05  
1.0528012e-05  0.0000000   -0.00016949654  0.00021971540  -0.00023254353  1.9053800e-05  -1.4604617e-06  -4.4846084e-06  -6.3316231e-07  3.5811920e-06  
0.00024055152  0.00016949654  0.0000000   -0.00012505903  0.00014916075  -6.5587693e-06  -9.8520978e-07  0.00012607559  2.4697497e-06  -4.3365376e-06  
-2.4451308e-05  -0.00021971540  0.00012505903  0.0000000   6.8019783e-06  2.6939431e-06  -0.00026606960  1.2480989e-05  4.7277030e-06  -2.3671173e-05  
-0.00016802008  0.00023254353  -0.00014916075  -6.8019783e-06  0.0000000   7.3876239e-05  0.00019681393  6.5715642e-05  -4.0512402e-06  -5.1900693e-06  
3.7837195e-05  -1.9053800e-05  6.5587693e-06  -2.6939431e-06  -7.3876239e-05  0.0000000   2.8100067e-06  -6.4208830e-06  -0.00022945323  -0.00023625908  
8.8314826e-05  1.4604617e-06  9.8520978e-07  0.00026606960  -0.00019681393  -2.8100067e-06  0.0000000   -9.4527210e-05  -1.7955764e-05  -0.00013648521  
-6.5849058e-05  4.4846084e-06  -0.00012607559  -1.2480989e-05  -6.5715642e-05  6.4208830e-06  9.4527210e-05  0.0000000   -4.6518751e-05  6.4817779e-07  
-6.9193162e-05  6.3316231e-07  -2.4697497e-06  -4.7277030e-06  4.0512402e-06  0.00022945323  1.7955764e-05  4.6518751e-05  0.0000000   0.00015311308  
-1.5561351e-05  -3.5811920e-06  4.3365376e-06  2.3671173e-05  5.1900693e-06  0.00023625908  0.00013648521  -6.4817779e-07  -0.00015311308  0.0000000   
