0.0000000   2.0393081e-05  0.00017737811  -2.1179901e-05  -0.00019422772  1.3707081e-05  9.7156673e-05  5.1655880e-05  9.9420908e-05  -2.5523748e-05  
-2.0393081e-05  0.0000000   0.00059244938  -0.00029852849  0.00053424949  -6.3729918e-07  -4.9022888e-07  0.00026528139  4.8392023e-07  -6.4427226e-07  
-0.00017737811  -0.00059244938  0.0000000   -0.0023581445  2.7844338e-08  0.00053166687  1.3043404e-06  -7.2910874e-07  0.00026398704  -2.4980235e-06  
2.1179901e-05  0.00029852849  0.0023581445  0.0000000   -7.3059704e-07  -1.2199477e-06  0.00053176030  -3.2199617e-08  2.5286987e-06  0.00026406334  
0.00019422772  -0.00053424949  -2.7844338e-08  7.3059704e-07  0.0000000   0.00058983163  -0.00029721255  0.0022993956  -1.4687929e-06  -2.7784629e-06  
-1.3707081e-05  6.3729918e-07  -0.00053166687  1.2199477e-06  -0.00058983163  0.0000000   -0.0023478114  -1.2765601e-06  0.0022883721  5.8253190e-07  
-9.7156673e-05  4.9022888e-07  -1.3043404e-06  -0.00053176030  0.00029721255  0.0023478114  0.0000000   -2.8056833e-06  -1.0188808e-07  0.0022889329  
-5.1655880e-05  -0.00026528139  7.2910874e-07  3.2199617e-08  -0.0022993956  1.2765601e-06  2.8056833e-06  0.0000000   0.00058992146  -0.00029726998  
-9.9420908e-05  -4.8392023e-07  -0.00026398704  -2.5286987e-06  1.4687929e-06  -0.0022883721  1.0188808e-07  -0.00058992146  0.0000000   -0.0023483275  
2.5523748e-05  6.4427226e-07  2.4980235e-06  -0.00026406334  2.7784629e-06  -5.8253190e-07  -0.0022889329  0.00029726998  0.0023483275  0.0000000   
