0.0000000   -1.6556871e-06  -0.00032915043  -4.5306495e-05  0.00010085651  -4.0136594e-05  -2.8016702e-05  1.2177593e-06  -9.4332808e-06  6.6627070e-06  
1.6556871e-06  0.0000000   -0.00010879429  9.3123084e-05  6.8039783e-05  0.00043696449  -2.4048051e-05  0.00011092168  -7.6994235e-06  -1.7075627e-06  
0.00032915043  0.00010879429  0.0000000   -0.00060719748  0.00063532746  2.4884385e-05  8.5949291e-05  -4.7894631e-05  -2.1314976e-05  -1.5239985e-05  
4.5306495e-05  -9.3123084e-05  0.00060719748  0.0000000   0.00039143267  0.0010631213  0.00034003511  0.00015994492  -0.00013678651  0.00015916661  
-0.00010085651  -6.8039783e-05  -0.00063532746  -0.00039143267  0.0000000   0.0025404816  -0.00057489946  0.00011287004  -8.1114915e-05  0.00011597928  
4.0136594e-05  -0.00043696449  -2.4884385e-05  -0.0010631213  -0.0025404816  0.0000000   3.6599653e-05  0.00035353882  0.00020558161  0.00011683795  
2.8016702e-05  2.4048051e-05  -8.5949291e-05  -0.00034003511  0.00057489946  -3.6599653e-05  0.0000000   6.4763126e-05  -0.00028649057  -7.1757866e-06  
-1.2177593e-06  -0.00011092168  4.7894631e-05  -0.00015994492  -0.00011287004  -0.00035353882  -6.4763126e-05  0.0000000   0.0011037864  0.0026254539  
9.4332808e-06  7.6994235e-06  2.1314976e-05  0.00013678651  8.1114915e-05  -0.00020558161  0.00028649057  -0.0011037864  0.0000000   -0.0012667141  
-6.6627070e-06  1.7075627e-06  1.5239985e-05  -0.00015916661  -0.00011597928  -0.00011683795  7.1757866e-06  -0.0026254539  0.0012667141  0.0000000   
