0.0000000   -4.8298132e-07  1.0247709e-05  8.7387702e-05  -2.5394116e-05  2.0441558e-05  2.5871882e-05  4.1938249e-05  3.0244372e-06  -8.4677035e-05  
4.8298132e-07  0.0000000   5.8712463e-05  -0.0012275231  -0.00028117223  -6.0699984e-05  0.00046131490  0.0010830218  0.00071483603  7.1418076e-05  
-1.0247709e-05  -5.8712463e-05  0.0000000   0.015639129  0.0087331871  -0.0027004173  -0.00043723182  -0.0015909320  0.00020688290  -0.0011460700  
-8.7387702e-05  0.0012275231  -0.015639129  0.0000000   0.0097694204  -0.00038578319  -0.0020440274  -0.0060281638  0.00081149082  -0.00088814705  
2.5394116e-05  0.00028117223  -0.0087331871  -0.0097694204  0.0000000   -0.0016677939  -0.00042189345  -0.0014088250  0.00047159013  -0.00012515948  
-2.0441558e-05  6.0699984e-05  0.0027004173  0.00038578319  0.0016677939  0.0000000   0.0069256930  -0.0030966142  -0.0048309321  -0.00030181418  
-2.5871882e-05  -0.00046131490  0.00043723182  0.0020440274  0.00042189345  -0.0069256930  0.0000000   0.0031363982  0.0012939138  -0.0047728955  
-4.1938249e-05  -0.0010830218  0.0015909320  0.0060281638  0.0014088250  0.0030966142  -0.0031363982  0.0000000   0.0020708004  0.0015482335  
-3.0244372e-06  -0.00071483603  -0.00020688290  -0.00081149082  -0.00047159013  0.0048309321  -0.0012939138  -0.0020708004  0.0000000   0.0033129573  
8.4677035e-05  -7.1418076e-05  0.0011460700  0.00088814705  0.00012515948  0.00030181418  0.0047728955  -0.0015482335  -0.0033129573  0.0000000   
