0.0000000   -2.7057605e-07  -0.00016424765  0.00012649984  0.00017065103  2.3898781e-05  2.0921214e-06  2.8194497e-05  2.3658863e-06  -2.3076716e-06  
2.7057605e-07  0.0000000   -5.7074971e-05  -2.3000086e-05  8.4019729e-05  -2.5555279e-09  -4.5358616e-08  1.2274485e-05  1.0907045e-07  3.7669227e-08  
0.00016424765  5.7074971e-05  0.0000000   0.010562046  -5.9536322e-08  7.5553883e-05  3.0079690e-06  -6.7586739e-07  1.1025709e-05  -1.9769480e-05  
-0.00012649984  2.3000086e-05  -0.010562046  0.0000000   -3.9431430e-07  -3.0237146e-06  7.5540761e-05  3.1967628e-07  1.9808480e-05  1.1021590e-05  
-0.00017065103  -8.4019729e-05  5.9536322e-08  3.9431430e-07  0.0000000   -5.4084877e-05  -2.1810013e-05  -1.7909236e-07  -1.8172956e-05  -7.3560724e-06  
-2.3898781e-05  2.5555279e-09  -7.5553883e-05  3.0237146e-06  5.4084877e-05  0.0000000   0.010010778  1.8267365e-05  -6.7862532e-07  0.0033655569  
-2.0921214e-06  4.5358616e-08  -3.0079690e-06  -7.5540761e-05  2.1810013e-05  -0.010010778  0.0000000   7.3362025e-06  -0.0033655605  -6.8118383e-07  
-2.8194497e-05  -1.2274485e-05  6.7586739e-07  -3.1967628e-07  1.7909236e-07  -1.8267365e-05  -7.3362025e-06  0.0000000   5.4103993e-05  2.1792810e-05  
-2.3658863e-06  -1.0907045e-07  -1.1025709e-05  -1.9808480e-05  1.8172956e-05  6.7862532e-07  0.0033655605  -5.4103993e-05  0.0000000   -0.010011371  
2.3076716e-06  -3.7669227e-08  1.9769480e-05  -1.1021590e-05  7.3560724e-06  -0.0033655569  6.8118383e-07  -2.1792810e-05  0.010011371  0.0000000   
