0.0000000   4.0503506e-06  -0.00023848937  5.7614578e-05  -0.00020576592  -2.3435838e-05  -7.1438284e-05  3.0381186e-05  -8.1173854e-05  2.6038216e-05  
-4.0503506e-06  0.0000000   0.00042547028  0.00010219286  -0.00031406399  1.2132960e-08  -1.0738159e-07  0.00025694599  -2.1453194e-08  8.4624829e-08  
0.00023848937  -0.00042547028  0.0000000   0.0010997445  8.5710140e-08  -0.00031368015  -9.5356906e-08  -4.6679845e-08  0.00025665946  5.5685253e-08  
-5.7614578e-05  -0.00010219286  -0.0010997445  0.0000000   -4.9414390e-08  3.7953969e-08  -0.00031361615  6.7718346e-08  -4.9128137e-09  0.00025660316  
0.00020576592  0.00031406399  -8.5710140e-08  4.9414390e-08  0.0000000   0.00042562733  0.00010219689  0.00018007576  5.6737340e-08  7.4944104e-08  
2.3435838e-05  -1.2132960e-08  0.00031368015  -3.7953969e-08  -0.00042562733  0.0000000   0.0011001139  -1.0492856e-07  0.00017986709  2.3581446e-07  
7.1438284e-05  1.0738159e-07  9.5356906e-08  0.00031361615  -0.00010219689  -0.0011001139  0.0000000   3.2550368e-08  -2.0363644e-07  0.00017983498  
-3.0381186e-05  -0.00025694599  4.6679845e-08  -6.7718346e-08  -0.00018007576  1.0492856e-07  -3.2550368e-08  0.0000000   0.00042554320  0.00010220011  
8.1173854e-05  2.1453194e-08  -0.00025665946  4.9128137e-09  -5.6737340e-08  -0.00017986709  2.0363644e-07  -0.00042554320  0.0000000   0.0010999335  
-2.6038216e-05  -8.4624829e-08  -5.5685253e-08  -0.00025660316  -7.4944104e-08  -2.3581446e-07  -0.00017983498  -0.00010220011  -0.0010999335  0.0000000   
