0.0000000   2.7728261e-05  -0.00018169065  -2.1927956e-05  0.00015691079  3.0901779e-05  -9.8059862e-05  -1.3765262e-05  1.4560097e-06  -9.0294193e-06  
-2.7728261e-05  0.0000000   -0.00029627367  -0.00069850525  -0.00055304962  0.00043589321  -3.5379535e-05  -0.00021521826  4.5222288e-05  -1.3719651e-05  
0.00018169065  0.00029627367  0.0000000   0.00034500167  -0.00019773400  -0.00030445150  0.00017444506  -5.0514585e-05  -2.0516198e-05  -4.1510901e-07  
2.1927956e-05  0.00069850525  -0.00034500167  0.0000000   6.9530230e-05  -0.00065051855  0.00034708494  -0.00012382075  -0.00042978719  4.4754225e-05  
-0.00015691079  0.00055304962  0.00019773400  -6.9530230e-05  0.0000000   0.0043789566  -0.00072654796  -0.00020788050  -0.00018404406  -0.00014887801  
-3.0901779e-05  -0.00043589321  0.00030445150  0.00065051855  -0.0043789566  0.0000000   -0.00034916506  0.00057432015  -0.00014852297  0.00017381519  
9.8059862e-05  3.5379535e-05  -0.00017444506  -0.00034708494  0.00072654796  0.00034916506  0.0000000   -3.6313536e-05  9.0683554e-05  0.00017592332  
1.3765262e-05  0.00021521826  5.0514585e-05  0.00012382075  0.00020788050  -0.00057432015  3.6313536e-05  0.0000000   0.0025216649  -9.2010499e-05  
-1.4560097e-06  -4.5222288e-05  2.0516198e-05  0.00042978719  0.00018404406  0.00014852297  -9.0683554e-05  -0.0025216649  0.0000000   -0.0072038346  
9.0294193e-06  1.3719651e-05  4.1510901e-07  -4.4754225e-05  0.00014887801  -0.00017381519  -0.00017592332  9.2010499e-05  0.0072038346  0.0000000   
