0.0000000   -5.7121239e-06  -0.00016151012  -7.3933942e-05  0.00037731284  1.8057213e-05  2.8445978e-05  0.00017215027  1.3242602e-05  3.2179905e-06  
5.7121239e-06  0.0000000   -0.00084388019  0.00016412497  8.0133823e-05  0.00022702961  -0.00010642519  -0.00061544814  5.5127887e-06  9.7763047e-05  
0.00016151012  0.00084388019  0.0000000   -9.7128817e-05  0.00052291546  0.00020777122  0.00028285758  0.00041027049  1.1730382e-05  0.00017668645  
7.3933942e-05  -0.00016412497  9.7128817e-05  0.0000000   0.00040728975  0.00039024423  -9.6708467e-05  0.00035712511  0.00013793409  9.6886055e-05  
-0.00037731284  -8.0133823e-05  -0.00052291546  -0.00040728975  0.0000000   -0.00027995371  0.00010564743  -0.00031518679  -0.00034181535  2.3138088e-05  
-1.8057213e-05  -0.00022702961  -0.00020777122  -0.00039024423  0.00027995371  0.0000000   -0.00014600365  0.00018742339  -0.00050810243  0.00023470363  
-2.8445978e-05  0.00010642519  -0.00028285758  9.6708467e-05  -0.00010564743  0.00014600365  0.0000000   0.00019173355  0.00020735060  0.00054706954  
-0.00017215027  0.00061544814  -0.00041027049  -0.00035712511  0.00031518679  -0.00018742339  -0.00019173355  0.0000000   0.00012786700  -0.00028536054  
-1.3242602e-05  -5.5127887e-06  -1.1730382e-05  -0.00013793409  0.00034181535  0.00050810243  -0.00020735060  -0.00012786700  0.0000000   -0.00024332128  
-3.2179905e-06  -9.7763047e-05  -0.00017668645  -9.6886055e-05  -2.3138088e-05  -0.00023470363  -0.00054706954  0.00028536054  0.00024332128  0.0000000   
