0.0000000   1.8312868e-06  -0.00022781324  0.00028016933  -0.00037571830  0.00010909042  0.00010460563  -4.6060165e-05  8.0452639e-05  -7.4712837e-05  
-1.8312868e-06  0.0000000   3.9314071e-05  -7.8980657e-05  -6.1013187e-05  1.6194722e-08  1.3209982e-08  -3.2542390e-05  1.0553432e-08  -4.1972356e-09  
0.00022781324  -3.9314071e-05  0.0000000   -0.00059288807  -7.4637804e-08  -6.0886891e-05  1.1820351e-08  3.4584359e-08  -3.2517251e-05  -2.1577977e-08  
-0.00028016933  7.8980657e-05  0.00059288807  0.0000000   -7.6824041e-08  -3.0289463e-08  -6.0870229e-05  -5.9698261e-08  2.2694817e-08  -3.2499837e-05  
0.00037571830  6.1013187e-05  7.4637804e-08  7.6824041e-08  0.0000000   3.9394852e-05  -7.9069770e-05  -0.00019968276  -6.9559847e-10  -3.5555109e-08  
-0.00010909042  -1.6194722e-08  6.0886891e-05  3.0289463e-08  -3.9394852e-05  0.0000000   -0.00059306527  -3.0650370e-09  -0.00019961383  -1.5488149e-08  
-0.00010460563  -1.3209982e-08  -1.1820351e-08  6.0870229e-05  7.9069770e-05  0.00059306527  0.0000000   -5.1582495e-09  3.2191497e-08  -0.00019956664  
4.6060165e-05  3.2542390e-05  -3.4584359e-08  5.9698261e-08  0.00019968276  3.0650370e-09  5.1582495e-09  0.0000000   3.9353853e-05  -7.9038604e-05  
-8.0452639e-05  -1.0553432e-08  3.2517251e-05  -2.2694817e-08  6.9559847e-10  0.00019961383  -3.2191497e-08  -3.9353853e-05  0.0000000   -0.00059309423  
7.4712837e-05  4.1972356e-09  2.1577977e-08  3.2499837e-05  3.5555109e-08  1.5488149e-08  0.00019956664  7.9038604e-05  0.00059309423  0.0000000   
