0.0000000   -5.5992706e-06  4.7761363e-05  -8.4212092e-05  -4.4484906e-05  3.3709494e-05  2.5179481e-05  -9.1195924e-05  -2.3652706e-05  1.0265214e-06  
5.5992706e-06  0.0000000   -0.00064048062  -2.9027148e-05  -0.00062420519  4.3818225e-08  -2.8112489e-07  0.00011720650  8.0962188e-08  5.6328900e-08  
-4.7761363e-05  0.00064048062  0.0000000   -0.00086687686  1.6552267e-08  -0.00062390019  -8.8797292e-08  -9.3910898e-08  0.00011713775  1.3613838e-07  
8.4212092e-05  2.9027148e-05  0.00086687686  0.0000000   -2.6788426e-07  -1.2441331e-07  -0.00062391433  7.8960198e-08  -8.0546835e-08  0.00011714285  
4.4484906e-05  0.00062420519  -1.6552267e-08  2.6788426e-07  0.0000000   -0.00064041782  -2.9028901e-05  0.00018009862  -1.1847882e-07  7.5105397e-08  
-3.3709494e-05  -4.3818225e-08  0.00062390019  1.2441331e-07  0.00064041782  0.0000000   -0.00086681303  8.8605216e-08  0.00017999936  -1.2128336e-07  
-2.5179481e-05  2.8112489e-07  8.8797292e-08  0.00062391433  2.9028901e-05  0.00086681303  0.0000000   8.7060651e-08  1.8324851e-07  0.00018000967  
9.1195924e-05  -0.00011720650  9.3910898e-08  -7.8960198e-08  -0.00018009862  -8.8605216e-08  -8.7060651e-08  0.0000000   -0.00064071523  -2.9042501e-05  
2.3652706e-05  -8.0962188e-08  -0.00011713775  8.0546835e-08  1.1847882e-07  -0.00017999936  -1.8324851e-07  0.00064071523  0.0000000   -0.00086722014  
-1.0265214e-06  -5.6328900e-08  -1.3613838e-07  -0.00011714285  -7.5105397e-08  1.2128336e-07  -0.00018000967  2.9042501e-05  0.00086722014  0.0000000   
