0.0000000   1.1206124e-05  1.0412029e-06  1.4546718e-05  -1.5149953e-06  5.0341051e-05  5.8328940e-05  -8.6605470e-06  5.5491153e-05  2.3971509e-05  
-1.1206124e-05  0.0000000   1.6886081e-05  -2.2200051e-05  -0.00034281630  2.7462737e-05  -4.1936579e-05  -7.0818406e-05  2.6271506e-05  -5.6367850e-05  
-1.0412029e-06  -1.6886081e-05  0.0000000   0.00051917135  -8.4271675e-05  5.1102458e-05  9.6922889e-05  0.0012872094  -9.8694293e-05  -0.00025962889  
-1.4546718e-05  2.2200051e-05  -0.00051917135  0.0000000   -0.00065683355  -6.3411672e-06  -0.00055956122  -3.0332389e-05  0.00044673156  -4.0229597e-05  
1.5149953e-06  0.00034281630  8.4271675e-05  0.00065683355  0.0000000   -3.5872013e-05  6.8346798e-05  0.0016015905  -8.4340711e-05  -0.00025558348  
-5.0341051e-05  -2.7462737e-05  -5.1102458e-05  6.3411672e-06  3.5872013e-05  0.0000000   3.9474599e-05  -0.00018062424  -0.00011327079  -7.1634125e-06  
-5.8328940e-05  4.1936579e-05  -9.6922889e-05  0.00055956122  -6.8346798e-05  -3.9474599e-05  0.0000000   0.0012620645  -5.7531358e-05  0.00017466879  
8.6605470e-06  7.0818406e-05  -0.0012872094  3.0332389e-05  -0.0016015905  0.00018062424  -0.0012620645  0.0000000   0.0011925719  -3.1730262e-05  
-5.5491153e-05  -2.6271506e-05  9.8694293e-05  -0.00044673156  8.4340711e-05  0.00011327079  5.7531358e-05  -0.0011925719  0.0000000   -0.00013667034  
-2.3971509e-05  5.6367850e-05  0.00025962889  4.0229597e-05  0.00025558348  7.1634125e-06  -0.00017466879  3.1730262e-05  0.00013667034  0.0000000   
