0.0000000   -4.8457025e-05  -0.00041741174  -1.9292533e-05  1.4588877e-05  6.0360391e-05  -0.00016640474  6.3735675e-06  -7.2309005e-06  7.5972379e-06  
4.8457025e-05  0.0000000   -2.0024617e-05  0.00029973450  -0.00046341842  4.0318651e-05  3.0317924e-06  -2.1106886e-05  -3.4147891e-05  2.4319330e-05  
0.00041741174  2.0024617e-05  0.0000000   -0.00036664761  -0.00022265969  0.00048148043  0.00049162708  -3.3407254e-05  6.9199174e-05  -3.5616118e-05  
1.9292533e-05  -0.00029973450  0.00036664761  0.0000000   -0.0023607333  -0.00077780815  0.00040712138  0.00032089933  -0.00021275550  -0.00023908401  
-1.4588877e-05  0.00046341842  0.00022265969  0.0023607333  0.0000000   -0.0038600664  0.00061170294  -0.00027171012  0.00020003977  -0.00014834027  
-6.0360391e-05  -4.0318651e-05  -0.00048148043  0.00077780815  0.0038600664  0.0000000   -0.0010375206  -2.3901269e-05  -2.8173071e-05  -9.9884834e-05  
0.00016640474  -3.0317924e-06  -0.00049162708  -0.00040712138  -0.00061170294  0.0010375206  0.0000000   0.00010077084  -9.8714556e-06  -0.00015732780  
-6.3735675e-06  2.1106886e-05  3.3407254e-05  -0.00032089933  0.00027171012  2.3901269e-05  -0.00010077084  0.0000000   -0.0015521348  0.00079729077  
7.2309005e-06  3.4147891e-05  -6.9199174e-05  0.00021275550  -0.00020003977  2.8173071e-05  9.8714556e-06  0.0015521348  0.0000000   0.0052145659  
-7.5972379e-06  -2.4319330e-05  3.5616118e-05  0.00023908401  0.00014834027  9.9884834e-05  0.00015732780  -0.00079729077  -0.0052145659  0.0000000   
