0.0000000   1.0114564e-05  7.0633589e-06  5.2449647e-05  -0.00018858274  -2.3960260e-05  -4.5345073e-05  6.6045211e-05  -4.0167959e-05  1.0032494e-05  
-1.0114564e-05  0.0000000   -0.00017412500  3.5206926e-05  0.00029076226  -0.00044205663  3.4984995e-05  9.8226473e-05  5.5330636e-06  9.3885968e-05  
-7.0633589e-06  0.00017412500  0.0000000   0.00019436564  -4.3424105e-05  -0.00035045893  -0.00060512493  0.00059562269  -0.00052299992  0.00037984892  
-5.2449647e-05  -3.5206926e-05  -0.00019436564  0.0000000   0.00011979360  0.00033562535  0.00024480137  -0.00010588359  0.00035750004  -8.3500112e-06  
0.00018858274  -0.00029076226  4.3424105e-05  -0.00011979360  0.0000000   -0.00054974711  -0.0018869641  -0.00026253962  -0.0016138469  0.00025532925  
2.3960260e-05  0.00044205663  0.00035045893  -0.00033562535  0.00054974711  0.0000000   0.00062484172  -0.00054724288  0.00049004991  0.00046546887  
4.5345073e-05  -3.4984995e-05  0.00060512493  -0.00024480137  0.0018869641  -0.00062484172  0.0000000   0.00044817714  -0.00011775726  0.00071580136  
-6.6045211e-05  -9.8226473e-05  -0.00059562269  0.00010588359  0.00026253962  0.00054724288  -0.00044817714  0.0000000   -0.00043724624  0.00035426549  
4.0167959e-05  -5.5330636e-06  0.00052299992  -0.00035750004  0.0016138469  -0.00049004991  0.00011775726  0.00043724624  0.0000000   0.00060901123  
-1.0032494e-05  -9.3885968e-05  -0.00037984892  8.3500112e-06  -0.00025532925  -0.00046546887  -0.00071580136  -0.00035426549  -0.00060901123  0.0000000   
