0.0000000   -2.6077101e-06  -5.3400925e-07  -1.1381902e-05  -2.5814198e-05  -2.2877527e-05  1.3365015e-05  -3.2718947e-06  -1.6444070e-05  -6.0355327e-06  
2.6077101e-06  0.0000000   0.00065892194  -9.4611748e-05  -2.2886151e-05  0.00067396808  -0.00070623658  -0.00063772943  -0.00080146803  -0.0014803264  
5.3400925e-07  -0.00065892194  0.0000000   -7.0993510e-06  -0.00016405799  0.00028302187  -0.00051266713  0.00093308037  -0.00053401488  -0.00079981690  
1.1381902e-05  9.4611748e-05  7.0993510e-06  0.0000000   0.00036317432  -0.00064303876  0.00020480022  -0.00011326247  -0.00010541846  -0.00015110295  
2.5814198e-05  2.2886151e-05  0.00016405799  -0.00036317432  0.0000000   -0.00016733379  -0.0010079595  1.3075066e-05  -0.0014245391  0.0011451189  
2.2877527e-05  -0.00067396808  -0.00028302187  0.00064303876  0.00016733379  0.0000000   -0.00042255344  0.00020844152  5.0804941e-05  0.00012941353  
-1.3365015e-05  0.00070623658  0.00051266713  -0.00020480022  0.0010079595  0.00042255344  0.0000000   -0.00010534162  -0.0015328798  0.0010584808  
3.2718947e-06  0.00063772943  -0.00093308037  0.00011326247  -1.3075066e-05  -0.00020844152  0.00010534162  0.0000000   9.0707418e-05  0.00060290873  
1.6444070e-05  0.00080146803  0.00053401488  0.00010541846  0.0014245391  -5.0804941e-05  0.0015328798  -9.0707418e-05  0.0000000   -0.00087414098  
6.0355327e-06  0.0014803264  0.00079981690  0.00015110295  -0.0011451189  -0.00012941353  -0.0010584808  -0.00060290873  0.00087414098  0.0000000   
