0.0000000   -1.7288308e-05  -1.0034497e-05  -4.4099814e-05  1.3435177e-05  -7.0586004e-05  -2.9993678e-05  9.4872543e-05  4.2843583e-05  8.3245673e-05  
1.7288308e-05  0.0000000   1.6758026e-05  0.00012968729  -5.3050983e-05  -4.7379390e-05  -4.2402938e-05  0.00010937534  -7.3258673e-05  -0.00011971085  
1.0034497e-05  -1.6758026e-05  0.0000000   0.0011452689  0.00041354770  -9.9615342e-05  -0.00033952343  0.00035877868  -0.00011435919  -9.2116382e-05  
4.4099814e-05  -0.00012968729  -0.0011452689  0.0000000   -0.00030119850  0.00021822760  0.00026052670  -5.0850491e-05  -0.00017319658  0.00019341010  
-1.3435177e-05  5.3050983e-05  -0.00041354770  0.00030119850  0.0000000   3.8677849e-05  0.00048306464  0.00010417594  0.00036654088  4.1667234e-05  
7.0586004e-05  4.7379390e-05  9.9615342e-05  -0.00021822760  -3.8677849e-05  0.0000000   0.00026748012  0.00019162321  -0.00025460282  -0.00041147763  
2.9993678e-05  4.2402938e-05  0.00033952343  -0.00026052670  -0.00048306464  -0.00026748012  0.0000000   -1.2539861e-05  0.00016214686  5.4163101e-05  
-9.4872543e-05  -0.00010937534  -0.00035877868  5.0850491e-05  -0.00010417594  -0.00019162321  1.2539861e-05  0.0000000   -9.7018074e-05  0.00016692970  
-4.2843583e-05  7.3258673e-05  0.00011435919  0.00017319658  -0.00036654088  0.00025460282  -0.00016214686  9.7018074e-05  0.0000000   -0.00014443209  
-8.3245673e-05  0.00011971085  9.2116382e-05  -0.00019341010  -4.1667234e-05  0.00041147763  -5.4163101e-05  -0.00016692970  0.00014443209  0.0000000   
