0.0000000   -4.3193861e-05  -0.00033048255  4.7894332e-06  1.0239970e-05  -4.5911134e-05  -0.00017327732  -4.0206573e-06  1.9626414e-06  -1.2261976e-05  
4.3193861e-05  0.0000000   0.00070666260  -0.00028539327  -2.9787044e-05  0.00025567377  2.2799348e-05  1.0494595e-05  -4.6973376e-05  -3.7997282e-05  
0.00033048255  -0.00070666260  0.0000000   -0.00019691484  0.00017248669  -4.4472469e-05  0.00021505564  -7.6235146e-05  6.9091344e-05  3.3804864e-05  
-4.7894332e-06  0.00028539327  0.00019691484  0.0000000   0.00014569706  0.0011646501  0.00045711571  9.3614065e-05  -1.4058634e-05  -9.1997969e-05  
-1.0239970e-05  2.9787044e-05  -0.00017248669  -0.00014569706  0.0000000   0.0076767111  -0.00076772659  3.4728539e-05  -0.00014641535  -3.5482952e-05  
4.5911134e-05  -0.00025567377  4.4472469e-05  -0.0011646501  -0.0076767111  0.0000000   0.00051981649  2.1427515e-07  -0.00013524693  -7.2128004e-05  
0.00017327732  -2.2799348e-05  -0.00021505564  -0.00045711571  0.00076772659  -0.00051981649  0.0000000   4.3805964e-05  2.5604915e-05  -8.9224269e-05  
4.0206573e-06  -1.0494595e-05  7.6235146e-05  -9.3614065e-05  -3.4728539e-05  -2.1427515e-07  -4.3805964e-05  0.0000000   -0.00070149805  -0.0013079440  
-1.9626414e-06  4.6973376e-05  -6.9091344e-05  1.4058634e-05  0.00014641535  0.00013524693  -2.5604915e-05  0.00070149805  0.0000000   -0.010655315  
1.2261976e-05  3.7997282e-05  -3.3804864e-05  9.1997969e-05  3.5482952e-05  7.2128004e-05  8.9224269e-05  0.0013079440  0.010655315  0.0000000   
