0.0000000   3.1477461e-06  8.3920259e-05  4.1066464e-05  2.3925996e-05  9.8453221e-05  -0.00016944723  -3.0860789e-05  2.5474069e-06  7.8825688e-06  
-3.1477461e-06  0.0000000   9.7664485e-05  0.00011332026  -0.00019463203  0.00010530426  -3.7328616e-06  -1.8702606e-05  -0.0020818816  -3.8820422e-05  
-8.3920259e-05  -9.7664485e-05  0.0000000   -0.0019223572  0.0031074698  -1.2202321e-05  0.0016218578  0.00047090686  -9.9340849e-05  0.00051953471  
-4.1066464e-05  -0.00011332026  0.0019223572  0.0000000   -1.8755245e-05  -0.00063099558  -0.00019196226  0.00012353421  7.1499199e-05  -4.6740294e-05  
-2.3925996e-05  0.00019463203  -0.0031074698  1.8755245e-05  0.0000000   0.0028532320  -8.7771115e-05  8.8341057e-05  -0.00029467098  3.3796002e-06  
-9.8453221e-05  -0.00010530426  1.2202321e-05  0.00063099558  -0.0028532320  0.0000000   0.0021926086  0.00083266441  5.5751284e-05  0.00064555959  
0.00016944723  3.7328616e-06  -0.0016218578  0.00019196226  8.7771115e-05  -0.0021926086  0.0000000   -1.5546916e-05  3.0116317e-05  2.0154924e-05  
3.0860789e-05  1.8702606e-05  -0.00047090686  -0.00012353421  -8.8341057e-05  -0.00083266441  1.5546916e-05  0.0000000   -0.00040684964  0.00010040179  
-2.5474069e-06  0.0020818816  9.9340849e-05  -7.1499199e-05  0.00029467098  -5.5751284e-05  -3.0116317e-05  0.00040684964  0.0000000   -3.2210530e-05  
-7.8825688e-06  3.8820422e-05  -0.00051953471  4.6740294e-05  -3.3796002e-06  -0.00064555959  -2.0154924e-05  -0.00010040179  3.2210530e-05  0.0000000   
