0.0000000   5.4250805e-06  -0.00020120485  -1.6266358e-06  5.1529348e-06  -1.2375940e-05  -2.6644449e-05  1.2224906e-05  -1.2275071e-05  -4.1254150e-06  
-5.4250805e-06  0.0000000   -0.00011593451  0.00058698799  0.00019825660  -4.6833187e-05  -1.2190543e-05  -5.9085154e-05  4.1411212e-05  5.6427683e-06  
0.00020120485  0.00011593451  0.0000000   3.7179990e-05  6.7532357e-05  5.4905477e-06  0.00051533083  1.7605133e-05  -3.4658339e-05  4.0105235e-05  
1.6266358e-06  -0.00058698799  -3.7179990e-05  0.0000000   0.00055671815  0.00015331423  8.8970272e-06  0.00025809323  0.00025893828  2.2615116e-05  
-5.1529348e-06  -0.00019825660  -6.7532357e-05  -0.00055671815  0.0000000   -0.00079323746  -0.00019226371  6.1623824e-05  6.9208506e-05  -8.8632267e-05  
1.2375940e-05  4.6833187e-05  -5.4905477e-06  -0.00015331423  0.00079323746  0.0000000   0.00013112433  -1.3719385e-05  -5.9414543e-05  -0.00028088394  
2.6644449e-05  1.2190543e-05  -0.00051533083  -8.8970272e-06  0.00019226371  -0.00013112433  0.0000000   1.8395916e-05  6.1759410e-05  0.00015973463  
-1.2224906e-05  5.9085154e-05  -1.7605133e-05  -0.00025809323  -6.1623824e-05  1.3719385e-05  -1.8395916e-05  0.0000000   0.0020098503  -0.00037712128  
1.2275071e-05  -4.1411212e-05  3.4658339e-05  -0.00025893828  -6.9208506e-05  5.9414543e-05  -6.1759410e-05  -0.0020098503  0.0000000   0.0028762005  
4.1254150e-06  -5.6427683e-06  -4.0105235e-05  -2.2615116e-05  8.8632267e-05  0.00028088394  -0.00015973463  0.00037712128  -0.0028762005  0.0000000   
