0.0000000   4.5745452e-06  -8.5024880e-06  -5.6897941e-07  4.7938034e-07  6.9797972e-06  -0.00027589169  -3.2110099e-05  1.2752823e-06  -3.6021218e-05  
-4.5745452e-06  0.0000000   0.00079863006  -0.00091482458  -0.00012881590  -0.00047223691  1.2587722e-06  -0.00024211237  -1.9125401e-05  -8.3880099e-05  
8.5024880e-06  -0.00079863006  0.0000000   -0.00080206517  0.00014727702  -0.00013661826  3.6572496e-05  -0.0042968073  -9.0238027e-05  -0.00040947711  
5.6897941e-07  0.00091482458  0.00080206517  0.0000000   -7.0440292e-05  0.00045387345  8.2510069e-05  0.0011952595  0.00011170303  -0.00029953123  
-4.7938034e-07  0.00012881590  -0.00014727702  7.0440292e-05  0.0000000   0.00048265677  -3.2487880e-05  0.0058902648  0.00011664534  0.00043757546  
-6.9797972e-06  0.00047223691  0.00013661826  -0.00045387345  -0.00048265677  0.0000000   7.2335830e-05  -0.00027113023  2.1717833e-05  -0.00029058428  
0.00027589169  -1.2587722e-06  -3.6572496e-05  -8.2510069e-05  3.2487880e-05  -7.2335830e-05  0.0000000   -0.00010919722  0.00029772667  1.8355551e-05  
3.2110099e-05  0.00024211237  0.0042968073  -0.0011952595  -0.0058902648  0.00027113023  0.00010919722  0.0000000   0.00010832974  0.00017183683  
-1.2752823e-06  1.9125401e-05  9.0238027e-05  -0.00011170303  -0.00011664534  -2.1717833e-05  -0.00029772667  -0.00010832974  0.0000000   -6.7239954e-05  
3.6021218e-05  8.3880099e-05  0.00040947711  0.00029953123  -0.00043757546  0.00029058428  -1.8355551e-05  -0.00017183683  6.7239954e-05  0.0000000   
