0.0000000   3.8609217e-05  2.2883660e-05  -4.8016835e-05  2.5861661e-05  1.0721128e-05  0.00022628556  9.7183860e-06  -6.6498871e-05  -3.2256034e-06  
-3.8609217e-05  0.0000000   -2.4463323e-05  7.8882973e-05  -2.6912008e-05  0.00011230409  0.00098053375  -0.00026358673  0.00060935969  -0.00017486992  
-2.2883660e-05  2.4463323e-05  0.0000000   -0.0033204547  -0.00013554268  -0.00017149899  -0.0010134808  -9.6832822e-05  0.0017490812  -4.1238097e-05  
4.8016835e-05  -7.8882973e-05  0.0033204547  0.0000000   -0.0030016418  0.00028844667  -0.00023871294  0.00092419350  -0.00011124152  0.00014983160  
-2.5861661e-05  2.6912008e-05  0.00013554268  0.0030016418  0.0000000   -6.5271889e-05  -0.00095572286  5.3115920e-06  0.0018860231  -6.8700532e-06  
-1.0721128e-05  -0.00011230409  0.00017149899  -0.00028844667  6.5271889e-05  0.0000000   -0.0051617386  0.0013226472  -0.0058191839  7.2985924e-05  
-0.00022628556  -0.00098053375  0.0010134808  0.00023871294  0.00095572286  0.0051617386  0.0000000   -2.5781997e-05  -0.00020432571  -0.012511342  
-9.7183860e-06  0.00026358673  9.6832822e-05  -0.00092419350  -5.3115920e-06  -0.0013226472  2.5781997e-05  0.0000000   -3.4526640e-05  -0.00034867440  
6.6498871e-05  -0.00060935969  -0.0017490812  0.00011124152  -0.0018860231  0.0058191839  0.00020432571  3.4526640e-05  0.0000000   -0.014026211  
3.2256034e-06  0.00017486992  4.1238097e-05  -0.00014983160  6.8700532e-06  -7.2985924e-05  0.012511342  0.00034867440  0.014026211  0.0000000   
