0.0000000   -4.3773984e-05  -0.00017315944  1.7640845e-05  -0.00010908201  -0.00013341709  2.0062077e-05  1.4995881e-05  -1.8626746e-05  7.6671041e-06  
4.3773984e-05  0.0000000   -0.0015081358  -0.00026783773  0.00038682750  0.00010286510  -0.00079851807  -0.0086006419  0.00092217689  -0.0039683609  
0.00017315944  0.0015081358  0.0000000   0.0090345198  -0.0057805068  -0.021329793  0.00026925174  -0.00022441595  -0.00035476844  -0.00012414865  
-1.7640845e-05  0.00026783773  -0.0090345198  0.0000000   -0.00029266015  0.0015074440  -2.9052564e-07  0.00044586910  0.00014636764  0.00038050098  
0.00010908201  -0.00038682750  0.0057805068  0.00029266015  0.0000000   -0.0019251058  -0.0021499592  -0.0011986117  0.0022729669  -0.00042303301  
0.00013341709  -0.00010286510  0.021329793  -0.0015074440  0.0019251058  0.0000000   -0.00025297197  0.00021427213  -4.3465992e-05  -0.00024535615  
-2.0062077e-05  0.00079851807  -0.00026925174  2.9052564e-07  0.0021499592  0.00025297197  0.0000000   0.00044246234  -1.9117627e-05  0.00080983121  
-1.4995881e-05  0.0086006419  0.00022441595  -0.00044586910  0.0011986117  -0.00021427213  -0.00044246234  0.0000000   0.0010145924  8.5219803e-05  
1.8626746e-05  -0.00092217689  0.00035476844  -0.00014636764  -0.0022729669  4.3465992e-05  1.9117627e-05  -0.0010145924  0.0000000   6.0231605e-05  
-7.6671041e-06  0.0039683609  0.00012414865  -0.00038050098  0.00042303301  0.00024535615  -0.00080983121  -8.5219803e-05  -6.0231605e-05  0.0000000   
