0.0000000   4.0997359e-06  -0.00015174029  1.1510306e-05  5.0168744e-05  -5.7822520e-05  -5.9515177e-05  5.1583478e-06  -1.4670757e-05  1.4540905e-05  
-4.0997359e-06  0.0000000   -0.00020893627  -0.00035086850  0.00031632561  0.00015084715  -2.2377141e-05  -0.00010483047  7.6438756e-06  3.0871049e-05  
0.00015174029  0.00020893627  0.0000000   -0.00016999061  -0.00016953558  0.00019928697  -0.00028272141  8.2170263e-05  -1.0339323e-05  8.2875929e-06  
-1.1510306e-05  0.00035086850  0.00016999061  0.0000000   -0.00095247705  -0.00088416749  -0.00024730825  -0.00011240309  0.00014742439  -7.8538675e-05  
-5.0168744e-05  -0.00031632561  0.00016953558  0.00095247705  0.0000000   -0.0034455699  -0.00021382148  0.00038104203  4.5415825e-06  -2.7491464e-05  
5.7822520e-05  -0.00015084715  -0.00019928697  0.00088416749  0.0034455699  0.0000000   0.00025546451  0.00027601357  9.2913678e-05  -2.0911498e-05  
5.9515177e-05  2.2377141e-05  0.00028272141  0.00024730825  0.00021382148  -0.00025546451  0.0000000   0.00013803693  -0.00016545661  -0.00011508275  
-5.1583478e-06  0.00010483047  -8.2170263e-05  0.00011240309  -0.00038104203  -0.00027601357  -0.00013803693  0.0000000   -0.0014576489  0.00031415296  
1.4670757e-05  -7.6438756e-06  1.0339323e-05  -0.00014742439  -4.5415825e-06  -9.2913678e-05  0.00016545661  0.0014576489  0.0000000   0.0027267094  
-1.4540905e-05  -3.0871049e-05  -8.2875929e-06  7.8538675e-05  2.7491464e-05  2.0911498e-05  0.00011508275  -0.00031415296  -0.0027267094  0.0000000   
