0.0000000   -2.2872950e-05  0.00037707709  -2.9929957e-05  -0.00034263722  3.9158636e-05  0.00027302259  7.2058648e-05  0.00024105876  -4.7678124e-05  
2.2872950e-05  0.0000000   0.00043022361  -0.00034681395  0.00029366120  5.1549741e-07  1.5189720e-07  0.00049872372  4.0468883e-07  7.0161540e-07  
-0.00037707709  -0.00043022361  0.0000000   0.0032860231  7.1084819e-08  0.00029105597  1.9171539e-06  3.7617367e-07  0.00049368568  -6.5005773e-07  
2.9929957e-05  0.00034681395  -0.0032860231  0.0000000   2.5348909e-07  -1.8338853e-06  0.00029100681  6.4610083e-07  8.9442657e-07  0.00049378911  
0.00034263722  -0.00029366120  -7.1084819e-08  -2.5348909e-07  0.0000000   0.00042945474  -0.00034639069  -0.0014751708  -1.3793052e-06  -1.6328500e-06  
-3.9158636e-05  -5.1549741e-07  -0.00029105597  1.8338853e-06  -0.00042945474  0.0000000   0.0032817755  -1.3508339e-06  -0.0014613529  -1.2853174e-06  
-0.00027302259  -1.5189720e-07  -1.9171539e-06  -0.00029100681  0.00034639069  -0.0032817755  0.0000000   -2.1132080e-06  7.7677755e-07  -0.0014609382  
-7.2058648e-05  -0.00049872372  -3.7617367e-07  -6.4610083e-07  0.0014751708  1.3508339e-06  2.1132080e-06  0.0000000   0.00042973071  -0.00034640424  
-0.00024105876  -4.0468883e-07  -0.00049368568  -8.9442657e-07  1.3793052e-06  0.0014613529  -7.7677755e-07  -0.00042973071  0.0000000   0.0032817389  
4.7678124e-05  -7.0161540e-07  6.5005773e-07  -0.00049378911  1.6328500e-06  1.2853174e-06  0.0014609382  0.00034640424  -0.0032817389  0.0000000   
