0.0000000   2.3520060e-05  0.00011462232  2.0266104e-05  8.5007377e-05  -6.5393982e-05  -2.5106450e-05  -2.2480385e-06  2.9794439e-05  -1.0560175e-05  
-2.3520060e-05  0.0000000   0.00025031555  -0.00031920679  -6.0111252e-05  0.00031330989  -0.0012116481  0.0010665179  0.00011555801  -0.0022671774  
-0.00011462232  -0.00025031555  0.0000000   -0.0022504487  -3.1862131e-05  -0.00052100760  -0.0010203472  0.00023164230  0.00049916229  -0.00040198526  
-2.0266104e-05  0.00031920679  0.0022504487  0.0000000   -0.013047563  -0.0056248303  -0.00024883393  6.9430813e-05  -6.2850986e-05  4.1595229e-05  
-8.5007377e-05  6.0111252e-05  3.1862131e-05  0.013047563  0.0000000   0.00012016205  0.00066020657  -0.00062534130  0.0016538842  -0.0012948417  
6.5393982e-05  -0.00031330989  0.00052100760  0.0056248303  -0.00012016205  0.0000000   0.00087608120  -0.00052697671  0.00037313948  0.00014991178  
2.5106450e-05  0.0012116481  0.0010203472  0.00024883393  -0.00066020657  -0.00087608120  0.0000000   -9.4445639e-05  0.00038307336  0.00062036552  
2.2480385e-06  -0.0010665179  -0.00023164230  -6.9430813e-05  0.00062534130  0.00052697671  9.4445639e-05  0.0000000   -0.00049142888  0.00024826941  
-2.9794439e-05  -0.00011555801  -0.00049916229  6.2850986e-05  -0.0016538842  -0.00037313948  -0.00038307336  0.00049142888  0.0000000   -0.00055705504  
1.0560175e-05  0.0022671774  0.00040198526  -4.1595229e-05  0.0012948417  -0.00014991178  -0.00062036552  -0.00024826941  0.00055705504  0.0000000   
