0.0000000   -6.2418760e-05  -7.9840991e-05  -9.6243014e-05  -3.9929369e-05  1.0783075e-05  -3.4565872e-05  8.5326413e-05  -4.8298972e-05  1.2189027e-05  
6.2418760e-05  0.0000000   -0.00077667695  0.00013847507  0.00073224290  1.7222543e-07  1.3106267e-06  -6.3247750e-05  -1.0218216e-06  6.9080444e-08  
7.9840991e-05  0.00077667695  0.0000000   -0.0027555707  3.5620522e-07  0.00072745362  -2.8834765e-07  9.4594791e-07  -6.2821952e-05  -3.5310046e-06  
9.6243014e-05  -0.00013847507  0.0027555707  0.0000000   1.2554690e-06  3.8075134e-07  0.00072754832  -2.8422200e-07  3.5106610e-06  -6.2827276e-05  
3.9929369e-05  -0.00073224290  -3.5620522e-07  -1.2554690e-06  0.0000000   -0.00077420962  0.00013802939  0.0019136468  6.4495106e-07  3.4004007e-06  
-1.0783075e-05  -1.7222543e-07  -0.00072745362  -3.8075134e-07  0.00077420962  0.0000000   -0.0027468836  7.6119835e-07  0.0019011317  -1.0167825e-07  
3.4565872e-05  -1.3106267e-06  2.8834765e-07  -0.00072754832  -0.00013802939  0.0027468836  0.0000000   3.3701744e-06  3.3426426e-07  0.0019013996  
-8.5326413e-05  6.3247750e-05  -9.4594791e-07  2.8422200e-07  -0.0019136468  -7.6119835e-07  -3.3701744e-06  0.0000000   -0.00077467628  0.00013810435  
4.8298972e-05  1.0218216e-06  6.2821952e-05  -3.5106610e-06  -6.4495106e-07  -0.0019011317  -3.3426426e-07  0.00077467628  0.0000000   -0.0027485856  
-1.2189027e-05  -6.9080444e-08  3.5310046e-06  6.2827276e-05  -3.4004007e-06  1.0167825e-07  -0.0019013996  -0.00013810435  0.0027485856  0.0000000   
