0.0000000   2.2484376e-05  9.4836298e-05  -0.00016619387  -1.2510636e-05  9.5370017e-05  -3.7974687e-05  -4.2667325e-05  -8.7945439e-06  -3.0810398e-06  
-2.2484376e-05  0.0000000   9.6754035e-05  0.00052563111  4.9579597e-05  -6.1774921e-05  -0.0040361843  -0.0042084278  0.0010812488  9.7460605e-05  
-9.4836298e-05  -9.6754035e-05  0.0000000   0.017464125  0.0015355988  -0.0082891285  -0.00018533036  0.00038352334  -4.8250005e-05  2.0513209e-05  
0.00016619387  -0.00052563111  -0.017464125  0.0000000   0.00043034348  -0.00010914995  -0.00010005618  0.00013058402  5.6178312e-05  -0.00013304266  
1.2510636e-05  -4.9579597e-05  -0.0015355988  -0.00043034348  0.0000000   0.00018726823  1.3499747e-06  0.00014632289  8.0679991e-05  -5.4033578e-05  
-9.5370017e-05  6.1774921e-05  0.0082891285  0.00010914995  -0.00018726823  0.0000000   0.00033294139  0.00016660056  0.00010141638  -0.00036721391  
3.7974687e-05  0.0040361843  0.00018533036  0.00010005618  -1.3499747e-06  -0.00033294139  0.0000000   -2.9682558e-05  0.00039506365  -0.0016297289  
4.2667325e-05  0.0042084278  -0.00038352334  -0.00013058402  -0.00014632289  -0.00016660056  2.9682558e-05  0.0000000   0.00067124872  -0.0045404460  
8.7945439e-06  -0.0010812488  4.8250005e-05  -5.6178312e-05  -8.0679991e-05  -0.00010141638  -0.00039506365  -0.00067124872  0.0000000   0.022590545  
3.0810398e-06  -9.7460605e-05  -2.0513209e-05  0.00013304266  5.4033578e-05  0.00036721391  0.0016297289  0.0045404460  -0.022590545  0.0000000   
