0.0000000   2.5446931e-06  -3.0892542e-05  5.7709530e-05  4.3191552e-05  3.0642668e-05  7.9707768e-05  7.5812122e-05  6.0114244e-05  -2.5635290e-05  
-2.5446931e-06  0.0000000   -0.00029138475  0.00025898358  -0.00039659687  2.1253575e-07  1.5721711e-07  -0.00010262804  -1.2160150e-07  1.9732780e-07  
3.0892542e-05  0.00029138475  0.0000000   0.0022552393  1.1930901e-07  -0.00039484104  -4.2566675e-07  1.9916896e-07  -0.00010217076  1.2368985e-06  
-5.7709530e-05  -0.00025898358  -0.0022552393  0.0000000   2.3933122e-07  3.4386819e-07  -0.00039483654  -8.7197394e-08  -1.2565883e-06  -0.00010217353  
-4.3191552e-05  0.00039659687  -1.1930901e-07  -2.3933122e-07  0.0000000   -0.00029075340  0.00025844506  -0.0015887517  6.7489056e-07  8.1110803e-07  
-3.0642668e-05  -2.1253575e-07  0.00039484104  -3.4386819e-07  0.00029075340  0.0000000   0.0022503998  6.5078891e-07  -0.0015817360  -2.0846602e-07  
-7.9707768e-05  -1.5721711e-07  4.2566675e-07  0.00039483654  -0.00025844506  -0.0022503998  0.0000000   8.3277583e-07  -1.2735070e-07  -0.0015817305  
-7.5812122e-05  0.00010262804  -1.9916896e-07  8.7197394e-08  0.0015887517  -6.5078891e-07  -8.3277583e-07  0.0000000   -0.00029081560  0.00025847010  
-6.0114244e-05  1.2160150e-07  0.00010217076  1.2565883e-06  -6.7489056e-07  0.0015817360  1.2735070e-07  0.00029081560  0.0000000   0.0022507802  
2.5635290e-05  -1.9732780e-07  -1.2368985e-06  0.00010217353  -8.1110803e-07  2.0846602e-07  0.0015817305  -0.00025847010  -0.0022507802  0.0000000   
