0.0000000   -1.9471294e-05  -0.00013750689  3.1477110e-06  -0.00012688308  7.3677348e-06  -0.00010043812  2.6698217e-05  -9.5080387e-05  1.0969440e-05  
1.9471294e-05  0.0000000   6.0893581e-05  6.7352453e-05  -0.00016307942  1.0302443e-09  -3.2591505e-09  7.7996757e-05  2.4870362e-09  4.8915612e-09  
0.00013750689  -6.0893581e-05  0.0000000   0.00019191705  -2.7473503e-09  -0.00016302984  7.0463480e-09  2.8100911e-09  7.7973354e-05  4.7644096e-09  
-3.1477110e-06  -6.7352453e-05  -0.00019191705  0.0000000   -2.4746921e-09  -1.6308723e-08  -0.00016305015  -1.3884873e-09  5.5393208e-10  7.7984572e-05  
0.00012688308  0.00016307942  2.7473503e-09  2.4746921e-09  0.0000000   6.0912386e-05  6.7364524e-05  -0.00026317007  -1.3515614e-08  -1.7847906e-08  
-7.3677348e-06  -1.0302443e-09  0.00016302984  1.6308723e-08  -6.0912386e-05  0.0000000   0.00019194933  -1.0705583e-09  -0.00026311384  -1.7605560e-08  
0.00010043812  3.2591505e-09  -7.0463480e-09  0.00016305015  -6.7364524e-05  -0.00019194933  0.0000000   -3.1743765e-09  -5.0628193e-09  -0.00026314135  
-2.6698217e-05  -7.7996757e-05  -2.8100911e-09  1.3884873e-09  0.00026317007  1.0705583e-09  3.1743765e-09  0.0000000   6.0894955e-05  6.7356876e-05  
9.5080387e-05  -2.4870362e-09  -7.7973354e-05  -5.5393208e-10  1.3515614e-08  0.00026311384  5.0628193e-09  -6.0894955e-05  0.0000000   0.00019192612  
-1.0969440e-05  -4.8915612e-09  -4.7644096e-09  -7.7984572e-05  1.7847906e-08  1.7605560e-08  0.00026314135  -6.7356876e-05  -0.00019192612  0.0000000   
