0.0000000   6.7731038e-05  -6.4131230e-05  1.5803352e-05  -8.8684779e-05  -1.4272316e-05  -1.6813350e-05  -5.5090699e-06  -1.9623754e-05  1.3716071e-05  
-6.7731038e-05  0.0000000   2.4631605e-05  0.00014935577  2.3722228e-05  -1.7427639e-08  3.4573984e-08  6.6916754e-06  -2.9799698e-09  -5.7043667e-09  
6.4131230e-05  -2.4631605e-05  0.0000000   0.0066968368  -1.7170478e-08  2.2780767e-05  9.2414432e-07  5.7505894e-09  6.4345079e-06  -8.7986058e-07  
-1.5803352e-05  -0.00014935577  -0.0066968368  0.0000000   2.4524148e-08  -9.2654447e-07  2.2775551e-05  2.1418694e-08  8.7387355e-07  6.4301155e-06  
8.8684779e-05  -2.3722228e-05  1.7170478e-08  -2.4524148e-08  0.0000000   2.4529815e-05  0.00014875454  -0.0021067805  1.6500499e-06  -4.9925954e-07  
1.4272316e-05  1.7427639e-08  -2.2780767e-05  9.2654447e-07  -2.4529815e-05  0.0000000   0.0066714812  1.6565168e-06  -0.0020240018  -1.7822334e-07  
1.6813350e-05  -3.4573984e-08  -9.2414432e-07  -2.2775551e-05  -0.00014875454  -0.0066714812  0.0000000   -4.6356059e-07  4.7107676e-07  -0.0020232119  
5.5090699e-06  -6.6916754e-06  -5.7505894e-09  -2.1418694e-08  0.0021067805  -1.6565168e-06  4.6356059e-07  0.0000000   2.4527833e-05  0.00014880234  
1.9623754e-05  2.9799698e-09  -6.4345079e-06  -8.7387355e-07  -1.6500499e-06  0.0020240018  -4.7107676e-07  -2.4527833e-05  0.0000000   0.0066732708  
-1.3716071e-05  5.7043667e-09  8.7986058e-07  -6.4301155e-06  4.9925954e-07  1.7822334e-07  0.0020232119  -0.00014880234  -0.0066732708  0.0000000   
