0.0000000   2.0190607e-05  3.3087545e-06  5.0166813e-05  -6.5295845e-05  -5.5815228e-05  6.0693209e-06  -0.00010359505  1.6662587e-05  -1.0426817e-05  
-2.0190607e-05  0.0000000   9.9699168e-05  -0.00026079864  -0.00013330991  0.0085147597  -0.00010667508  5.1905612e-05  0.00013603336  4.3947654e-06  
-3.3087545e-06  -9.9699168e-05  0.0000000   -0.00057958311  0.023783161  -4.9559805e-05  -9.8896475e-05  0.0017460959  -0.00043873759  0.00051270169  
-5.0166813e-05  0.00026079864  0.00057958311  0.0000000   0.00013422564  0.00016660825  2.2461557e-05  -0.00021537173  -0.0015578653  0.00021840669  
6.5295845e-05  0.00013330991  -0.023783161  -0.00013422564  0.0000000   0.00030217777  -0.00024935835  -0.00026727936  0.00020192792  1.9136640e-05  
5.5815228e-05  -0.0085147597  4.9559805e-05  -0.00016660825  -0.00030217777  0.0000000   0.00063623623  -0.00054455491  0.00032841713  0.015944002  
-6.0693209e-06  0.00010667508  9.8896475e-05  -2.2461557e-05  0.00024935835  -0.00063623623  0.0000000   2.2389071e-05  -2.1517425e-05  -0.00018114805  
0.00010359505  -5.1905612e-05  -0.0017460959  0.00021537173  0.00026727936  0.00054455491  -2.2389071e-05  0.0000000   0.0012651169  1.2943526e-05  
-1.6662587e-05  -0.00013603336  0.00043873759  0.0015578653  -0.00020192792  -0.00032841713  2.1517425e-05  -0.0012651169  0.0000000   -0.0021773605  
1.0426817e-05  -4.3947654e-06  -0.00051270169  -0.00021840669  -1.9136640e-05  -0.015944002  0.00018114805  -1.2943526e-05  0.0021773605  0.0000000   
