0.0000000   -8.3161716e-06  3.6545957e-06  7.5580219e-06  1.0913339e-05  -2.5170693e-06  1.4299561e-06  -6.6766368e-06  4.4088985e-07  1.3091308e-05  
8.3161716e-06  0.0000000   2.4108421e-05  4.3565950e-05  6.5397062e-05  2.4745749e-05  -3.4166820e-05  0.00027394065  -1.7633339e-05  0.00015091923  
-3.6545957e-06  -2.4108421e-05  0.0000000   -0.0081958805  -0.0022192084  0.0015754538  6.6194849e-05  1.0101488e-05  -0.00023277870  -5.3942525e-06  
-7.5580219e-06  -4.3565950e-05  0.0081958805  0.0000000   0.0074907304  0.0049482208  0.00022603299  4.7535205e-05  0.00013400698  0.00013343994  
-1.0913339e-05  -6.5397062e-05  0.0022192084  -0.0074907304  0.0000000   0.0071996810  0.00026025400  2.6094713e-05  3.2589003e-05  9.3332046e-05  
2.5170693e-06  -2.4745749e-05  -0.0015754538  -0.0049482208  -0.0071996810  0.0000000   -0.00018141066  -2.9800389e-05  -5.8330208e-05  7.6985200e-05  
-1.4299561e-06  3.4166820e-05  -6.6194849e-05  -0.00022603299  -0.00026025400  0.00018141066  0.0000000   5.7926598e-05  -0.00040093701  -0.0041095053  
6.6766368e-06  -0.00027394065  -1.0101488e-05  -4.7535205e-05  -2.6094713e-05  2.9800389e-05  -5.7926598e-05  0.0000000   -6.3863416e-05  -0.00090775245  
-4.4088985e-07  1.7633339e-05  0.00023277870  -0.00013400698  -3.2589003e-05  5.8330208e-05  0.00040093701  6.3863416e-05  0.0000000   0.0029340282  
-1.3091308e-05  -0.00015091923  5.3942525e-06  -0.00013343994  -9.3332046e-05  -7.6985200e-05  0.0041095053  0.00090775245  -0.0029340282  0.0000000   
