0.0000000   -1.0640586e-06  1.4148942e-05  -6.0179981e-05  -7.6826352e-05  -5.7462166e-05  -0.00013903567  -4.4578358e-05  -0.00014572287  4.7254119e-05  
1.0640586e-06  0.0000000   -0.00045467626  0.00013608067  -0.00042530364  -3.2773936e-09  2.3427363e-07  5.5806837e-05  -3.5962173e-07  7.7100934e-08  
-1.4148942e-05  0.00045467626  0.0000000   0.0012800810  4.2582224e-08  -0.00042460449  9.7386601e-08  3.4573187e-07  5.5691676e-05  1.0072481e-06  
6.0179981e-05  -0.00013608067  -0.0012800810  0.0000000   2.1921940e-07  -4.9554650e-08  -0.00042477069  -1.2800965e-07  -9.9922205e-07  5.5734820e-05  
7.6826352e-05  0.00042530364  -4.2582224e-08  -2.1921940e-07  0.0000000   -0.00045282586  0.00013552724  -0.0021892953  2.1268949e-07  1.1346733e-06  
5.7462166e-05  3.2773936e-09  0.00042460449  4.9554650e-08  0.00045282586  0.0000000   0.0012748704  6.6979450e-08  -0.0021856442  -2.6505205e-08  
0.00013903567  -2.3427363e-07  -9.7386601e-08  0.00042477069  -0.00013552724  -0.0012748704  0.0000000   1.1949791e-06  4.1439222e-07  -0.0021866004  
4.4578358e-05  -5.5806837e-05  -3.4573187e-07  1.2800965e-07  0.0021892953  -6.6979450e-08  -1.1949791e-06  0.0000000   -0.00045296562  0.00013556931  
0.00014572287  3.5962173e-07  -5.5691676e-05  9.9922205e-07  -2.1268949e-07  0.0021856442  -4.1439222e-07  0.00045296562  0.0000000   0.0012752402  
-4.7254119e-05  -7.7100934e-08  -1.0072481e-06  -5.5734820e-05  -1.1346733e-06  2.6505205e-08  0.0021866004  -0.00013556931  -0.0012752402  0.0000000   
