0.0000000   -2.6876159e-05  0.00033816067  0.00014337262  0.00022470747  -4.0590005e-05  -5.6855931e-05  -0.00020013329  1.1120778e-05  -9.8547461e-06  
2.6876159e-05  0.0000000   8.4600721e-05  -0.00019891308  -4.7947857e-05  0.0064845316  -0.0021659624  0.00051758441  0.0036969169  -0.00095256813  
-0.00033816067  -8.4600721e-05  0.0000000   0.0030326814  0.0093874247  -0.0039984598  0.0014861746  -0.0076260748  0.0027574437  -0.0032462637  
-0.00014337262  0.00019891308  -0.0030326814  0.0000000   -0.0028046465  0.0012634483  -0.0017095717  0.0021104454  -0.0024424447  -0.00037269279  
-0.00022470747  4.7947857e-05  -0.0093874247  0.0028046465  0.0000000   0.0013414142  0.0040355821  6.3327832e-05  0.00093494076  0.0028478248  
4.0590005e-05  -0.0064845316  0.0039984598  -0.0012634483  -0.0013414142  0.0000000   -0.012079213  0.00019408634  -2.9988125e-05  -0.012583022  
5.6855931e-05  0.0021659624  -0.0014861746  0.0017095717  -0.0040355821  0.012079213  0.0000000   -0.0030581076  0.014303398  -0.0012189899  
0.00020013329  -0.00051758441  0.0076260748  -0.0021104454  -6.3327832e-05  -0.00019408634  0.0030581076  0.0000000   0.0025139485  0.0040521345  
-1.1120778e-05  -0.0036969169  -0.0027574437  0.0024424447  -0.00093494076  2.9988125e-05  -0.014303398  -0.0025139485  0.0000000   0.0091753514  
9.8547461e-06  0.00095256813  0.0032462637  0.00037269279  -0.0028478248  0.012583022  0.0012189899  -0.0040521345  -0.0091753514  0.0000000   
