0.0000000   1.1617737e-05  0.00012802201  8.4631844e-05  -2.5235935e-05  -9.0100001e-05  -8.7702493e-05  -0.00012522078  -7.1587355e-05  -1.2974801e-05  
-1.1617737e-05  0.0000000   0.00025058578  -0.00011160422  -7.8015336e-06  -0.00016991558  0.00017214118  0.00026176266  0.00013841634  -8.7232251e-05  
-0.00012802201  -0.00025058578  0.0000000   -0.00082000245  0.00035202582  -1.5298160e-06  4.5904330e-05  -0.00043289616  -0.00022881990  -3.3453792e-05  
-8.4631844e-05  0.00011160422  0.00082000245  0.0000000   0.00021556493  6.0084034e-06  -0.00027139949  0.0030535972  -2.3702540e-05  0.00014284219  
2.5235935e-05  7.8015336e-06  -0.00035202582  -0.00021556493  0.0000000   -5.5811549e-06  0.00042622237  -0.0034969368  -0.00068970562  -2.4819090e-05  
9.0100001e-05  0.00016991558  1.5298160e-06  -6.0084034e-06  5.5811549e-06  0.0000000   -0.00065527912  0.00066016585  -0.00025350189  8.3235804e-05  
8.7702493e-05  -0.00017214118  -4.5904330e-05  0.00027139949  -0.00042622237  0.00065527912  0.0000000   -0.00012654017  0.0016156948  -0.0023204313  
0.00012522078  -0.00026176266  0.00043289616  -0.0030535972  0.0034969368  -0.00066016585  0.00012654017  0.0000000   -6.5278326e-06  1.0936272e-05  
7.1587355e-05  -0.00013841634  0.00022881990  2.3702540e-05  0.00068970562  0.00025350189  -0.0016156948  6.5278326e-06  0.0000000   -0.0010032171  
1.2974801e-05  8.7232251e-05  3.3453792e-05  -0.00014284219  2.4819090e-05  -8.3235804e-05  0.0023204313  -1.0936272e-05  0.0010032171  0.0000000   
