0.0000000   6.0318274e-05  -1.7852785e-05  3.0677540e-05  -2.8807500e-05  6.2937365e-06  -3.2499648e-05  -7.7823765e-08  -1.8954318e-05  -2.1995870e-05  
-6.0318274e-05  0.0000000   8.3257738e-05  -0.00039388333  -0.00016935143  -0.00032398880  -1.5037054e-05  -6.1702169e-05  -6.0329755e-06  1.1831445e-05  
1.7852785e-05  -8.3257738e-05  0.0000000   5.9726444e-05  0.00011752713  -7.6103419e-05  -0.00023223374  1.5370568e-05  -1.9445597e-05  -6.5740046e-05  
-3.0677540e-05  0.00039388333  -5.9726444e-05  0.0000000   -0.00017690241  -2.0428693e-05  0.00013824554  -8.3197444e-05  -0.00015180964  0.00024488351  
2.8807500e-05  0.00016935143  -0.00011752713  0.00017690241  0.0000000   0.00082526871  -0.00044359692  0.00019849662  -5.7501333e-06  -3.0200836e-05  
-6.2937365e-06  0.00032398880  7.6103419e-05  2.0428693e-05  -0.00082526871  0.0000000   6.0450478e-05  -0.00047403542  -1.7176560e-05  0.00032791510  
3.2499648e-05  1.5037054e-05  0.00023223374  -0.00013824554  0.00044359692  -6.0450478e-05  0.0000000   4.9487133e-06  0.00019118338  8.4428370e-06  
7.7823765e-08  6.1702169e-05  -1.5370568e-05  8.3197444e-05  -0.00019849662  0.00047403542  -4.9487133e-06  0.0000000   0.00028740238  -0.00017446433  
1.8954318e-05  6.0329755e-06  1.9445597e-05  0.00015180964  5.7501333e-06  1.7176560e-05  -0.00019118338  -0.00028740238  0.0000000   -0.00055555039  
2.1995870e-05  -1.1831445e-05  6.5740046e-05  -0.00024488351  3.0200836e-05  -0.00032791510  -8.4428370e-06  0.00017446433  0.00055555039  0.0000000   
