0.0000000   -3.7482158e-06  -2.7394373e-05  -5.0219178e-05  -6.3454149e-05  -2.5186789e-05  -4.5581084e-05  5.6868086e-05  -4.9310311e-05  2.6897291e-05  
3.7482158e-06  0.0000000   -0.00044904530  -7.9224796e-05  0.00048200339  -1.5134355e-07  5.0700300e-07  -0.00011029295  -2.6818707e-07  -1.7128548e-07  
2.7394373e-05  0.00044904530  0.0000000   -0.0029607016  -9.6322705e-08  0.00047830565  -2.1615045e-07  3.1850556e-07  -0.00010943209  -1.9781865e-06  
5.0219178e-05  7.9224796e-05  0.0029607016  0.0000000   5.0696119e-07  8.8037415e-08  0.00047835154  -6.6848514e-08  2.0071673e-06  -0.00010944912  
6.3454149e-05  -0.00048200339  9.6322705e-08  -5.0696119e-07  0.0000000   -0.00044830474  -7.9094717e-05  0.0014375267  -3.6279253e-07  1.5198926e-06  
2.5186789e-05  1.5134355e-07  -0.00047830565  -8.8037415e-08  0.00044830474  0.0000000   -0.0029558350  -4.0776180e-07  0.0014265088  -7.6649771e-08  
4.5581084e-05  -5.0700300e-07  2.1615045e-07  -0.00047835154  7.9094717e-05  0.0029558350  0.0000000   1.5059844e-06  -3.2825983e-07  0.0014266652  
-5.6868086e-05  0.00011029295  -3.1850556e-07  6.6848514e-08  -0.0014375267  4.0776180e-07  -1.5059844e-06  0.0000000   -0.00044842171  -7.9126449e-05  
4.9310311e-05  2.6818707e-07  0.00010943209  -2.0071673e-06  3.6279253e-07  -0.0014265088  3.2825983e-07  0.00044842171  0.0000000   -0.0029566077  
-2.6897291e-05  1.7128548e-07  1.9781865e-06  0.00010944912  -1.5198926e-06  7.6649771e-08  -0.0014266652  7.9126449e-05  0.0029566077  0.0000000   
