0.0000000   8.5613010e-06  -0.00019815331  0.00026349975  -0.00025046861  -2.7819183e-06  0.00010339369  -0.00023616327  0.00010441520  -1.0924220e-05  
-8.5613010e-06  0.0000000   0.00090244792  -0.00016848062  -0.00084117379  -1.4472623e-07  -8.1040781e-07  7.8371446e-05  3.2634611e-07  1.6674115e-08  
0.00019815331  -0.00090244792  0.0000000   0.0013559400  -1.0634620e-07  -0.00083972911  -1.1937934e-08  -1.9600820e-07  7.8159480e-05  4.8919203e-07  
-0.00026349975  0.00016848062  -0.0013559400  0.0000000   -7.5824551e-07  2.0747653e-08  -0.00084001200  1.5627655e-07  -4.2776786e-07  7.8237402e-05  
0.00025046861  0.00084117379  1.0634620e-07  7.5824551e-07  0.0000000   0.00090219110  -0.00016847629  -0.00047072117  -7.8762429e-08  -4.3446750e-07  
2.7819183e-06  1.4472623e-07  0.00083972911  -2.0747653e-08  -0.00090219110  0.0000000   0.0013557253  -1.2602202e-07  -0.00046993241  1.1273774e-07  
-0.00010339369  8.1040781e-07  1.1937934e-08  0.00084001200  0.00016847629  -0.0013557253  0.0000000   -4.1665841e-07  -8.6722108e-08  -0.00047011027  
0.00023616327  -7.8371446e-05  1.9600820e-07  -1.5627655e-07  0.00047072117  1.2602202e-07  4.1665841e-07  0.0000000   0.00090289519  -0.00016854804  
-0.00010441520  -3.2634611e-07  -7.8159480e-05  4.2776786e-07  7.8762429e-08  0.00046993241  8.6722108e-08  -0.00090289519  0.0000000   0.0013567931  
1.0924220e-05  -1.6674115e-08  -4.8919203e-07  -7.8237402e-05  4.3446750e-07  -1.1273774e-07  0.00047011027  0.00016854804  -0.0013567931  0.0000000   
