0.0000000   -2.1863269e-05  -0.00031620702  5.9574009e-05  -0.00012903033  -7.2927727e-05  -0.00011795860  2.7181365e-06  -1.0163249e-06  -1.6055094e-05  
2.1863269e-05  0.0000000   9.3583468e-05  0.00019295337  0.00032090798  -0.00070475917  2.6021483e-05  1.0819032e-05  -7.3974144e-06  -1.4591850e-05  
0.00031620702  -9.3583468e-05  0.0000000   -0.00021428749  0.00015296909  7.5164513e-05  0.00015517314  6.1559313e-05  -1.1689336e-05  4.1689856e-05  
-5.9574009e-05  -0.00019295337  0.00021428749  0.0000000   -0.00023415661  0.00041568703  -0.00061678936  0.00022248353  0.00026068813  0.00015332806  
0.00012903033  -0.00032090798  -0.00015296909  0.00023415661  0.0000000   0.0010691348  0.0014632757  0.00027992726  9.6857478e-05  0.00018801714  
7.2927727e-05  0.00070475917  -7.5164513e-05  -0.00041568703  -0.0010691348  0.0000000   0.00047986254  -0.00050944903  0.00025896299  -0.00012528180  
0.00011795860  -2.6021483e-05  -0.00015517314  0.00061678936  -0.0014632757  -0.00047986254  0.0000000   0.00011679071  6.1137156e-06  4.8733620e-05  
-2.7181365e-06  -1.0819032e-05  -6.1559313e-05  -0.00022248353  -0.00027992726  0.00050944903  -0.00011679071  0.0000000   -0.00057230515  -0.00054442963  
1.0163249e-06  7.3974144e-06  1.1689336e-05  -0.00026068813  -9.6857478e-05  -0.00025896299  -6.1137156e-06  0.00057230515  0.0000000   -0.0010828859  
1.6055094e-05  1.4591850e-05  -4.1689856e-05  -0.00015332806  -0.00018801714  0.00012528180  -4.8733620e-05  0.00054442963  0.0010828859  0.0000000   
