0.0000000   5.6124758e-07  0.00021133397  9.6983888e-05  -6.0950857e-06  9.4276815e-06  -2.4044111e-06  -6.3620735e-05  -6.4727065e-06  1.6082601e-05  
-5.6124758e-07  0.0000000   -7.6124423e-05  -6.7757175e-05  9.7719477e-05  7.1762638e-05  0.00030690738  8.8737254e-05  -0.00022162464  6.3843172e-05  
-0.00021133397  7.6124423e-05  0.0000000   -0.0016195133  0.0012206529  0.00026608226  0.00015900607  0.0025181617  2.9110658e-05  5.9798842e-05  
-9.6983888e-05  6.7757175e-05  0.0016195133  0.0000000   -0.0023777338  0.00027947812  -4.0846202e-05  0.0011169322  -4.2060161e-05  -0.00015293954  
6.0950857e-06  -9.7719477e-05  -0.0012206529  0.0023777338  0.0000000   -0.00046002912  -0.00025882330  -0.00061910301  -0.00031107945  0.00010108404  
-9.4276815e-06  -7.1762638e-05  -0.00026608226  -0.00027947812  0.00046002912  0.0000000   -0.00033470934  0.00033099731  -0.00039544746  0.0010245253  
2.4044111e-06  -0.00030690738  -0.00015900607  4.0846202e-05  0.00025882330  0.00033470934  0.0000000   -0.00059317835  -8.7183513e-05  0.0016076941  
6.3620735e-05  -8.8737254e-05  -0.0025181617  -0.0011169322  0.00061910301  -0.00033099731  0.00059317835  0.0000000   0.00068906395  0.00013494763  
6.4727065e-06  0.00022162464  -2.9110658e-05  4.2060161e-05  0.00031107945  0.00039544746  8.7183513e-05  -0.00068906395  0.0000000   0.0021282258  
-1.6082601e-05  -6.3843172e-05  -5.9798842e-05  0.00015293954  -0.00010108404  -0.0010245253  -0.0016076941  -0.00013494763  -0.0021282258  0.0000000   
