0.0000000   1.6506632e-06  2.5823116e-06  -1.7998542e-05  1.2004873e-05  -2.2721089e-05  -1.6827643e-05  -9.3968553e-05  1.0814980e-05  -1.7885247e-05  
-1.6506632e-06  0.0000000   0.00010109236  -5.9351025e-06  0.00018448365  -0.00023198286  0.00015144699  8.8259221e-05  -0.00014031719  -0.00024947871  
-2.5823116e-06  -0.00010109236  0.0000000   0.0023935426  0.00019483335  0.00013181670  -5.4630433e-06  0.0014094534  -0.00056179021  0.00077490347  
1.7998542e-05  5.9351025e-06  -0.0023935426  0.0000000   0.0026403822  -0.00031304188  -0.00010211365  0.0012452436  -0.00026717635  -0.00067313524  
-1.2004873e-05  -0.00018448365  -0.00019483335  -0.0026403822  0.0000000   -0.00014799012  -0.00070922895  -0.0013985294  0.00044064684  -0.00057975029  
2.2721089e-05  0.00023198286  -0.00013181670  0.00031304188  0.00014799012  0.0000000   -0.0042113118  0.00028484892  0.0032696707  -0.00029762525  
1.6827643e-05  -0.00015144699  5.4630433e-06  0.00010211365  0.00070922895  0.0042113118  0.0000000   -1.5552807e-05  0.0014953412  0.0042393020  
9.3968553e-05  -8.8259221e-05  -0.0014094534  -0.0012452436  0.0013985294  -0.00028484892  1.5552807e-05  0.0000000   -0.00024645597  -0.00030305427  
-1.0814980e-05  0.00014031719  0.00056179021  0.00026717635  -0.00044064684  -0.0032696707  -0.0014953412  0.00024645597  0.0000000   -0.0090845326  
1.7885247e-05  0.00024947871  -0.00077490347  0.00067313524  0.00057975029  0.00029762525  -0.0042393020  0.00030305427  0.0090845326  0.0000000   
