0.0000000   6.0113671e-05  1.0125658e-05  6.7610414e-05  -7.2865285e-05  -6.8817704e-05  -2.2056225e-05  1.4951597e-05  -1.1456751e-05  7.4050457e-05  
-6.0113671e-05  0.0000000   7.6139533e-05  -6.2497355e-05  -6.6387013e-05  3.2909049e-09  2.1698537e-08  3.8399663e-06  -6.5431062e-09  2.0469783e-08  
-1.0125658e-05  -7.6139533e-05  0.0000000   -0.0013365378  -1.0466684e-09  -6.6294577e-05  1.2702020e-08  2.6105438e-08  3.8160135e-06  3.8750613e-07  
-6.7610414e-05  6.2497355e-05  0.0013365378  0.0000000   1.0710901e-08  -2.1794075e-08  -6.6270993e-05  3.7657112e-09  -3.6242306e-07  3.8189488e-06  
7.2865285e-05  6.6387013e-05  1.0466684e-09  -1.0710901e-08  0.0000000   7.4391459e-05  -6.1067908e-05  0.0051705617  -3.2488352e-07  -4.5081885e-07  
6.8817704e-05  -3.2909049e-09  6.6294577e-05  2.1794075e-08  -7.4391459e-05  0.0000000   -0.0013056625  -3.2759883e-07  0.0051623919  3.6573656e-07  
2.2056225e-05  -2.1698537e-08  -1.2702020e-08  6.6270993e-05  6.1067908e-05  0.0013056625  0.0000000   -4.5208998e-07  3.3179686e-07  0.0051623663  
-1.4951597e-05  -3.8399663e-06  -2.6105438e-08  -3.7657112e-09  -0.0051705617  3.2759883e-07  4.5208998e-07  0.0000000   7.4395925e-05  -6.1077292e-05  
1.1456751e-05  6.5431062e-09  -3.8160135e-06  3.6242306e-07  3.2488352e-07  -0.0051623919  -3.3179686e-07  -7.4395925e-05  0.0000000   -0.0013057226  
-7.4050457e-05  -2.0469783e-08  -3.8750613e-07  -3.8189488e-06  4.5081885e-07  -3.6573656e-07  -0.0051623663  6.1077292e-05  0.0013057226  0.0000000   
