0.0000000   -7.3964329e-06  3.1414038e-05  5.7210178e-05  9.9871945e-05  2.4469901e-05  3.9381401e-05  0.00015180129  -4.9846802e-05  -6.8174663e-05  
7.3964329e-06  0.0000000   0.00030128466  -0.00082578643  0.00013660437  -0.0027025673  0.0072642235  -0.00073088189  7.4819885e-05  -1.0853497e-05  
-3.1414038e-05  -0.00030128466  0.0000000   -0.010252736  -0.0015283767  0.00019042641  0.00050351924  0.00042231154  0.00082011048  0.00048244860  
-5.7210178e-05  0.00082578643  0.010252736  0.0000000   -0.00024280061  8.6892974e-05  -4.6755479e-05  -0.0032504307  -0.0010616322  -0.0029261807  
-9.9871945e-05  -0.00013660437  0.0015283767  0.00024280061  0.0000000   0.0060961266  0.0034915524  0.0046512299  0.00039430210  0.00073176305  
-2.4469901e-05  0.0027025673  -0.00019042641  -8.6892974e-05  -0.0060961266  0.0000000   -0.00054826171  0.0014342220  -0.00092209664  -0.018184964  
-3.9381401e-05  -0.0072642235  -0.00050351924  4.6755479e-05  -0.0034915524  0.00054826171  0.0000000   0.00024302459  -0.017747388  0.00078078276  
-0.00015180129  0.00073088189  -0.00042231154  0.0032504307  -0.0046512299  -0.0014342220  -0.00024302459  0.0000000   0.0019117992  0.0012642278  
4.9846802e-05  -7.4819885e-05  -0.00082011048  0.0010616322  -0.00039430210  0.00092209664  0.017747388  -0.0019117992  0.0000000   -0.00077836789  
6.8174663e-05  1.0853497e-05  -0.00048244860  0.0029261807  -0.00073176305  0.018184964  -0.00078078276  -0.0012642278  0.00077836789  0.0000000   
