0.0000000   -4.3647550e-05  4.5337299e-05  -7.8659660e-05  2.7003738e-05  -1.4495117e-05  4.5152225e-05  0.00010466949  4.5723118e-05  2.4117486e-06  
4.3647550e-05  0.0000000   0.00062981633  0.00022680597  -0.00054620701  2.6509722e-07  -4.5383578e-07  0.00031687985  6.5286110e-08  3.4539235e-07  
-4.5337299e-05  -0.00062981633  0.0000000   0.0016441949  1.5245894e-08  -0.00054489685  3.0315534e-07  -2.1217300e-07  0.00031613151  3.9397590e-07  
7.8659660e-05  -0.00022680597  -0.0016441949  0.0000000   -5.3653140e-07  -3.4995234e-07  -0.00054504307  2.3625121e-07  -3.6208424e-07  0.00031622583  
-2.7003738e-05  0.00054620701  -1.5245894e-08  5.3653140e-07  0.0000000   0.00062962322  0.00022673061  -0.00063493150  2.7761756e-07  -5.3977872e-07  
1.4495117e-05  -2.6509722e-07  0.00054489685  3.4995234e-07  -0.00062962322  0.0000000   0.0016437112  4.6883108e-08  -0.00063341241  2.7174216e-07  
-4.5152225e-05  4.5383578e-07  -3.0315534e-07  0.00054504307  -0.00022673061  -0.0016437112  0.0000000   -6.1085325e-07  -3.2739444e-07  -0.00063359782  
-0.00010466949  -0.00031687985  2.1217300e-07  -2.3625121e-07  0.00063493150  -4.6883108e-08  6.1085325e-07  0.0000000   0.00062980495  0.00022678850  
-4.5723118e-05  -6.5286110e-08  -0.00031613151  3.6208424e-07  -2.7761756e-07  0.00063341241  3.2739444e-07  -0.00062980495  0.0000000   0.0016442023  
-2.4117486e-06  -3.4539235e-07  -3.9397590e-07  -0.00031622583  5.3977872e-07  -2.7174216e-07  0.00063359782  -0.00022678850  -0.0016442023  0.0000000   
