0.0000000   4.6253392e-05  -0.00025305419  -3.8619503e-05  0.00015458758  -2.8944552e-05  -7.3009216e-05  -1.8459271e-06  -4.3719723e-06  2.5437605e-05  
-4.6253392e-05  0.0000000   -0.00021398330  -8.1755021e-05  -0.00016811719  0.00064846242  9.6367348e-06  5.2136984e-07  -1.2651125e-05  3.9414792e-06  
0.00025305419  0.00021398330  0.0000000   0.00016193095  -0.00011995177  6.3075683e-05  6.7645644e-05  -4.6505330e-05  4.8123874e-06  -7.8718310e-06  
3.8619503e-05  8.1755021e-05  -0.00016193095  0.0000000   8.1107584e-05  -0.00072065596  0.00029691582  1.6353712e-05  -1.5340560e-05  -0.00025856531  
-0.00015458758  0.00016811719  0.00011995177  -8.1107584e-05  0.0000000   -0.00082874576  -0.00082564854  -5.4989126e-05  -8.2641467e-05  -0.00011053027  
2.8944552e-05  -0.00064846242  -6.3075683e-05  0.00072065596  0.00082874576  0.0000000   5.1858853e-05  0.00070686648  -9.5610010e-05  -5.8960503e-05  
7.3009216e-05  -9.6367348e-06  -6.7645644e-05  -0.00029691582  0.00082564854  -5.1858853e-05  0.0000000   -4.4281381e-05  6.0754557e-05  3.1746186e-05  
1.8459271e-06  -5.2136984e-07  4.6505330e-05  -1.6353712e-05  5.4989126e-05  -0.00070686648  4.4281381e-05  0.0000000   0.00051424669  0.00072750213  
4.3719723e-06  1.2651125e-05  -4.8123874e-06  1.5340560e-05  8.2641467e-05  9.5610010e-05  -6.0754557e-05  -0.00051424669  0.0000000   0.0036916290  
-2.5437605e-05  -3.9414792e-06  7.8718310e-06  0.00025856531  0.00011053027  5.8960503e-05  -3.1746186e-05  -0.00072750213  -0.0036916290  0.0000000   
