0.0000000   6.1596656e-05  0.00018748025  0.00017501906  -0.00015122942  -8.5858354e-05  3.5459083e-05  0.00022169972  2.0839424e-05  -1.5194245e-05  
-6.1596656e-05  0.0000000   0.00042071303  -0.00017214759  -0.00015776062  0.00096713632  0.00050717244  1.7718621e-05  -0.00034464079  -0.00037183560  
-0.00018748025  -0.00042071303  0.0000000   -0.010789271  -0.0054340570  0.00025521260  -0.00099717748  0.00011336880  0.00071318418  -0.00031830076  
-0.00017501906  0.00017214759  0.010789271  0.0000000   0.0023988501  0.00042580279  -0.0015475974  -0.0023752516  0.00079629229  0.00016332682  
0.00015122942  0.00015776062  0.0054340570  -0.0023988501  0.0000000   0.00026154880  -0.00093822168  0.017534365  0.00096103739  0.00013740734  
8.5858354e-05  -0.00096713632  -0.00025521260  -0.00042580279  -0.00026154880  0.0000000   -3.1529099e-05  -0.0010737632  -7.1588768e-05  -0.00050457028  
-3.5459083e-05  -0.00050717244  0.00099717748  0.0015475974  0.00093822168  3.1529099e-05  0.0000000   -0.00032799671  0.00045951064  0.0018508814  
-0.00022169972  -1.7718621e-05  -0.00011336880  0.0023752516  -0.017534365  0.0010737632  0.00032799671  0.0000000   -0.00062574311  -1.3137407e-05  
-2.0839424e-05  0.00034464079  -0.00071318418  -0.00079629229  -0.00096103739  7.1588768e-05  -0.00045951064  0.00062574311  0.0000000   -0.0022043806  
1.5194245e-05  0.00037183560  0.00031830076  -0.00016332682  -0.00013740734  0.00050457028  -0.0018508814  1.3137407e-05  0.0022043806  0.0000000   
