0.0000000   -6.8696277e-06  2.4401324e-05  1.3674417e-05  1.3955635e-05  -3.0103993e-05  -4.3946683e-05  9.9868597e-06  -3.3128532e-05  -1.4345309e-05  
6.8696277e-06  0.0000000   4.0243318e-05  -4.4547820e-05  -5.7087323e-05  7.0585623e-05  -0.00016792839  0.00024015827  6.7814875e-05  -5.4856928e-05  
-2.4401324e-05  -4.0243318e-05  0.0000000   0.0011832219  -0.00050398779  -0.00021787358  -4.9004728e-05  0.00047810565  0.00036910411  0.00028124890  
-1.3674417e-05  4.4547820e-05  -0.0011832219  0.0000000   -0.00098704257  8.9148844e-05  0.00012426667  -0.00028871123  -2.2375262e-05  -0.00013665794  
-1.3955635e-05  5.7087323e-05  0.00050398779  0.00098704257  0.0000000   0.00015578044  0.00029738351  0.00019908358  -0.00021951722  -0.00044591227  
3.0103993e-05  -7.0585623e-05  0.00021787358  -8.9148844e-05  -0.00015578044  0.0000000   -0.00031434877  -5.4238511e-05  -0.00028203583  3.2465460e-05  
4.3946683e-05  0.00016792839  4.9004728e-05  -0.00012426667  -0.00029738351  0.00031434877  0.0000000   -0.00015452847  -4.6003130e-05  0.00015596037  
-9.9868597e-06  -0.00024015827  -0.00047810565  0.00028871123  -0.00019908358  5.4238511e-05  0.00015452847  0.0000000   -8.1422856e-05  -6.0824808e-05  
3.3128532e-05  -6.7814875e-05  -0.00036910411  2.2375262e-05  0.00021951722  0.00028203583  4.6003130e-05  8.1422856e-05  0.0000000   0.00021345587  
1.4345309e-05  5.4856928e-05  -0.00028124890  0.00013665794  0.00044591227  -3.2465460e-05  -0.00015596037  6.0824808e-05  -0.00021345587  0.0000000   
