0.0000000   1.7289890e-06  -7.7435341e-07  -6.8886890e-06  8.0832864e-06  -5.4719931e-05  6.5649009e-05  -2.8232697e-05  8.8005522e-05  1.1199509e-05  
-1.7289890e-06  0.0000000   -6.4034698e-05  1.7938036e-05  -2.4799599e-05  3.3523558e-09  -3.6892388e-09  3.5723150e-05  2.6239265e-09  1.6514537e-09  
7.7435341e-07  6.4034698e-05  0.0000000   0.00010836088  -3.3838625e-09  -2.4794263e-05  4.8638766e-10  -3.9351456e-09  3.5715820e-05  -5.8298045e-09  
6.8886890e-06  -1.7938036e-05  -0.00010836088  0.0000000   -9.2366570e-10  4.8091746e-09  -2.4787572e-05  2.4916771e-09  6.2301807e-09  3.5709994e-05  
-8.0832864e-06  2.4799599e-05  3.3838625e-09  9.2366570e-10  0.0000000   -6.4036328e-05  1.7935789e-05  0.00042046999  5.5358647e-09  3.0643688e-08  
5.4719931e-05  -3.3523558e-09  2.4794263e-05  -4.8091746e-09  6.4036328e-05  0.0000000   0.00010837119  1.3288480e-08  0.00042031195  -1.8257271e-08  
-6.5649009e-05  3.6892388e-09  -4.8638766e-10  2.4787572e-05  -1.7935789e-05  -0.00010837119  0.0000000   2.8120124e-08  -1.9735855e-08  0.00042031137  
2.8232697e-05  -3.5723150e-05  3.9351456e-09  -2.4916771e-09  -0.00042046999  -1.3288480e-08  -2.8120124e-08  0.0000000   -6.4035479e-05  1.7939273e-05  
-8.8005522e-05  -2.6239265e-09  -3.5715820e-05  -6.2301807e-09  -5.5358647e-09  -0.00042031195  1.9735855e-08  6.4035479e-05  0.0000000   0.00010836380  
-1.1199509e-05  -1.6514537e-09  5.8298045e-09  -3.5709994e-05  -3.0643688e-08  1.8257271e-08  -0.00042031137  -1.7939273e-05  -0.00010836380  0.0000000   
