0.0000000   -1.8957944e-05  8.5756982e-05  0.00011232281  0.00017311661  3.4905411e-05  -1.5869626e-05  -7.8682497e-05  -2.0457808e-05  -4.1182985e-06  
1.8957944e-05  0.0000000   8.8723385e-05  -0.00027618412  -7.6999607e-05  -6.5200423e-07  -7.1935181e-08  -0.00038091098  -3.0489219e-06  -1.0356554e-06  
-8.5756982e-05  -8.8723385e-05  0.0000000   0.022738410  -1.1414692e-06  -2.5901493e-05  -9.5264289e-06  -2.7813822e-06  -0.00012739215  -2.3842539e-07  
-0.00011232281  0.00027618412  -0.022738410  0.0000000   1.4137556e-07  9.5160774e-06  -2.5882900e-05  -1.2230196e-06  9.5872423e-08  -0.00012729766  
-0.00017311661  7.6999607e-05  1.1414692e-06  -1.4137556e-07  0.0000000   8.8652664e-05  -0.00027612415  -0.0011082545  -8.8629644e-06  -2.8737878e-06  
-3.4905411e-05  6.5200423e-07  2.5901493e-05  -9.5160774e-06  -8.8652664e-05  0.0000000   0.022718126  -8.9022231e-06  -0.00037085647  5.1387753e-07  
1.5869626e-05  7.1935181e-08  9.5264289e-06  2.5882900e-05  0.00027612415  -0.022718126  0.0000000   -3.0514577e-06  -9.9559076e-07  -0.00037057868  
7.8682497e-05  0.00038091098  2.7813822e-06  1.2230196e-06  0.0011082545  8.9022231e-06  3.0514577e-06  0.0000000   8.8706834e-05  -0.00027598751  
2.0457808e-05  3.0489219e-06  0.00012739215  -9.5872423e-08  8.8629644e-06  0.00037085647  9.9559076e-07  -8.8706834e-05  0.0000000   0.022715692  
4.1182985e-06  1.0356554e-06  2.3842539e-07  0.00012729766  2.8737878e-06  -5.1387753e-07  0.00037057868  0.00027598751  -0.022715692  0.0000000   
