0.0000000   -1.9809771e-05  -4.7682141e-06  8.2063254e-06  -4.2204303e-07  5.4809281e-06  8.6459925e-05  1.6035633e-05  0.00011234805  -0.00020127471  
1.9809771e-05  0.0000000   0.00013915495  0.00023372653  -0.00025513653  0.00083585599  -5.8774158e-05  0.00035311128  7.8919481e-05  -0.00039005024  
4.7682141e-06  -0.00013915495  0.0000000   -0.0011019636  -0.00037519210  0.00055535305  0.0013389689  0.00026155430  -0.00079095655  -0.00014617986  
-8.2063254e-06  -0.00023372653  0.0011019636  0.0000000   -0.0033188349  0.00080233922  0.00032050398  -0.0018555668  0.00050999635  -8.5758907e-05  
4.2204303e-07  0.00025513653  0.00037519210  0.0033188349  0.0000000   -0.00085815725  -0.0014092781  -0.0016213321  0.00027708823  2.3872258e-05  
-5.4809281e-06  -0.00083585599  -0.00055535305  -0.00080233922  0.00085815725  0.0000000   -0.00033363842  -0.00098825140  -0.0012548793  0.0011727147  
-8.6459925e-05  5.8774158e-05  -0.0013389689  -0.00032050398  0.0014092781  0.00033363842  0.0000000   0.00090328368  -0.0014838451  -0.0014466110  
-1.6035633e-05  -0.00035311128  -0.00026155430  0.0018555668  0.0016213321  0.00098825140  -0.00090328368  0.0000000   0.00074282227  -0.0013844022  
-0.00011234805  -7.8919481e-05  0.00079095655  -0.00050999635  -0.00027708823  0.0012548793  0.0014838451  -0.00074282227  0.0000000   0.00065286652  
0.00020127471  0.00039005024  0.00014617986  8.5758907e-05  -2.3872258e-05  -0.0011727147  0.0014466110  0.0013844022  -0.00065286652  0.0000000   
