0.0000000   -5.4452904e-05  -1.4235414e-06  -3.5967416e-05  1.1785446e-05  2.3714154e-05  -5.0857672e-05  -8.2758519e-06  4.6606315e-05  1.0742923e-05  
5.4452904e-05  0.0000000   -6.1121525e-05  -0.00037383434  7.4025949e-05  -0.00030556567  0.00019562267  -0.00013231485  0.00021175565  1.7542324e-05  
1.4235414e-06  6.1121525e-05  0.0000000   -0.00041341091  -0.00095852030  -0.00025449294  -0.00027563924  0.00076459830  -0.00017244498  0.00041120322  
3.5967416e-05  0.00037383434  0.00041341091  0.0000000   0.00013889355  -6.1526623e-05  -0.00030179173  1.3036089e-05  0.00011642119  -0.00029612385  
-1.1785446e-05  -7.4025949e-05  0.00095852030  -0.00013889355  0.0000000   0.00011945975  -1.4242503e-05  0.00023451057  -7.9678648e-06  0.00019742842  
-2.3714154e-05  0.00030556567  0.00025449294  6.1526623e-05  -0.00011945975  0.0000000   0.0024797164  5.9626607e-05  -0.0021184824  0.00029310276  
5.0857672e-05  -0.00019562267  0.00027563924  0.00030179173  1.4242503e-05  -0.0024797164  0.0000000   0.00021944749  3.1873565e-06  -0.0013916792  
8.2758519e-06  0.00013231485  -0.00076459830  -1.3036089e-05  -0.00023451057  -5.9626607e-05  -0.00021944749  0.0000000   -5.5335508e-05  0.00016827811  
-4.6606315e-05  -0.00021175565  0.00017244498  -0.00011642119  7.9678648e-06  0.0021184824  -3.1873565e-06  5.5335508e-05  0.0000000   0.0012336599  
-1.0742923e-05  -1.7542324e-05  -0.00041120322  0.00029612385  -0.00019742842  -0.00029310276  0.0013916792  -0.00016827811  -0.0012336599  0.0000000   
