0.0000000   -1.0564794e-05  -0.00019922726  -7.8543054e-06  -4.4614307e-05  -2.3317956e-06  0.00023583664  7.3588845e-06  2.7031898e-06  -1.2086647e-05  
1.0564794e-05  0.0000000   0.00011116763  -0.00035911596  -7.9299444e-05  -0.00037579653  2.2792216e-05  -8.6858384e-05  -2.2808875e-05  -1.4241478e-05  
0.00019922726  -0.00011116763  0.0000000   0.00017754082  -0.00033696966  -2.4847405e-05  3.1056712e-05  5.2334059e-05  -1.3661221e-05  3.0419957e-05  
7.8543054e-06  0.00035911596  -0.00017754082  0.0000000   0.00044930301  -0.0011790437  1.2762884e-06  -1.4663722e-05  -7.0908630e-05  -0.00017754625  
4.4614307e-05  7.9299444e-05  0.00033696966  -0.00044930301  0.0000000   -0.0040703906  5.5996639e-05  1.4500823e-05  1.2068411e-05  -0.00012381694  
2.3317956e-06  0.00037579653  2.4847405e-05  0.0011790437  0.0040703906  0.0000000   8.3147351e-05  -0.00047216570  -5.5505253e-05  -0.00015996008  
-0.00023583664  -2.2792216e-05  -3.1056712e-05  -1.2762884e-06  -5.5996639e-05  -8.3147351e-05  0.0000000   8.7540826e-06  -1.5441672e-05  -9.5947504e-05  
-7.3588845e-06  8.6858384e-05  -5.2334059e-05  1.4663722e-05  -1.4500823e-05  0.00047216570  -8.7540826e-06  0.0000000   -0.0013495557  0.00068372014  
-2.7031898e-06  2.2808875e-05  1.3661221e-05  7.0908630e-05  -1.2068411e-05  5.5505253e-05  1.5441672e-05  0.0013495557  0.0000000   -0.021418829  
1.2086647e-05  1.4241478e-05  -3.0419957e-05  0.00017754625  0.00012381694  0.00015996008  9.5947504e-05  -0.00068372014  0.021418829  0.0000000   
