0.0000000   -8.7325661e-06  -1.6388356e-05  5.1523584e-05  -0.00015878406  4.1862215e-06  2.3404417e-05  0.00016048973  1.9880048e-05  -3.1495161e-06  
8.7325661e-06  0.0000000   -0.00033353655  -0.00016440019  -1.2284354e-06  -0.010312372  -5.3208251e-05  0.00020503149  0.00050676473  1.9175548e-05  
1.6388356e-05  0.00033353655  0.0000000   0.0038652223  0.023257238  5.9414291e-05  0.00079883632  0.0028217607  0.00078713067  -0.0011064620  
-5.1523584e-05  0.00016440019  -0.0038652223  0.0000000   0.0012960454  -0.00047952409  -0.00045819393  0.00018961174  0.00051543415  -4.3723347e-05  
0.00015878406  1.2284354e-06  -0.023257238  -0.0012960454  0.0000000   0.00087729475  0.00079326315  0.00011067552  -0.00058058763  8.7297189e-05  
-4.1862215e-06  0.010312372  -5.9414291e-05  0.00047952409  -0.00087729475  0.0000000   -5.2003863e-05  -0.00050090243  0.0011704720  -0.00023624294  
-2.3404417e-05  5.3208251e-05  -0.00079883632  0.00045819393  -0.00079326315  5.2003863e-05  0.0000000   -0.00045003984  0.023527402  0.0042320107  
-0.00016048973  -0.00020503149  -0.0028217607  -0.00018961174  -0.00011067552  0.00050090243  0.00045003984  0.0000000   -0.00068599796  -0.00027944866  
-1.9880048e-05  -0.00050676473  -0.00078713067  -0.00051543415  0.00058058763  -0.0011704720  -0.023527402  0.00068599796  0.0000000   -7.3730738e-05  
3.1495161e-06  -1.9175548e-05  0.0011064620  4.3723347e-05  -8.7297189e-05  0.00023624294  -0.0042320107  0.00027944866  7.3730738e-05  0.0000000   
