0.0000000   -1.1909634e-05  0.00015817833  4.0809511e-05  0.00017367629  5.5400833e-05  -0.00011724164  1.8350008e-05  -0.00012995594  -7.2636844e-05  
1.1909634e-05  0.0000000   -0.00031457133  0.00022306450  0.00017661264  -1.1445663e-06  -7.0060058e-07  0.00045410496  -1.6569803e-06  -2.7842206e-06  
-0.00015817833  0.00031457133  0.0000000   0.017882059  -3.8387313e-07  0.00011837449  2.6429133e-05  -1.8680380e-06  0.00030504673  -7.7421620e-06  
-4.0809511e-05  -0.00022306450  -0.017882059  0.0000000   -8.5655977e-07  -2.6297774e-05  0.00011830839  -2.4746433e-06  7.8800514e-06  0.00030506297  
-0.00017367629  -0.00017661264  3.8387313e-07  8.5655977e-07  0.0000000   -0.00031112121  0.00022022453  -0.0037261032  1.4596841e-05  2.2098854e-05  
-5.5400833e-05  1.1445663e-06  -0.00011837449  2.6297774e-05  0.00031112121  0.0000000   0.017671295  1.4874944e-05  -0.0025039222  -4.7782330e-07  
0.00011724164  7.0060058e-07  -2.6429133e-05  -0.00011830839  -0.00022022453  -0.017671295  0.0000000   2.1727386e-05  -1.3481988e-06  -0.0025046182  
-1.8350008e-05  -0.00045410496  1.8680380e-06  2.4746433e-06  0.0037261032  -1.4874944e-05  -2.1727386e-05  0.0000000   -0.00031075159  0.00022043391  
0.00012995594  1.6569803e-06  -0.00030504673  -7.8800514e-06  -1.4596841e-05  0.0025039222  1.3481988e-06  0.00031075159  0.0000000   0.017668222  
7.2636844e-05  2.7842206e-06  7.7421620e-06  -0.00030506297  -2.2098854e-05  4.7782330e-07  0.0025046182  -0.00022043391  -0.017668222  0.0000000   
