0.0000000   -7.1967565e-06  -3.7140143e-05  -2.3237784e-05  6.8567020e-05  4.5062720e-05  -0.00011599326  6.7095279e-05  -0.00011808634  -0.00014774644  
7.1967565e-06  0.0000000   2.5293098e-05  0.00013480855  3.6728285e-06  -6.0817348e-05  -5.6649759e-05  -2.4512188e-05  0.00010958638  0.00030045094  
3.7140143e-05  -2.5293098e-05  0.0000000   6.6066391e-05  -0.00017267975  2.7587465e-05  -0.00057810522  -0.00058955047  0.00047410996  -8.7639894e-05  
2.3237784e-05  -0.00013480855  -6.6066391e-05  0.0000000   0.00031022114  0.00012380942  0.00037476363  1.2124266e-07  -0.00014058001  -5.8397240e-05  
-6.8567020e-05  -3.6728285e-06  0.00017267975  -0.00031022114  0.0000000   -0.00010601481  -0.00064638197  0.00024176725  0.00069150018  -2.9655394e-05  
-4.5062720e-05  6.0817348e-05  -2.7587465e-05  -0.00012380942  0.00010601481  0.0000000   -0.00062765314  0.00023995752  -0.00048053242  -0.00073556492  
0.00011599326  5.6649759e-05  0.00057810522  -0.00037476363  0.00064638197  0.00062765314  0.0000000   -0.00048402445  0.00016567994  0.00010010225  
-6.7095279e-05  2.4512188e-05  0.00058955047  -1.2124266e-07  -0.00024176725  -0.00023995752  0.00048402445  0.0000000   -0.00034080858  -0.00018871294  
0.00011808634  -0.00010958638  -0.00047410996  0.00014058001  -0.00069150018  0.00048053242  -0.00016567994  0.00034080858  0.0000000   0.00041821639  
0.00014774644  -0.00030045094  8.7639894e-05  5.8397240e-05  2.9655394e-05  0.00073556492  -0.00010010225  0.00018871294  -0.00041821639  0.0000000   
