0.0000000   -1.4511170e-05  0.00020100917  -8.3126010e-05  9.8931131e-05  0.00012037487  9.0366272e-05  6.3713275e-06  3.6659596e-09  2.5547859e-05  
1.4511170e-05  0.0000000   -0.00037985339  0.00017219521  -0.00063515139  0.00084653799  -9.5785056e-06  -7.0201001e-05  4.0326940e-05  -2.9378248e-05  
-0.00020100917  0.00037985339  0.0000000   0.00011870208  -7.3044999e-05  -0.00013516166  3.9247556e-05  -7.0102172e-05  6.1152249e-06  1.9069826e-05  
8.3126010e-05  -0.00017219521  -0.00011870208  0.0000000   0.00039342762  4.7471619e-06  0.00058130324  -0.00020930311  -0.00019139678  -0.00036219745  
-9.8931131e-05  0.00063515139  7.3044999e-05  -0.00039342762  0.0000000   0.0042040934  -0.0013692755  -0.00070865980  0.00011779948  -9.5764288e-05  
-0.00012037487  -0.00084653799  0.00013516166  -4.7471619e-06  -0.0042040934  0.0000000   -0.0013475455  0.00061552173  -0.00030944434  -0.00029943921  
-9.0366272e-05  9.5785056e-06  -3.9247556e-05  -0.00058130324  0.0013692755  0.0013475455  0.0000000   -2.3331517e-05  9.1134419e-05  0.00014392338  
-6.3713275e-06  7.0201001e-05  7.0102172e-05  0.00020930311  0.00070865980  -0.00061552173  2.3331517e-05  0.0000000   0.0011534109  -0.00041746254  
-3.6659596e-09  -4.0326940e-05  -6.1152249e-06  0.00019139678  -0.00011779948  0.00030944434  -9.1134419e-05  -0.0011534109  0.0000000   -0.0049399302  
-2.5547859e-05  2.9378248e-05  -1.9069826e-05  0.00036219745  9.5764288e-05  0.00029943921  -0.00014392338  0.00041746254  0.0049399302  0.0000000   
