0.0000000   1.6192315e-05  2.9338331e-06  -5.7790156e-05  4.1613071e-05  3.3012460e-05  -0.00014324183  -4.4738873e-05  -0.00013108619  -3.3084602e-05  
-1.6192315e-05  0.0000000   -0.00030871808  -0.00014082513  -0.00020510588  1.6144375e-07  -1.3170652e-07  0.00011822551  1.0139434e-07  1.6230794e-07  
-2.9338331e-06  0.00030871808  0.0000000   -0.0036807100  -3.9369913e-08  -0.00020269295  1.1279976e-06  -1.6475733e-07  0.00011685890  1.6526335e-06  
5.7790156e-05  0.00014082513  0.0036807100  0.0000000   -2.1246524e-07  -1.1619412e-06  -0.00020273560  4.0716515e-08  -1.6228543e-06  0.00011686284  
-4.1613071e-05  0.00020510588  3.9369913e-08  2.1246524e-07  0.0000000   -0.00030730735  -0.00014019812  0.0023133037  -7.4526975e-07  1.9795431e-06  
-3.3012460e-05  -1.6144375e-07  0.00020269295  1.1619412e-06  0.00030730735  0.0000000   -0.0036639878  -6.9125548e-07  0.0022860841  9.7387981e-08  
0.00014324183  1.3170652e-07  -1.1279976e-06  0.00020273560  0.00014019812  0.0036639878  0.0000000   2.0136126e-06  4.7662977e-07  0.0022865170  
4.4738873e-05  -0.00011822551  1.6475733e-07  -4.0716515e-08  -0.0023133037  6.9125548e-07  -2.0136126e-06  0.0000000   -0.00030733019  -0.00014018237  
0.00013108619  -1.0139434e-07  -0.00011685890  1.6228543e-06  7.4526975e-07  -0.0022860841  -4.7662977e-07  0.00030733019  0.0000000   -0.0036640389  
3.3084602e-05  -1.6230794e-07  -1.6526335e-06  -0.00011686284  -1.9795431e-06  -9.7387981e-08  -0.0022865170  0.00014018237  0.0036640389  0.0000000   
