0.0000000   2.4840380e-05  -0.00011758148  -0.00012170876  -0.00014053381  4.4611549e-05  -0.00026806643  6.7108707e-05  -0.00028454648  -3.4762688e-05  
-2.4840380e-05  0.0000000   -0.00042658280  -0.00041087717  0.00045784722  -5.9209359e-08  4.8853652e-09  -0.00022327296  -2.3234375e-08  -5.6690007e-08  
0.00011758148  0.00042658280  0.0000000   9.5116200e-06  -1.1311414e-08  0.00045792096  -4.8734878e-08  4.7086563e-08  -0.00022329609  3.0030603e-08  
0.00012170876  0.00041087717  -9.5116200e-06  0.0000000   1.7008730e-08  -6.7563934e-08  0.00045782469  2.9631793e-08  2.3978982e-08  -0.00022327985  
0.00014053381  -0.00045784722  1.1311414e-08  -1.7008730e-08  0.0000000   -0.00042661253  -0.00041087948  0.00030651724  -1.9870264e-08  -1.7914201e-08  
-4.4611549e-05  5.9209359e-08  -0.00045792096  6.7563934e-08  0.00042661253  0.0000000   9.4752399e-06  5.3789397e-09  0.00030658158  -5.0231206e-08  
0.00026806643  -4.8853652e-09  4.8734878e-08  -0.00045782469  0.00041087948  -9.4752399e-06  0.0000000   -2.7310950e-08  -8.6524769e-08  0.00030651067  
-6.7108707e-05  0.00022327296  -4.7086563e-08  -2.9631793e-08  -0.00030651724  -5.3789397e-09  2.7310950e-08  0.0000000   -0.00042665165  -0.00041098443  
0.00028454648  2.3234375e-08  0.00022329609  -2.3978982e-08  1.9870264e-08  -0.00030658158  8.6524769e-08  0.00042665165  0.0000000   9.4750244e-06  
3.4762688e-05  5.6690007e-08  -3.0030603e-08  0.00022327985  1.7914201e-08  5.0231206e-08  -0.00030651067  0.00041098443  -9.4750244e-06  0.0000000   
