0.0000000   -1.7029066e-05  5.9142329e-05  -5.0133903e-05  8.4202547e-05  1.4497728e-06  7.1410673e-05  3.6304896e-05  3.0383159e-05  -2.7579181e-05  
1.7029066e-05  0.0000000   -0.00016810991  -0.00079854901  0.00011478050  -8.1473877e-08  -6.2203256e-09  -0.00067209309  4.4688660e-07  -1.1515509e-07  
-5.9142329e-05  0.00016810991  0.0000000   -0.00089086747  -7.1457075e-08  0.00011475029  -2.7258090e-08  4.4111557e-07  -0.00067188390  4.8933245e-08  
5.0133903e-05  0.00079854901  0.00089086747  0.0000000   4.4629310e-08  1.8704098e-08  0.00011470465  -1.3433759e-07  2.2989223e-08  -0.00067164782  
-8.4202547e-05  -0.00011478050  7.1457075e-08  -4.4629310e-08  0.0000000   -0.00016818062  -0.00079890459  0.00014231062  -9.9721369e-08  1.3005802e-08  
-1.4497728e-06  8.1473877e-08  -0.00011475029  -1.8704098e-08  0.00016818062  0.0000000   -0.00089126991  -9.1450861e-08  0.00014226911  -2.7047196e-08  
-7.1410673e-05  6.2203256e-09  2.7258090e-08  -0.00011470465  0.00079890459  0.00089126991  0.0000000   3.9520435e-08  1.0053810e-08  0.00014222558  
-3.6304896e-05  0.00067209309  -4.4111557e-07  1.3433759e-07  -0.00014231062  9.1450861e-08  -3.9520435e-08  0.0000000   -0.00016810622  -0.00079854999  
-3.0383159e-05  -4.4688660e-07  0.00067188390  -2.2989223e-08  9.9721369e-08  -0.00014226911  -1.0053810e-08  0.00016810622  0.0000000   -0.00089086559  
2.7579181e-05  1.1515509e-07  -4.8933245e-08  0.00067164782  -1.3005802e-08  2.7047196e-08  -0.00014222558  0.00079854999  0.00089086559  0.0000000   
