0.0000000   3.0321341e-05  2.4405909e-05  6.2852464e-05  -5.3677693e-05  5.2644541e-06  8.7156517e-06  -3.4324751e-06  -9.6436513e-05  3.8935508e-05  
-3.0321341e-05  0.0000000   9.4865055e-05  8.6497918e-05  -0.00013537273  -9.1372786e-05  0.00015362257  -2.8383088e-06  -0.00014652026  4.3501763e-05  
-2.4405909e-05  -9.4865055e-05  0.0000000   -0.0029774437  0.00083260277  -0.00012708937  0.0014175329  -0.0010467469  0.00023360107  -0.00017002668  
-6.2852464e-05  -8.6497918e-05  0.0029774437  0.0000000   -0.0010777919  0.00013226338  -0.00042796775  0.00090495533  -0.00022690848  0.00018011529  
5.3677693e-05  0.00013537273  -0.00083260277  0.0010777919  0.0000000   -8.8831568e-05  0.0014683523  0.00027721827  0.00043738238  -2.6689375e-05  
-5.2644541e-06  9.1372786e-05  0.00012708937  -0.00013226338  8.8831568e-05  0.0000000   -0.0012843031  2.0138955e-05  2.3065160e-05  -8.7374679e-05  
-8.7156517e-06  -0.00015362257  -0.0014175329  0.00042796775  -0.0014683523  0.0012843031  0.0000000   -0.0023032458  0.00023611197  -0.00094181482  
3.4324751e-06  2.8383088e-06  0.0010467469  -0.00090495533  -0.00027721827  -2.0138955e-05  0.0023032458  0.0000000   0.00044230668  -0.00010611722  
9.6436513e-05  0.00014652026  -0.00023360107  0.00022690848  -0.00043738238  -2.3065160e-05  -0.00023611197  -0.00044230668  0.0000000   -0.00060105733  
-3.8935508e-05  -4.3501763e-05  0.00017002668  -0.00018011529  2.6689375e-05  8.7374679e-05  0.00094181482  0.00010611722  0.00060105733  0.0000000   
