0.0000000   8.8857484e-09  -1.2191444e-05  0.00017812692  0.00039028760  -0.00015835295  0.00012068776  -2.1574180e-05  -1.0248781e-06  1.2732305e-05  
-8.8857484e-09  0.0000000   9.6221423e-05  1.3861552e-06  -2.0987690e-05  -8.1461707e-06  1.1317761e-05  0.00013718462  1.8264517e-05  -2.6750646e-05  
1.2191444e-05  -9.6221423e-05  0.0000000   7.4573887e-07  4.1183396e-05  -1.6038681e-05  3.6218691e-05  -3.4685740e-06  -0.00011065896  2.2643363e-05  
-0.00017812692  -1.3861552e-06  -7.4573887e-07  0.0000000   -0.0011119021  0.00051054119  -0.00021048515  -0.00054191144  -5.1039510e-06  -0.00018433602  
-0.00039028760  2.0987690e-05  -4.1183396e-05  0.0011119021  0.0000000   0.0033010986  0.00013342987  -0.0011993125  -2.6297844e-05  0.00026775488  
0.00015835295  8.1461707e-06  1.6038681e-05  -0.00051054119  -0.0033010986  0.0000000   -0.00072903098  -0.00062739353  1.5837762e-05  -0.00013153203  
-0.00012068776  -1.1317761e-05  -3.6218691e-05  0.00021048515  -0.00013342987  0.00072903098  0.0000000   0.0060191476  4.6926188e-05  -0.0011825819  
2.1574180e-05  -0.00013718462  3.4685740e-06  0.00054191144  0.0011993125  0.00062739353  -0.0060191476  0.0000000   0.00012578606  -0.00092208554  
1.0248781e-06  -1.8264517e-05  0.00011065896  5.1039510e-06  2.6297844e-05  -1.5837762e-05  -4.6926188e-05  -0.00012578606  0.0000000   1.5846450e-05  
-1.2732305e-05  2.6750646e-05  -2.2643363e-05  0.00018433602  -0.00026775488  0.00013153203  0.0011825819  0.00092208554  -1.5846450e-05  0.0000000   
