0.0000000   6.5887011e-06  0.00010095175  -3.7028157e-05  -0.00010042197  -6.7130225e-05  -2.1105751e-05  -3.2182795e-06  0.00023630534  1.8204403e-06  
-6.5887011e-06  0.0000000   0.00043258238  0.00025108554  0.00040901238  0.00049214988  -0.00010674315  0.00075948246  0.00013246030  -0.00011513405  
-0.00010095175  -0.00043258238  0.0000000   -0.00039314091  0.00046250911  -2.7459479e-05  -0.00063212089  0.00096128156  0.00026402149  4.8695099e-05  
3.7028157e-05  -0.00025108554  0.00039314091  0.0000000   0.00040597751  0.00022246078  0.00018031036  -0.00043290200  -2.4666454e-05  0.00032013383  
0.00010042197  -0.00040901238  -0.00046250911  -0.00040597751  0.0000000   -1.1973181e-05  0.00030693058  0.0012598146  9.5427305e-06  7.7276560e-05  
6.7130225e-05  -0.00049214988  2.7459479e-05  -0.00022246078  1.1973181e-05  0.0000000   -0.00072596103  0.00079377241  -5.2508848e-05  0.0014886576  
2.1105751e-05  0.00010674315  0.00063212089  -0.00018031036  -0.00030693058  0.00072596103  0.0000000   -0.00042198473  -0.00025207520  -0.00036387193  
3.2182795e-06  -0.00075948246  -0.00096128156  0.00043290200  -0.0012598146  -0.00079377241  0.00042198473  0.0000000   -0.00018502810  -0.00062703340  
-0.00023630534  -0.00013246030  -0.00026402149  2.4666454e-05  -9.5427305e-06  5.2508848e-05  0.00025207520  0.00018502810  0.0000000   0.00041044626  
-1.8204403e-06  0.00011513405  -4.8695099e-05  -0.00032013383  -7.7276560e-05  -0.0014886576  0.00036387193  0.00062703340  -0.00041044626  0.0000000   
