0.0000000   2.9412537e-05  0.00011209175  3.2135123e-05  -4.8868989e-05  -4.3127737e-05  8.2637576e-05  0.00029613039  8.8934692e-05  -1.0035583e-05  
-2.9412537e-05  0.0000000   8.9235858e-05  9.1481134e-05  -0.00012398975  5.0342006e-05  -0.00014742854  0.00021266689  3.3172703e-05  -0.00015230158  
-0.00011209175  -8.9235858e-05  0.0000000   -0.00084785588  0.00055125810  0.00021907039  -0.00026089759  -0.00018844018  -0.00013693864  7.5367672e-05  
-3.2135123e-05  -9.1481134e-05  0.00084785588  0.0000000   -0.00010314966  9.0007050e-05  -5.6356721e-05  0.0015241647  0.00040520129  -0.00047341161  
4.8868989e-05  0.00012398975  -0.00055125810  0.00010314966  0.0000000   0.00031906363  0.00028661487  -0.0019669450  -0.00028279678  0.00018743634  
4.3127737e-05  -5.0342006e-05  -0.00021907039  -9.0007050e-05  -0.00031906363  0.0000000   -0.00031337142  -0.00039383896  0.00028995541  0.00083364041  
-8.2637576e-05  0.00014742854  0.00026089759  5.6356721e-05  -0.00028661487  0.00031337142  0.0000000   0.00052604465  0.00050305109  -0.00013405513  
-0.00029613039  -0.00021266689  0.00018844018  -0.0015241647  0.0019669450  0.00039383896  -0.00052604465  0.0000000   -0.00052523923  -0.00021418734  
-8.8934692e-05  -3.3172703e-05  0.00013693864  -0.00040520129  0.00028279678  -0.00028995541  -0.00050305109  0.00052523923  0.0000000   0.00045604302  
1.0035583e-05  0.00015230158  -7.5367672e-05  0.00047341161  -0.00018743634  -0.00083364041  0.00013405513  0.00021418734  -0.00045604302  0.0000000   
