0.0000000   -3.4873502e-05  0.00027411666  -2.0506731e-05  -0.00027841529  2.5537308e-05  -3.4267423e-05  -3.7436514e-05  -3.9037525e-05  4.6144281e-06  
3.4873502e-05  0.0000000   -0.00045239905  -0.00017583716  -0.00046624419  1.1270193e-07  -1.9798598e-07  0.00016507392  1.0745076e-07  1.2539253e-07  
-0.00027411666  0.00045239905  0.0000000   -0.0011115559  4.0976404e-08  -0.00046575244  1.2696095e-07  -1.0642391e-07  0.00016487105  3.0757392e-07  
2.0506731e-05  0.00017583716  0.0011115559  0.0000000   -1.7109402e-07  -7.2803685e-08  -0.00046569515  3.0271640e-08  -3.1604401e-07  0.00016488670  
0.00027841529  0.00046624419  -4.0976404e-08  1.7109402e-07  0.0000000   -0.00045223338  -0.00017576720  0.00064887630  -1.0978865e-07  2.7863002e-07  
-2.5537308e-05  -1.1270193e-07  0.00046575244  7.2803685e-08  0.00045223338  0.0000000   -0.0011112449  -5.3470966e-08  0.00064821428  -1.4676608e-07  
3.4267423e-05  1.9798598e-07  -1.2696095e-07  0.00046569515  0.00017576720  0.0011112449  0.0000000   3.0849895e-07  6.5601900e-08  0.00064816796  
3.7436514e-05  -0.00016507392  1.0642391e-07  -3.0271640e-08  -0.00064887630  5.3470966e-08  -3.0849895e-07  0.0000000   -0.00045234717  -0.00017581548  
3.9037525e-05  -1.0745076e-07  -0.00016487105  3.1604401e-07  1.0978865e-07  -0.00064821428  -6.5601900e-08  0.00045234717  0.0000000   -0.0011115174  
-4.6144281e-06  -1.2539253e-07  -3.0757392e-07  -0.00016488670  -2.7863002e-07  1.4676608e-07  -0.00064816796  0.00017581548  0.0011115174  0.0000000   
