0.0000000   1.1346406e-05  0.00011564319  -0.00016983413  0.00021842128  -4.5292597e-05  5.5678706e-05  0.00017781498  -0.00019236647  -1.8595756e-06  
-1.1346406e-05  0.0000000   5.1877308e-05  0.00024085346  0.00014169868  -9.4992671e-05  -0.00029523735  0.00012425911  0.00015097598  3.2379291e-06  
-0.00011564319  -5.1877308e-05  0.0000000   0.0017762832  -0.0010266648  1.0207592e-06  0.00071039418  -0.0032310860  -0.00050520170  5.6561045e-05  
0.00016983413  -0.00024085346  -0.0017762832  0.0000000   -0.00075580464  -0.00011912221  -0.00023350754  0.0028238394  0.00015258634  9.1174186e-05  
-0.00021842128  -0.00014169868  0.0010266648  0.00075580464  0.0000000   0.00010152692  0.00069272356  -0.0051034497  -0.00047765123  3.2147184e-06  
4.5292597e-05  9.4992671e-05  -1.0207592e-06  0.00011912221  -0.00010152692  0.0000000   0.0013966138  -4.7004782e-05  -0.00066010741  4.0299721e-05  
-5.5678706e-05  0.00029523735  -0.00071039418  0.00023350754  -0.00069272356  -0.0013966138  0.0000000   0.00099296890  1.2304507e-06  -0.00046546619  
-0.00017781498  -0.00012425911  0.0032310860  -0.0028238394  0.0051034497  4.7004782e-05  -0.00099296890  0.0000000   0.00076499251  -0.00026764990  
0.00019236647  -0.00015097598  0.00050520170  -0.00015258634  0.00047765123  0.00066010741  -1.2304507e-06  -0.00076499251  0.0000000   0.00020862782  
1.8595756e-06  -3.2379291e-06  -5.6561045e-05  -9.1174186e-05  -3.2147184e-06  -4.0299721e-05  0.00046546619  0.00026764990  -0.00020862782  0.0000000   
