0.0000000   6.2132922e-06  0.00026173069  -7.6399378e-05  1.4614767e-05  5.1442262e-05  8.5394545e-05  -0.00024520131  5.9020363e-05  3.7033376e-05  
-6.2132922e-06  0.0000000   -0.00045671560  -0.00015607848  -1.3405257e-05  -0.00017716685  1.7660288e-05  -0.00060014677  4.7589934e-05  3.0985511e-05  
-0.00026173069  0.00045671560  0.0000000   0.0073161120  -8.7935459e-05  -1.5979373e-05  8.2327991e-05  -0.00013588676  -0.00015018663  -0.00016143763  
7.6399378e-05  0.00015607848  -0.0073161120  0.0000000   -1.7567277e-05  1.6231069e-05  0.00065091278  0.00014393471  0.00023405186  2.2923653e-05  
-1.4614767e-05  1.3405257e-05  8.7935459e-05  1.7567277e-05  0.0000000   -1.8501270e-05  -0.0071404273  0.00054309387  0.00052295441  0.0025311403  
-5.1442262e-05  0.00017716685  1.5979373e-05  -1.6231069e-05  1.8501270e-05  0.0000000   -0.00066417989  -0.0035115711  0.0011010797  0.0012727164  
-8.5394545e-05  -1.7660288e-05  -8.2327991e-05  -0.00065091278  0.0071404273  0.00066417989  0.0000000   -0.00011504751  2.9356671e-05  3.7401856e-05  
0.00024520131  0.00060014677  0.00013588676  -0.00014393471  -0.00054309387  0.0035115711  0.00011504751  0.0000000   -0.00012092803  2.2584715e-05  
-5.9020363e-05  -4.7589934e-05  0.00015018663  -0.00023405186  -0.00052295441  -0.0011010797  -2.9356671e-05  0.00012092803  0.0000000   -4.4798520e-05  
-3.7033376e-05  -3.0985511e-05  0.00016143763  -2.2923653e-05  -0.0025311403  -0.0012727164  -3.7401856e-05  -2.2584715e-05  4.4798520e-05  0.0000000   
