0.0000000   3.0887237e-05  -0.00021682900  3.6364472e-05  -0.00019934398  -0.00010957080  -0.00016946728  5.7672094e-05  -0.00018397170  8.9667946e-05  
-3.0887237e-05  0.0000000   0.00076390231  -0.00074381083  -0.00087365694  1.1714601e-06  7.8387436e-07  -0.00018905432  -6.8995971e-07  1.0844683e-06  
0.00021682900  -0.00076390231  0.0000000   -0.0018494173  7.9809502e-07  -0.00087162171  -6.7759887e-07  1.1178564e-06  -0.00018858770  2.1498959e-06  
-3.6364472e-05  0.00074381083  0.0018494173  0.0000000   1.0377897e-06  7.6202998e-08  -0.00087147269  -6.5920887e-07  -2.3316138e-06  -0.00018853525  
0.00019934398  0.00087365694  -7.9809502e-07  -1.0377897e-06  0.0000000   0.00076227023  -0.00074216885  0.0015861081  -1.8923715e-06  -1.5920097e-06  
0.00010957080  -1.1714601e-06  0.00087162171  -7.6202998e-08  -0.00076227023  0.0000000   -0.0018455238  -1.6992365e-06  0.0015824094  8.2647167e-07  
0.00016946728  -7.8387436e-07  6.7759887e-07  0.00087147269  0.00074216885  0.0018455238  0.0000000   -1.8351982e-06  2.2473030e-07  0.0015820402  
-5.7672094e-05  0.00018905432  -1.1178564e-06  6.5920887e-07  -0.0015861081  1.6992365e-06  1.8351982e-06  0.0000000   0.00076278277  -0.00074271992  
0.00018397170  6.8995971e-07  0.00018858770  2.3316138e-06  1.8923715e-06  -0.0015824094  -2.2473030e-07  -0.00076278277  0.0000000   -0.0018467780  
-8.9667946e-05  -1.0844683e-06  -2.1498959e-06  0.00018853525  1.5920097e-06  -8.2647167e-07  -0.0015820402  0.00074271992  0.0018467780  0.0000000   
