0.0000000   -2.5608401e-05  5.2598083e-06  -3.9175459e-05  -0.00027088522  2.8548656e-05  -4.6376182e-05  9.2332586e-06  5.9243387e-05  6.2186092e-06  
2.5608401e-05  0.0000000   7.4296382e-05  5.3777409e-05  7.3448197e-05  -9.5228258e-05  0.00079562051  0.0010008465  -0.00086810831  4.3944121e-05  
-5.2598083e-06  -7.4296382e-05  0.0000000   -0.0039773140  0.0024589539  0.00072511440  0.00028715677  7.4746624e-05  -4.7833573e-06  4.1096236e-05  
3.9175459e-05  -5.3777409e-05  0.0039773140  0.0000000   0.0083205620  -0.0036905222  -0.00026500056  0.00013523926  7.5414547e-05  0.00058367822  
0.00027088522  -7.3448197e-05  -0.0024589539  -0.0083205620  0.0000000   -0.019442227  -0.00086524654  -0.00058337630  -0.0023289244  -5.7330126e-05  
-2.8548656e-05  9.5228258e-05  -0.00072511440  0.0036905222  0.019442227  0.0000000   -0.00040246327  -0.00034270102  0.00029413463  -0.00051705083  
4.6376182e-05  -0.00079562051  -0.00028715677  0.00026500056  0.00086524654  0.00040246327  0.0000000   0.0021193161  0.00014439624  0.00010292077  
-9.2332586e-06  -0.0010008465  -7.4746624e-05  -0.00013523926  0.00058337630  0.00034270102  -0.0021193161  0.0000000   -0.0025420375  0.015480921  
-5.9243387e-05  0.00086810831  4.7833573e-06  -7.5414547e-05  0.0023289244  -0.00029413463  -0.00014439624  0.0025420375  0.0000000   0.00087347764  
-6.2186092e-06  -4.3944121e-05  -4.1096236e-05  -0.00058367822  5.7330126e-05  0.00051705083  -0.00010292077  -0.015480921  -0.00087347764  0.0000000   
