0.0000000   2.0327463e-05  -0.00012711344  -2.9425773e-05  -0.00012644295  -3.7999202e-05  2.9885380e-06  9.9996135e-05  -2.9322812e-05  2.4958569e-05  
-2.0327463e-05  0.0000000   0.00026566627  -0.00083361362  -0.00062285082  -7.1389921e-07  -1.0350802e-06  -0.00066608997  -1.2423126e-06  3.9908680e-07  
0.00012711344  -0.00026566627  0.0000000   0.0021849261  -1.2263535e-06  -0.00062068838  1.8690877e-06  -8.3610582e-07  -0.00066376998  -1.9612350e-06  
2.9425773e-05  0.00083361362  -0.0021849261  0.0000000   5.3892314e-07  -2.1326991e-06  -0.00062026982  -1.0143874e-06  1.6586129e-06  -0.00066332306  
0.00012644295  0.00062285082  1.2263535e-06  -5.3892314e-07  0.0000000   0.00026516929  -0.00083204759  0.0016385557  2.4403770e-06  9.6584157e-07  
3.7999202e-05  7.1389921e-07  0.00062068838  2.1326991e-06  -0.00026516929  0.0000000   0.0021808289  2.6146331e-06  0.0016329009  -3.8185347e-07  
-2.9885380e-06  1.0350802e-06  -1.8690877e-06  0.00062026982  0.00083204759  -0.0021808289  0.0000000   4.2063877e-07  1.1047189e-06  0.0016317693  
-9.9996135e-05  0.00066608997  8.3610582e-07  1.0143874e-06  -0.0016385557  -2.6146331e-06  -4.2063877e-07  0.0000000   0.00026513425  -0.00083195747  
2.9322812e-05  1.2423126e-06  0.00066376998  -1.6586129e-06  -2.4403770e-06  -0.0016329009  -1.1047189e-06  -0.00026513425  0.0000000   0.0021806246  
-2.4958569e-05  -3.9908680e-07  1.9612350e-06  0.00066332306  -9.6584157e-07  3.8185347e-07  -0.0016317693  0.00083195747  -0.0021806246  0.0000000   
