0.0000000   2.0361131e-05  -0.00036624440  -0.00024187921  -1.1876340e-05  0.00015605923  9.3741758e-05  0.00026092887  -4.3546779e-05  1.6877934e-05  
-2.0361131e-05  0.0000000   1.7833363e-05  -0.00027658526  0.00024371208  0.00054297404  0.00027096385  0.00017081340  -0.00022181087  4.8234452e-05  
0.00036624440  -1.7833363e-05  0.0000000   -0.0015708947  0.0011035794  0.00012200742  0.00016446535  0.00021032470  -7.3547472e-05  4.0343228e-05  
0.00024187921  0.00027658526  0.0015708947  0.0000000   -0.0023421638  -0.00041168672  -0.00057020629  0.0019852895  -8.3286017e-05  -0.00015226037  
1.1876340e-05  -0.00024371208  -0.0011035794  0.0023421638  0.0000000   1.6020189e-05  -0.00019181878  0.0014731069  0.00026791979  0.00013838800  
-0.00015605923  -0.00054297404  -0.00012200742  0.00041168672  -1.6020189e-05  0.0000000   0.00034674015  -0.00062359463  0.00052621428  -0.00039541539  
-9.3741758e-05  -0.00027096385  -0.00016446535  0.00057020629  0.00019181878  -0.00034674015  0.0000000   -4.9718508e-05  -0.00084910423  0.00085751109  
-0.00026092887  -0.00017081340  -0.00021032470  -0.0019852895  -0.0014731069  0.00062359463  4.9718508e-05  0.0000000   0.00014078909  0.00047931856  
4.3546779e-05  0.00022181087  7.3547472e-05  8.3286017e-05  -0.00026791979  -0.00052621428  0.00084910423  -0.00014078909  0.0000000   0.00060827212  
-1.6877934e-05  -4.8234452e-05  -4.0343228e-05  0.00015226037  -0.00013838800  0.00039541539  -0.00085751109  -0.00047931856  -0.00060827212  0.0000000   
