0.0000000   3.1683953e-05  1.2382219e-05  -1.2251718e-05  3.1018583e-06  -1.5950922e-05  -4.6495119e-05  -2.5077674e-05  -4.6483321e-05  2.8008742e-05  
-3.1683953e-05  0.0000000   1.2832198e-06  -4.0767295e-05  -4.0616526e-06  -3.9658605e-09  -4.9200660e-10  -3.5025658e-05  4.4645456e-09  1.4882535e-09  
-1.2382219e-05  -1.2832198e-06  0.0000000   -0.0010461940  -7.7959081e-10  -4.0560895e-06  -6.7602191e-08  3.5444879e-09  -3.4984752e-05  -1.8327784e-08  
1.2251718e-05  4.0767295e-05  0.0010461940  0.0000000   3.5158565e-09  7.1365065e-08  -4.0546269e-06  1.7513312e-09  1.3093376e-08  -3.4996781e-05  
-3.1018583e-06  4.0616526e-06  7.7959081e-10  -3.5158565e-09  0.0000000   1.2768843e-06  -4.0644304e-05  0.0019763140  -1.0971879e-07  -5.7665477e-08  
1.5950922e-05  3.9658605e-09  4.0560895e-06  -7.1365065e-08  -1.2768843e-06  0.0000000   -0.0010429394  -1.1135067e-07  0.0019739853  2.5054372e-07  
4.6495119e-05  4.9200660e-10  6.7602191e-08  4.0546269e-06  4.0644304e-05  0.0010429394  0.0000000   -6.8076319e-08  8.2094521e-08  0.0019744511  
2.5077674e-05  3.5025658e-05  -3.5444879e-09  -1.7513312e-09  -0.0019763140  1.1135067e-07  6.8076319e-08  0.0000000   1.2798456e-06  -4.0635535e-05  
4.6483321e-05  -4.4645456e-09  3.4984752e-05  -1.3093376e-08  1.0971879e-07  -0.0019739853  -8.2094521e-08  -1.2798456e-06  0.0000000   -0.0010427055  
-2.8008742e-05  -1.4882535e-09  1.8327784e-08  3.4996781e-05  5.7665477e-08  -2.5054372e-07  -0.0019744511  4.0635535e-05  0.0010427055  0.0000000   
