0.0000000   1.1779721e-05  1.1351171e-05  -6.9567218e-08  3.8709864e-06  3.2051477e-06  4.2152402e-06  -3.7726286e-06  -5.7372936e-07  4.3563296e-06  
-1.1779721e-05  0.0000000   0.00021908370  -0.00014760191  -2.9561818e-05  -0.00024150047  -1.0095012e-05  3.2897993e-05  2.8744349e-05  -0.00038698334  
-1.1351171e-05  -0.00021908370  0.0000000   0.00011654201  -0.0060537286  -7.1779770e-05  -7.0767136e-05  0.011074191  -9.6364087e-05  8.0698063e-06  
6.9567218e-08  0.00014760191  -0.00011654201  0.0000000   0.0058649966  1.5270495e-05  3.7164827e-05  -0.010761189  0.00010148641  -2.2267399e-05  
-3.8709864e-06  2.9561818e-05  0.0060537286  -0.0058649966  0.0000000   0.00094194565  0.0025041708  -0.0010680662  -0.00045365149  -0.00067742400  
-3.2051477e-06  0.00024150047  7.1779770e-05  -1.5270495e-05  -0.00094194565  0.0000000   -5.3094139e-05  -0.00061365657  -0.00028281817  5.8156014e-06  
-4.2152402e-06  1.0095012e-05  7.0767136e-05  -3.7164827e-05  -0.0025041708  5.3094139e-05  0.0000000   0.00066661726  -9.2125132e-05  -2.4040084e-05  
3.7726286e-06  -3.2897993e-05  -0.011074191  0.010761189  0.0010680662  0.00061365657  -0.00066661726  0.0000000   -0.0019843676  -0.00054585710  
5.7372936e-07  -2.8744349e-05  9.6364087e-05  -0.00010148641  0.00045365149  0.00028281817  9.2125132e-05  0.0019843676  0.0000000   -0.00018945839  
-4.3563296e-06  0.00038698334  -8.0698063e-06  2.2267399e-05  0.00067742400  -5.8156014e-06  2.4040084e-05  0.00054585710  0.00018945839  0.0000000   
