0.0000000   5.4935788e-06  -4.4532704e-05  -6.5092356e-05  2.1412191e-06  -1.8347209e-05  -3.4274017e-05  -2.4576183e-05  1.8772397e-05  -5.3648024e-05  
-5.4935788e-06  0.0000000   -0.00020565095  0.00010075750  3.3438252e-05  0.00024686366  -0.0021676476  -0.00037316632  6.2027740e-05  -4.6369413e-05  
4.4532704e-05  0.00020565095  0.0000000   7.6679392e-05  -3.9075848e-06  -0.00016285662  0.00024881296  -5.1409373e-05  -0.00027226629  -4.7306497e-05  
6.5092356e-05  -0.00010075750  -7.6679392e-05  0.0000000   -1.0396995e-06  -0.00022507951  -0.00030043635  7.1914853e-05  -0.00029675619  9.3811461e-05  
-2.1412191e-06  -3.3438252e-05  3.9075848e-06  1.0396995e-06  0.0000000   5.0569820e-05  -0.00015027374  -1.8332453e-05  -0.00034739343  9.0881544e-05  
1.8347209e-05  -0.00024686366  0.00016285662  0.00022507951  -5.0569820e-05  0.0000000   0.00029037618  0.00012378348  0.0020416228  -0.020302127  
3.4274017e-05  0.0021676476  -0.00024881296  0.00030043635  0.00015027374  -0.00029037618  0.0000000   0.00047340896  0.023579351  -3.2050881e-05  
2.4576183e-05  0.00037316632  5.1409373e-05  -7.1914853e-05  1.8332453e-05  -0.00012378348  -0.00047340896  0.0000000   0.0013515413  -0.00019614342  
-1.8772397e-05  -6.2027740e-05  0.00027226629  0.00029675619  0.00034739343  -0.0020416228  -0.023579351  -0.0013515413  0.0000000   -0.0010500087  
5.3648024e-05  4.6369413e-05  4.7306497e-05  -9.3811461e-05  -9.0881544e-05  0.020302127  3.2050881e-05  0.00019614342  0.0010500087  0.0000000   
