0.0000000   -2.6967237e-05  0.00020525055  -2.8652378e-05  2.7090466e-05  -6.0832917e-06  -2.6211379e-05  1.9084139e-05  -2.9475437e-05  2.5224407e-05  
2.6967237e-05  0.0000000   0.0014683613  -0.00036315023  0.00026104614  -0.00011511764  -0.00058022092  0.00021529364  0.0015590058  -0.00085325499  
-0.00020525055  -0.0014683613  0.0000000   -0.0071608086  0.0026701479  -0.00059749963  -6.8492640e-05  0.00011470336  -7.7053764e-05  0.00016884863  
2.8652378e-05  0.00036315023  0.0071608086  0.0000000   -0.00064685892  -0.0027016824  0.00014141907  -3.8570039e-05  7.7817928e-05  0.00019941702  
-2.7090466e-05  -0.00026104614  -0.0026701479  0.00064685892  0.0000000   -0.0072749603  -3.7008906e-05  0.00032671891  0.00069638016  0.00017167858  
6.0832917e-06  0.00011511764  0.00059749963  0.0027016824  0.0072749603  0.0000000   -0.00014306807  4.9387706e-05  0.00023179481  -0.00028121879  
2.6211379e-05  0.00058022092  6.8492640e-05  -0.00014141907  3.7008906e-05  0.00014306807  0.0000000   0.00080389075  -0.018077204  0.011580841  
-1.9084139e-05  -0.00021529364  -0.00011470336  3.8570039e-05  -0.00032671891  -4.9387706e-05  -0.00080389075  0.0000000   0.0083500604  -0.0051491033  
2.9475437e-05  -0.0015590058  7.7053764e-05  -7.7817928e-05  -0.00069638016  -0.00023179481  0.018077204  -0.0083500604  0.0000000   -0.0043542700  
-2.5224407e-05  0.00085325499  -0.00016884863  -0.00019941702  -0.00017167858  0.00028121879  -0.011580841  0.0051491033  0.0043542700  0.0000000   
