0.0000000   -5.5697193e-06  -0.00027024636  7.5263998e-06  0.00025521470  -8.3052533e-06  -9.5439336e-05  5.5940154e-05  -0.00010125677  -8.5636736e-07  
5.5697193e-06  0.0000000   -0.00053659910  0.00010500891  -0.00047607689  -8.7912728e-08  -1.0015483e-07  -0.00016516489  7.9164384e-08  -5.7279664e-08  
0.00027024636  0.00053659910  0.0000000   -0.00049436689  8.3474954e-08  -0.00047601268  -1.1716769e-07  -7.2133984e-08  -0.00016515620  6.8651920e-08  
-7.5263998e-06  -0.00010500891  0.00049436689  0.0000000   -1.0087563e-07  3.8707749e-08  -0.00047605735  -2.1103889e-08  -9.4587653e-08  -0.00016515659  
-0.00025521470  0.00047607689  -8.3474954e-08  1.0087563e-07  0.0000000   -0.00053641296  0.00010495977  0.00059817119  -6.2358903e-09  1.4459207e-07  
8.3052533e-06  8.7912728e-08  0.00047601268  -3.8707749e-08  0.00053641296  0.0000000   -0.00049420137  1.8250534e-08  0.00059814611  4.0604181e-08  
9.5439336e-05  1.0015483e-07  1.1716769e-07  0.00047605735  -0.00010495977  0.00049420137  0.0000000   1.5805983e-07  5.7891776e-08  0.00059816532  
-5.5940154e-05  0.00016516489  7.2133984e-08  2.1103889e-08  -0.00059817119  -1.8250534e-08  -1.5805983e-07  0.0000000   -0.00053651926  0.00010498380  
0.00010125677  -7.9164384e-08  0.00016515620  9.4587653e-08  6.2358903e-09  -0.00059814611  -5.7891776e-08  0.00053651926  0.0000000   -0.00049430680  
8.5636736e-07  5.7279664e-08  -6.8651920e-08  0.00016515659  -1.4459207e-07  -4.0604181e-08  -0.00059816532  -0.00010498380  0.00049430680  0.0000000   
