0.0000000   2.9267727e-06  0.00017958925  -2.1813235e-05  -1.5421428e-05  3.8358957e-06  4.6845366e-05  0.00019016229  -5.6686812e-05  -1.9449672e-06  
-2.9267727e-06  0.0000000   4.1348859e-05  0.00017691415  -1.5304110e-06  -0.00017437595  -6.0150337e-06  -0.00010636533  -3.7016982e-06  1.0465162e-07  
-0.00017958925  -4.1348859e-05  0.0000000   -0.0019481297  -0.0022953217  9.0822190e-05  -0.00011871368  0.0022964755  -0.00024836087  2.0849708e-06  
2.1813235e-05  -0.00017691415  0.0019481297  0.0000000   -0.00038242381  5.3620524e-06  -0.00016623923  0.00024387932  7.2424297e-06  0.00018529491  
1.5421428e-05  1.5304110e-06  0.0022953217  0.00038242381  0.0000000   9.9311452e-05  -0.0020796043  0.0024757994  -0.0012679236  6.7254798e-07  
-3.8358957e-06  0.00017437595  -9.0822190e-05  -5.3620524e-06  -9.9311452e-05  0.0000000   1.9003231e-05  0.0012744074  2.3599985e-05  -0.00018213972  
-4.6845366e-05  6.0150337e-06  0.00011871368  0.00016623923  0.0020796043  -1.9003231e-05  0.0000000   2.2552952e-05  7.0772030e-05  0.0012830774  
-0.00019016229  0.00010636533  -0.0022964755  -0.00024387932  -0.0024757994  -0.0012744074  -2.2552952e-05  0.0000000   4.7247600e-05  7.7961047e-06  
5.6686812e-05  3.7016982e-06  0.00024836087  -7.2424297e-06  0.0012679236  -2.3599985e-05  -7.0772030e-05  -4.7247600e-05  0.0000000   0.0020483314  
1.9449672e-06  -1.0465162e-07  -2.0849708e-06  -0.00018529491  -6.7254798e-07  0.00018213972  -0.0012830774  -7.7961047e-06  -0.0020483314  0.0000000   
