0.0000000   2.8895556e-05  -0.00047512142  -6.7140339e-05  -0.00043360132  2.1950411e-05  0.00019878224  0.00011032602  0.00018767601  -6.7802232e-06  
-2.8895556e-05  0.0000000   -0.00061279918  -1.6710211e-05  0.00047320724  4.6914702e-08  7.7365464e-07  4.1039822e-05  -4.2539535e-07  6.4473831e-08  
0.00047512142  0.00061279918  0.0000000   -0.0030918325  -5.5311529e-09  0.00046936424  1.9131929e-07  7.0582146e-08  4.0656167e-05  -2.0826392e-06  
6.7140339e-05  1.6710211e-05  0.0030918325  0.0000000   2.6176773e-07  -1.6250337e-07  0.00046934845  1.7120541e-07  2.2377570e-06  4.0669588e-05  
0.00043360132  -0.00047320724  5.5311529e-09  -2.6176773e-07  0.0000000   -0.00061059637  -1.6724092e-05  0.0020366810  2.3255287e-08  3.3588382e-06  
-2.1950411e-05  -4.6914702e-08  -0.00046936424  1.6250337e-07  0.00061059637  0.0000000   -0.0030813009  2.5835447e-08  0.0020203662  4.0287889e-07  
-0.00019878224  -7.7365464e-07  -1.9131929e-07  -0.00046934845  1.6724092e-05  0.0030813009  0.0000000   3.5401681e-06  6.6145509e-08  0.0020197033  
-0.00011032602  -4.1039822e-05  -7.0582146e-08  -1.7120541e-07  -0.0020366810  -2.5835447e-08  -3.5401681e-06  0.0000000   -0.00061091514  -1.6604955e-05  
-0.00018767601  4.2539535e-07  -4.0656167e-05  -2.2377570e-06  -2.3255287e-08  -0.0020203662  -6.6145509e-08  0.00061091514  0.0000000   -0.0030818894  
6.7802232e-06  -6.4473831e-08  2.0826392e-06  -4.0669588e-05  -3.3588382e-06  -4.0287889e-07  -0.0020197033  1.6604955e-05  0.0030818894  0.0000000   
