0.0000000   5.1458100e-05  -0.00039913483  -1.9551154e-06  0.00011349522  1.5773509e-05  -0.00025717099  -2.8696377e-05  5.1010090e-06  -2.0721153e-05  
-5.1458100e-05  0.0000000   -0.00035422270  -0.00019108540  -0.00022937810  0.00047569135  -4.5850065e-05  -0.00019552355  -9.6755541e-06  2.9296194e-05  
0.00039913483  0.00035422270  0.0000000   0.00021248996  -2.5201150e-05  -4.4935926e-05  0.00050049350  -1.3467388e-05  9.5333339e-06  3.5798143e-05  
1.9551154e-06  0.00019108540  -0.00021248996  0.0000000   -0.00021235405  -0.00082691617  0.00024346180  0.00010299147  -0.00018112244  -8.9063440e-05  
-0.00011349522  0.00022937810  2.5201150e-05  0.00021235405  0.0000000   0.0023278235  -0.00096189261  -0.00015846943  -0.00016878061  1.9409020e-05  
-1.5773509e-05  -0.00047569135  4.4935926e-05  0.00082691617  -0.0023278235  0.0000000   -0.00018352925  0.00045638592  -0.00015345421  7.1188780e-05  
0.00025717099  4.5850065e-05  -0.00050049350  -0.00024346180  0.00096189261  0.00018352925  0.0000000   -0.00020419303  0.00016717028  -5.3169908e-05  
2.8696377e-05  0.00019552355  1.3467388e-05  -0.00010299147  0.00015846943  -0.00045638592  0.00020419303  0.0000000   0.0012806240  -0.00021250915  
-5.1010090e-06  9.6755541e-06  -9.5333339e-06  0.00018112244  0.00016878061  0.00015345421  -0.00016717028  -0.0012806240  0.0000000   -0.0057952515  
2.0721153e-05  -2.9296194e-05  -3.5798143e-05  8.9063440e-05  -1.9409020e-05  -7.1188780e-05  5.3169908e-05  0.00021250915  0.0057952515  0.0000000   
