0.0000000   -4.0528264e-05  2.9087728e-05  -1.2774929e-05  -0.00036516387  -2.4991495e-05  -0.00016084542  -4.6540751e-06  3.4911009e-06  -1.2704044e-05  
4.0528264e-05  0.0000000   -0.00082009851  -0.00067558119  0.00052817996  -0.00089320057  -0.00010310587  -8.4868669e-06  -4.5815105e-05  -0.00083908210  
-2.9087728e-05  0.00082009851  0.0000000   -0.00068094978  0.00020782283  0.00043811984  -0.00036770184  -2.6222862e-06  1.5344428e-06  -0.00019468104  
1.2774929e-05  0.00067558119  0.00068094978  0.0000000   0.00061124555  -5.1244996e-05  -0.00013977267  3.3995389e-05  -5.7911535e-07  -0.00029319295  
0.00036516387  -0.00052817996  -0.00020782283  -0.00061124555  0.0000000   0.00018273431  -0.00092749315  5.3141635e-06  3.0827836e-06  -0.00022090364  
2.4991495e-05  0.00089320057  -0.00043811984  5.1244996e-05  -0.00018273431  0.0000000   3.9751788e-05  -0.00014978831  0.00049801146  0.013546826  
0.00016084542  0.00010310587  0.00036770184  0.00013977267  0.00092749315  -3.9751788e-05  0.0000000   3.6520555e-05  -2.7904181e-06  -0.00028186305  
4.6540751e-06  8.4868669e-06  2.6222862e-06  -3.3995389e-05  -5.3141635e-06  0.00014978831  -3.6520555e-05  0.0000000   -0.00026524505  -1.9491891e-05  
-3.4911009e-06  4.5815105e-05  -1.5344428e-06  5.7911535e-07  -3.0827836e-06  -0.00049801146  2.7904181e-06  0.00026524505  0.0000000   -7.6410314e-06  
1.2704044e-05  0.00083908210  0.00019468104  0.00029319295  0.00022090364  -0.013546826  0.00028186305  1.9491891e-05  7.6410314e-06  0.0000000   
