0.0000000   8.5378020e-05  -0.00022838053  -5.2410134e-05  0.00015994273  -0.00012628114  7.3729919e-05  3.5493503e-05  -7.8036834e-05  -3.9665971e-06  
-8.5378020e-05  0.0000000   0.00035363038  -0.00035857966  -5.2791668e-07  -0.00035633414  3.8095305e-05  0.00012511077  3.3877357e-05  -0.00055501518  
0.00022838053  -0.00035363038  0.0000000   0.0028256571  0.00053164225  -9.9591949e-06  -5.6539189e-05  -0.0010239943  -3.8618302e-05  0.00041790099  
5.2410134e-05  0.00035857966  -0.0028256571  0.0000000   0.012233589  -3.9714046e-05  -0.00048022591  0.00041345192  -0.0015894436  -0.00021829569  
-0.00015994273  5.2791668e-07  -0.00053164225  -0.012233589  0.0000000   0.00017070024  -2.2452117e-05  0.019159901  -0.00047137565  -6.8245030e-06  
0.00012628114  0.00035633414  9.9591949e-06  3.9714046e-05  -0.00017070024  0.0000000   -0.0063594673  9.1798018e-05  -0.0047804933  0.00061522995  
-7.3729919e-05  -3.8095305e-05  5.6539189e-05  0.00048022591  2.2452117e-05  0.0063594673  0.0000000   0.00022670505  -0.0015072821  0.0020636497  
-3.5493503e-05  -0.00012511077  0.0010239943  -0.00041345192  -0.019159901  -9.1798018e-05  -0.00022670505  0.0000000   -0.0028869939  -0.00031386255  
7.8036834e-05  -3.3877357e-05  3.8618302e-05  0.0015894436  0.00047137565  0.0047804933  0.0015072821  0.0028869939  0.0000000   -0.0012518093  
3.9665971e-06  0.00055501518  -0.00041790099  0.00021829569  6.8245030e-06  -0.00061522995  -0.0020636497  0.00031386255  0.0012518093  0.0000000   
