0.0000000   1.6813518e-05  -0.00011718645  -2.6739978e-05  7.4982311e-05  -2.1682579e-05  0.00011882125  -1.6904869e-06  -4.7258017e-07  -8.4397558e-06  
-1.6813518e-05  0.0000000   -0.00011386970  -0.00046581546  -0.00023715443  0.00038129515  4.1661622e-06  -1.4346821e-05  3.3325182e-06  6.8185174e-06  
0.00011718645  0.00011386970  0.0000000   0.00025600496  -0.00030890018  -1.7473340e-05  -0.00028001791  -1.0473189e-05  5.0889326e-05  -2.0420868e-05  
2.6739978e-05  0.00046581546  -0.00025600496  0.0000000   -0.00027496035  -0.0012408454  0.00064839528  -7.0334240e-05  -0.00025317922  -0.00018559661  
-7.4982311e-05  0.00023715443  0.00030890018  0.00027496035  0.0000000   -0.0030276602  -0.0016222736  2.0710318e-07  -0.00016060956  -0.00010006241  
2.1682579e-05  -0.00038129515  1.7473340e-05  0.0012408454  0.0030276602  0.0000000   0.00021496490  3.5765328e-06  -0.00040674036  0.00010182303  
-0.00011882125  -4.1661622e-06  0.00028001791  -0.00064839528  0.0016222736  -0.00021496490  0.0000000   6.8233328e-06  -3.3970530e-05  2.3004317e-05  
1.6904869e-06  1.4346821e-05  1.0473189e-05  7.0334240e-05  -2.0710318e-07  -3.5765328e-06  -6.8233328e-06  0.0000000   -0.00028212731  0.0012870797  
4.7258017e-07  -3.3325182e-06  -5.0889326e-05  0.00025317922  0.00016060956  0.00040674036  3.3970530e-05  0.00028212731  0.0000000   0.0083107237  
8.4397558e-06  -6.8185174e-06  2.0420868e-05  0.00018559661  0.00010006241  -0.00010182303  -2.3004317e-05  -0.0012870797  -0.0083107237  0.0000000   
