0.0000000   2.5502294e-05  -0.00019661240  0.00010509547  -0.00020690964  -8.5735194e-06  -3.2394595e-05  -3.6576620e-05  -5.0213005e-05  3.0956625e-05  
-2.5502294e-05  0.0000000   0.00087488555  0.00046200094  -0.00066015998  2.7504205e-07  7.7002000e-07  0.00069043910  8.0895576e-07  -2.3618006e-07  
0.00019661240  -0.00087488555  0.0000000   -0.00099278429  -8.4648324e-07  -0.00065957757  -5.0031762e-07  -1.9989696e-07  0.00068974799  -6.7251450e-07  
-0.00010509547  -0.00046200094  0.00099278429  0.0000000   1.8310815e-07  7.5249060e-07  -0.00065953626  -8.0595399e-07  4.9110761e-07  0.00068978276  
0.00020690964  0.00066015998  8.4648324e-07  -1.8310815e-07  0.0000000   0.00087466285  0.00046190373  -0.0010055340  4.1191938e-08  1.0406575e-06  
8.5735194e-06  -2.7504205e-07  0.00065957757  -7.5249060e-07  -0.00087466285  0.0000000   -0.00099259001  -9.1276156e-07  -0.0010046283  -4.0556911e-07  
3.2394595e-05  -7.7002000e-07  5.0031762e-07  0.00065953626  -0.00046190373  0.00099259001  0.0000000   4.7760736e-07  7.3907603e-07  -0.0010046248  
3.6576620e-05  -0.00069043910  1.9989696e-07  8.0595399e-07  0.0010055340  9.1276156e-07  -4.7760736e-07  0.0000000   0.00087464593  0.00046188651  
5.0213005e-05  -8.0895576e-07  -0.00068974799  -4.9110761e-07  -4.1191938e-08  0.0010046283  -7.3907603e-07  -0.00087464593  0.0000000   -0.00099254804  
-3.0956625e-05  2.3618006e-07  6.7251450e-07  -0.00068978276  -1.0406575e-06  4.0556911e-07  0.0010046248  -0.00046188651  0.00099254804  0.0000000   
