0.0000000   -2.4287611e-05  -9.3576534e-05  3.5698200e-05  9.0449776e-05  2.5862648e-06  7.0679997e-05  -4.9385522e-05  -6.9676186e-05  2.1965047e-05  
2.4287611e-05  0.0000000   0.00015294665  0.00037070571  1.4037558e-05  -1.6336522e-08  -1.4027098e-08  0.00047992358  -1.9234234e-07  4.1475772e-08  
9.3576534e-05  -0.00015294665  0.0000000   0.00095762493  2.9423823e-10  1.4013650e-05  -6.0922689e-08  -1.4689729e-07  0.00047955930  -1.3911899e-07  
-3.5698200e-05  -0.00037070571  -0.00095762493  0.0000000   1.2778437e-08  6.6588400e-08  1.4000059e-05  1.4161339e-07  1.1479485e-07  0.00047945490  
-9.0449776e-05  -1.4037558e-05  -2.9423823e-10  -1.2778437e-08  0.0000000   0.00015298556  0.00037075641  0.00031805425  -1.1239457e-07  4.1031378e-08  
-2.5862648e-06  1.6336522e-08  -1.4013650e-05  -6.6588400e-08  -0.00015298556  0.0000000   0.00095779163  -1.0078841e-07  0.00031780992  -5.3951020e-08  
-7.0679997e-05  1.4027098e-08  6.0922689e-08  -1.4000059e-05  -0.00037075641  -0.00095779163  0.0000000   6.9981123e-08  2.4781859e-08  0.00031774177  
4.9385522e-05  -0.00047992358  1.4689729e-07  -1.4161339e-07  -0.00031805425  1.0078841e-07  -6.9981123e-08  0.0000000   0.00015296580  0.00037072770  
6.9676186e-05  1.9234234e-07  -0.00047955930  -1.1479485e-07  1.1239457e-07  -0.00031780992  -2.4781859e-08  -0.00015296580  0.0000000   0.00095769834  
-2.1965047e-05  -4.1475772e-08  1.3911899e-07  -0.00047945490  -4.1031378e-08  5.3951020e-08  -0.00031774177  -0.00037072770  -0.00095769834  0.0000000   
