0.0000000   -1.0370506e-05  -0.00024116713  0.00013454010  0.00027352550  -1.9870565e-05  -0.00018777974  0.00011760335  -0.00019362781  1.9672952e-05  
1.0370506e-05  0.0000000   -0.00013114238  0.00010759026  -8.9161646e-05  -5.8807919e-09  2.1124300e-09  -7.0254666e-06  9.9608906e-09  -7.5338333e-10  
0.00024116713  0.00013114238  0.0000000   -0.0012235396  2.6310148e-08  -8.9080181e-05  1.5382637e-08  4.4221500e-08  -7.0400836e-06  8.1550984e-08  
-0.00013454010  -0.00010759026  0.0012235396  0.0000000   6.1689261e-08  -8.1530200e-09  -8.9072717e-05  1.1099476e-08  -6.7835115e-08  -7.0381713e-06  
-0.00027352550  8.9161646e-05  -2.6310148e-08  -6.1689261e-08  0.0000000   -0.00013109883  0.00010757101  0.00038823752  2.9255997e-08  -4.1127098e-08  
1.9870565e-05  5.8807919e-09  8.9080181e-05  8.1530200e-09  0.00013109883  0.0000000   -0.0012234475  2.6746520e-08  0.00038783024  -7.4524880e-08  
0.00018777974  -2.1124300e-09  -1.5382637e-08  8.9072717e-05  -0.00010757101  0.0012234475  0.0000000   3.9738865e-08  3.1830325e-08  0.00038776923  
-0.00011760335  7.0254666e-06  -4.4221500e-08  -1.1099476e-08  -0.00038823752  -2.6746520e-08  -3.9738865e-08  0.0000000   -0.00013117072  0.00010756258  
0.00019362781  -9.9608906e-09  7.0400836e-06  6.7835115e-08  -2.9255997e-08  -0.00038783024  -3.1830325e-08  0.00013117072  0.0000000   -0.0012234919  
-1.9672952e-05  7.5338333e-10  -8.1550984e-08  7.0381713e-06  4.1127098e-08  7.4524880e-08  -0.00038776923  -0.00010756258  0.0012234919  0.0000000   
