0.0000000   -5.3953293e-05  -0.00010256555  4.8538066e-05  2.1570207e-05  -0.00012715882  -4.1798928e-06  -3.1056649e-05  -4.6995001e-06  1.7096766e-05  
5.3953293e-05  0.0000000   0.00051995797  -0.00022556085  -0.00036687900  -0.00043299242  -0.00034036804  -0.00047742090  -5.7057759e-05  0.00032419397  
0.00010256555  -0.00051995797  0.0000000   5.4880058e-05  -1.4239561e-05  -3.2372077e-05  0.00068105313  0.00012329426  0.00018178191  0.00073667151  
-4.8538066e-05  0.00022556085  -5.4880058e-05  0.0000000   8.1330845e-05  2.8507421e-05  3.2869828e-05  0.00011849118  -8.1717993e-05  -0.00066020434  
-2.1570207e-05  0.00036687900  1.4239561e-05  -8.1330845e-05  0.0000000   -0.00012375485  -0.00048393527  -0.00021241309  4.8229339e-05  -8.9374115e-05  
0.00012715882  0.00043299242  3.2372077e-05  -2.8507421e-05  0.00012375485  0.0000000   -0.00055238528  0.00023495645  0.0012054926  -0.00027243177  
4.1798928e-06  0.00034036804  -0.00068105313  -3.2869828e-05  0.00048393527  0.00055238528  0.0000000   -0.00029490056  0.00027129230  0.00063170126  
3.1056649e-05  0.00047742090  -0.00012329426  -0.00011849118  0.00021241309  -0.00023495645  0.00029490056  0.0000000   0.00024544439  -0.00032283715  
4.6995001e-06  5.7057759e-05  -0.00018178191  8.1717993e-05  -4.8229339e-05  -0.0012054926  -0.00027129230  -0.00024544439  0.0000000   -0.00098268309  
-1.7096766e-05  -0.00032419397  -0.00073667151  0.00066020434  8.9374115e-05  0.00027243177  -0.00063170126  0.00032283715  0.00098268309  0.0000000   
