0.0000000   -6.3156579e-06  0.00011915469  -1.8806076e-05  1.5267869e-05  4.6498354e-06  0.00013419884  -0.00011376661  -0.00012080803  4.8561878e-05  
6.3156579e-06  0.0000000   1.2923138e-07  0.00021492034  0.00024824562  2.4258758e-05  -0.00023060382  0.00023998424  -0.00027887233  6.2463911e-05  
-0.00011915469  -1.2923138e-07  0.0000000   -0.0028115967  0.00087373595  -9.4609116e-05  -0.00084143581  -0.00069661359  -0.00081144424  -3.3606290e-05  
1.8806076e-05  -0.00021492034  0.0028115967  0.0000000   0.0017663631  -0.00069356245  0.00099224479  -0.00075292501  0.00018338473  0.00040254349  
-1.5267869e-05  -0.00024824562  -0.00087373595  -0.0017663631  0.0000000   -0.00054295531  0.0016416827  -0.00027567124  0.00040238062  0.00035471212  
-4.6498354e-06  -2.4258758e-05  9.4609116e-05  0.00069356245  0.00054295531  0.0000000   0.00079106984  0.0011623075  -0.00054069257  -0.00015449244  
-0.00013419884  0.00023060382  0.00084143581  -0.00099224479  -0.0016416827  -0.00079106984  0.0000000   -0.00021724949  1.5192406e-05  -0.0015623697  
0.00011376661  -0.00023998424  0.00069661359  0.00075292501  0.00027567124  -0.0011623075  0.00021724949  0.0000000   -0.0019117735  0.00064600526  
0.00012080803  0.00027887233  0.00081144424  -0.00018338473  -0.00040238062  0.00054069257  -1.5192406e-05  0.0019117735  0.0000000   0.0014241175  
-4.8561878e-05  -6.2463911e-05  3.3606290e-05  -0.00040254349  -0.00035471212  0.00015449244  0.0015623697  -0.00064600526  -0.0014241175  0.0000000   
