0.0000000   2.6202262e-05  0.00027986673  -0.00010441326  -0.00031704674  2.8941288e-05  0.00014666812  4.2179286e-05  0.00016050926  -6.1016714e-05  
-2.6202262e-05  0.0000000   -2.9684798e-05  -6.4378389e-05  -3.4447480e-05  -3.1026151e-09  9.6777952e-09  9.3041170e-05  1.4493075e-08  -1.9721387e-08  
-0.00027986673  2.9684798e-05  0.0000000   0.00098723708  -5.1418138e-08  -3.4391214e-05  1.4764031e-07  -8.5360811e-08  9.2965227e-05  3.2629091e-08  
0.00010441326  6.4378389e-05  -0.00098723708  0.0000000   -8.0410301e-08  -1.0858601e-07  -3.4334358e-05  3.8134765e-08  7.9901413e-09  9.2917704e-05  
0.00031704674  3.4447480e-05  5.1418138e-08  8.0410301e-08  0.0000000   -2.9642344e-05  -6.4242871e-05  -0.0014449366  -2.0433390e-08  1.8642171e-07  
-2.8941288e-05  3.1026151e-09  3.4391214e-05  1.0858601e-07  2.9642344e-05  0.0000000   0.00098560516  -5.5058089e-08  -0.0014436871  9.7885894e-08  
-0.00014666812  -9.6777952e-09  -1.4764031e-07  3.4334358e-05  6.4242871e-05  -0.00098560516  0.0000000   1.4638507e-07  1.5322324e-07  -0.0014433921  
-4.2179286e-05  -9.3041170e-05  8.5360811e-08  -3.8134765e-08  0.0014449366  5.5058089e-08  -1.4638507e-07  0.0000000   -2.9604730e-05  -6.4274637e-05  
-0.00016050926  -1.4493075e-08  -9.2965227e-05  -7.9901413e-09  2.0433390e-08  0.0014436871  -1.5322324e-07  2.9604730e-05  0.0000000   0.00098571897  
6.1016714e-05  1.9721387e-08  -3.2629091e-08  -9.2917704e-05  -1.8642171e-07  -9.7885894e-08  0.0014433921  6.4274637e-05  -0.00098571897  0.0000000   
