0.0000000   -3.8179252e-05  -5.4594674e-05  9.4417590e-05  -0.00025184442  1.4250928e-05  0.00031149749  -2.4779094e-05  -3.1518410e-05  -2.8312784e-05  
3.8179252e-05  0.0000000   0.00040662767  -0.00055230889  -0.00017839393  -0.0010358116  3.4710762e-05  0.00036501639  1.5821398e-05  7.7588656e-05  
5.4594674e-05  -0.00040662767  0.0000000   -7.7924601e-05  -1.0082648e-05  0.00010854490  -0.00012669370  9.2450864e-05  2.4184201e-05  -5.5676973e-06  
-9.4417590e-05  0.00055230889  7.7924601e-05  0.0000000   0.0013446390  0.00030853660  -0.00057723849  -7.3334489e-05  -0.00048916025  -0.00013574559  
0.00025184442  0.00017839393  1.0082648e-05  -0.0013446390  0.0000000   -0.0017569510  0.0015202094  7.5721331e-05  -0.00029009477  -0.00010632243  
-1.4250928e-05  0.0010358116  -0.00010854490  -0.00030853660  0.0017569510  0.0000000   0.00012227196  -0.0010086117  -8.1067159e-05  0.00023403712  
-0.00031149749  -3.4710762e-05  0.00012669370  0.00057723849  -0.0015202094  -0.00012227196  0.0000000   0.00014813955  5.2469474e-05  -0.00019657160  
2.4779094e-05  -0.00036501639  -9.2450864e-05  7.3334489e-05  -7.5721331e-05  0.0010086117  -0.00014813955  0.0000000   -0.00029004496  -0.0010613863  
3.1518410e-05  -1.5821398e-05  -2.4184201e-05  0.00048916025  0.00029009477  8.1067159e-05  -5.2469474e-05  0.00029004496  0.0000000   -0.0053000061  
2.8312784e-05  -7.7588656e-05  5.5676973e-06  0.00013574559  0.00010632243  -0.00023403712  0.00019657160  0.0010613863  0.0053000061  0.0000000   
