0.0000000   1.7522412e-06  -0.00026649972  -2.0929232e-05  -0.00026870830  -1.4413815e-05  -3.2296130e-06  1.2432390e-07  2.1980553e-05  7.7367454e-06  
-1.7522412e-06  0.0000000   -3.7861189e-05  0.00013616914  -4.8878040e-05  4.4516021e-09  1.6485450e-08  0.00022736516  -3.7633639e-08  -1.1160154e-08  
0.00026649972  3.7861189e-05  0.0000000   0.0015582261  5.5510206e-10  -4.8761288e-05  1.5393835e-07  -9.9261652e-09  0.00022684679  1.4083806e-08  
2.0929232e-05  -0.00013616914  -0.0015582261  0.0000000   8.9963940e-08  -1.3455193e-07  -4.8777156e-05  -1.9708467e-08  -9.7379776e-08  0.00022685153  
0.00026870830  4.8878040e-05  -5.5510206e-10  -8.9963940e-08  0.0000000   -3.7847401e-05  0.00013616189  -0.00049639623  5.0672666e-08  1.2614938e-08  
1.4413815e-05  -4.4516021e-09  4.8761288e-05  1.3455193e-07  3.7847401e-05  0.0000000   0.0015582468  7.8103546e-08  -0.00049534624  2.4959745e-08  
3.2296130e-06  -1.6485450e-08  -1.5393835e-07  4.8777156e-05  -0.00013616189  -0.0015582468  0.0000000   3.8717821e-08  9.0984378e-08  -0.00049530864  
-1.2432390e-07  -0.00022736516  9.9261652e-09  1.9708467e-08  0.00049639623  -7.8103546e-08  -3.8717821e-08  0.0000000   -3.7859556e-05  0.00013613467  
-2.1980553e-05  3.7633639e-08  -0.00022684679  9.7379776e-08  -5.0672666e-08  0.00049534624  -9.0984378e-08  3.7859556e-05  0.0000000   0.0015579399  
-7.7367454e-06  1.1160154e-08  -1.4083806e-08  -0.00022685153  -1.2614938e-08  -2.4959745e-08  0.00049530864  -0.00013613467  -0.0015579399  0.0000000   
