0.0000000   7.8865798e-06  3.7444556e-05  0.00015630946  -6.7215713e-05  8.0506081e-05  -0.00014332291  6.2396582e-06  -0.00012756069  -5.4176931e-05  
-7.8865798e-06  0.0000000   0.00091052806  -0.00063231111  0.00063592204  -1.8203491e-06  -7.9924419e-07  0.00045674590  1.2958025e-07  -1.5878852e-06  
-3.7444556e-05  -0.00091052806  0.0000000   -0.0022355884  -7.9588802e-08  0.00063330291  2.2892682e-06  -1.5225845e-06  0.00045481765  -1.9569292e-06  
-0.00015630946  0.00063231111  0.0022355884  0.0000000   -1.9235371e-06  -1.9948208e-06  0.00063260577  -4.4054772e-07  2.1286062e-06  0.00045424518  
6.7215713e-05  -0.00063592204  7.9588802e-08  1.9235371e-06  0.0000000   0.00090818576  -0.00063069967  0.0017492603  -2.9880910e-06  -3.4862921e-06  
-8.0506081e-05  1.8203491e-06  -0.00063330291  1.9948208e-06  -0.00090818576  0.0000000   -0.0022299248  -2.2093841e-06  0.0017419790  1.4539700e-06  
0.00014332291  7.9924419e-07  -2.2892682e-06  -0.00063260577  0.00063069967  0.0022299248  0.0000000   -4.1195372e-06  -5.3318565e-07  0.0017399465  
-6.2396582e-06  -0.00045674590  1.5225845e-06  4.4054772e-07  -0.0017492603  2.2093841e-06  4.1195372e-06  0.0000000   0.00090887845  -0.00063120448  
0.00012756069  -1.2958025e-07  -0.00045481765  -2.1286062e-06  2.9880910e-06  -0.0017419790  5.3318565e-07  -0.00090887845  0.0000000   -0.0022315846  
5.4176931e-05  1.5878852e-06  1.9569292e-06  -0.00045424518  3.4862921e-06  -1.4539700e-06  -0.0017399465  0.00063120448  0.0022315846  0.0000000   
