0.0000000   -1.6666759e-05  -0.00036602506  0.00014236218  0.00037940643  -7.0236475e-05  -0.00013035877  1.6013568e-05  -0.00010003134  4.9663570e-05  
1.6666759e-05  0.0000000   -0.00042003037  -0.00015777775  -0.00021745310  -3.7583227e-07  4.9813809e-08  0.00032312143  -1.9578083e-07  -3.5623869e-07  
0.00036602506  0.00042003037  0.0000000   0.0023926533  1.7886855e-07  -0.00021623790  1.8944216e-06  -5.0032060e-08  0.00032133452  1.5216154e-06  
-0.00014236218  0.00015777775  -0.0023926533  0.0000000   1.5920847e-08  -1.8782559e-06  -0.00021603003  -5.1718649e-08  -1.2986413e-06  0.00032111664  
-0.00037940643  0.00021745310  -1.7886855e-07  -1.5920847e-08  0.0000000   -0.00041783276  -0.00015690489  -0.0026273635  -5.0477357e-07  2.0511949e-06  
7.0236475e-05  3.7583227e-07  0.00021623790  1.8782559e-06  0.00041783276  0.0000000   0.0023806497  -4.3017113e-07  -0.0026129752  2.3565185e-07  
0.00013035877  -4.9813809e-08  -1.8944216e-06  0.00021603003  0.00015690489  -0.0023806497  0.0000000   2.0835589e-06  -7.0932731e-07  -0.0026118719  
-1.6013568e-05  -0.00032312143  5.0032060e-08  5.1718649e-08  0.0026273635  4.3017113e-07  -2.0835589e-06  0.0000000   -0.00041771871  -0.00015698964  
0.00010003134  1.9578083e-07  -0.00032133452  1.2986413e-06  5.0477357e-07  0.0026129752  7.0932731e-07  0.00041771871  0.0000000   0.0023804363  
-4.9663570e-05  3.5623869e-07  -1.5216154e-06  -0.00032111664  -2.0511949e-06  -2.3565185e-07  0.0026118719  0.00015698964  -0.0023804363  0.0000000   
