0.0000000   2.9460893e-06  -5.5796249e-06  -0.00019223789  -3.2582703e-05  9.7460886e-05  8.0449200e-06  -8.9878324e-05  -5.6908098e-06  -7.5123819e-05  
-2.9460893e-06  0.0000000   0.00020377700  -0.00015768624  5.2802135e-05  -0.00011347259  -0.00016006817  0.00042839669  -5.4840143e-05  0.00013392798  
5.5796249e-06  -0.00020377700  0.0000000   0.0096272910  -0.0025637377  0.0011010932  -0.00038333451  -0.00041067500  -0.00047886691  -0.00087260984  
0.00019223789  0.00015768624  -0.0096272910  0.0000000   -0.0019830619  -0.0020523461  0.0014577274  0.0013042588  0.0011917787  0.0019242088  
3.2582703e-05  -5.2802135e-05  0.0025637377  0.0019830619  0.0000000   -0.0031146222  0.0017436085  -0.0016620651  0.0017148212  0.0025689759  
-9.7460886e-05  0.00011347259  -0.0011010932  0.0020523461  0.0031146222  0.0000000   -0.0034524910  0.00021180978  -0.0033441742  -0.00038479207  
-8.0449200e-06  0.00016006817  0.00038333451  -0.0014577274  -0.0017436085  0.0034524910  0.0000000   -0.00032256581  -0.00030751027  -0.0032526799  
8.9878324e-05  -0.00042839669  0.00041067500  -0.0013042588  0.0016620651  -0.00021180978  0.00032256581  0.0000000   0.00030006183  0.00017501074  
5.6908098e-06  5.4840143e-05  0.00047886691  -0.0011917787  -0.0017148212  0.0033441742  0.00030751027  -0.00030006183  0.0000000   -0.0017129584  
7.5123819e-05  -0.00013392798  0.00087260984  -0.0019242088  -0.0025689759  0.00038479207  0.0032526799  -0.00017501074  0.0017129584  0.0000000   
