0.0000000   -3.7519868e-05  1.3466842e-06  -6.4238026e-06  6.8918441e-06  2.6903149e-05  -5.0705437e-05  -1.1496044e-05  5.4109421e-05  8.6168625e-05  
3.7519868e-05  0.0000000   -1.7979941e-05  -1.1495473e-06  -2.1624536e-05  -2.0897551e-05  -0.00026780249  1.9400242e-05  -3.1622824e-06  -2.5409636e-05  
-1.3466842e-06  1.7979941e-05  0.0000000   0.0022408265  0.00033633194  -2.2654879e-05  0.00035868479  -0.00078565408  0.00034865840  1.6003265e-05  
6.4238026e-06  1.1495473e-06  -0.0022408265  0.0000000   0.00044123048  0.00014195677  -6.5812348e-05  -0.00018620289  -6.8414674e-05  -9.2610224e-05  
-6.8918441e-06  2.1624536e-05  -0.00033633194  -0.00044123048  0.0000000   -8.3557023e-06  0.00099958621  1.3804981e-05  0.00090993116  -7.9588822e-06  
-2.6903149e-05  2.0897551e-05  2.2654879e-05  -0.00014195677  8.3557023e-06  0.0000000   0.00071132797  1.4729323e-05  0.00062861276  -2.8699120e-05  
5.0705437e-05  0.00026780249  -0.00035868479  6.5812348e-05  -0.00099958621  -0.00071132797  0.0000000   -0.00033868652  -4.0528203e-05  0.00015165507  
1.1496044e-05  -1.9400242e-05  0.00078565408  0.00018620289  -1.3804981e-05  -1.4729323e-05  0.00033868652  0.0000000   0.00036198762  -6.0606321e-05  
-5.4109421e-05  3.1622824e-06  -0.00034865840  6.8414674e-05  -0.00090993116  -0.00062861276  4.0528203e-05  -0.00036198762  0.0000000   0.00035627168  
-8.6168625e-05  2.5409636e-05  -1.6003265e-05  9.2610224e-05  7.9588822e-06  2.8699120e-05  -0.00015165507  6.0606321e-05  -0.00035627168  0.0000000   
