0.0000000   -4.7852185e-06  0.00010610149  -2.8598241e-05  -0.00010207643  -5.6922225e-06  6.9960639e-05  -4.0324943e-05  9.1269201e-05  1.6595543e-05  
4.7852185e-06  0.0000000   -0.00024021530  -0.00032419532  -0.00013462150  -1.4058737e-07  -1.0186860e-07  0.00033675090  5.9181404e-08  -1.4588301e-07  
-0.00010610149  0.00024021530  0.0000000   0.0011360576  4.4084641e-08  -0.00013447982  5.0464238e-07  1.4253521e-07  0.00033637229  1.0966216e-07  
2.8598241e-05  0.00032419532  -0.0011360576  0.0000000   1.5540210e-07  -4.0337698e-07  -0.00013438658  -7.1266546e-09  -3.4788401e-07  0.00033615240  
0.00010207643  0.00013462150  -4.4084641e-08  -1.5540210e-07  0.0000000   -0.00023981941  -0.00032367348  -0.0014727614  -4.3481684e-07  4.2209018e-07  
5.6922225e-06  1.4058737e-07  0.00013447982  4.0337698e-07  0.00023981941  0.0000000   0.0011342177  -5.5262055e-07  -0.0014711645  2.6298816e-07  
-6.9960639e-05  1.0186860e-07  -5.0464238e-07  0.00013438658  0.00032367348  -0.0011342177  0.0000000   2.5579925e-07  7.6730277e-07  -0.0014701704  
4.0324943e-05  -0.00033675090  -1.4253521e-07  7.1266546e-09  0.0014727614  5.5262055e-07  -2.5579925e-07  0.0000000   -0.00023986488  -0.00032375477  
-9.1269201e-05  -5.9181404e-08  -0.00033637229  3.4788401e-07  4.3481684e-07  0.0014711645  -7.6730277e-07  0.00023986488  0.0000000   0.0011345290  
-1.6595543e-05  1.4588301e-07  -1.0966216e-07  -0.00033615240  -4.2209018e-07  -2.6298816e-07  0.0014701704  0.00032375477  -0.0011345290  0.0000000   
