0.0000000   -7.2013921e-06  -7.0580957e-06  -2.0372738e-06  -2.3207194e-06  1.9181430e-05  -2.1706275e-05  2.8321150e-06  -5.7865460e-06  -8.8257503e-07  
7.2013921e-06  0.0000000   0.00064342313  -0.00051880103  -0.00039778692  0.00020820044  0.00032667059  -4.7855964e-05  0.00016014954  0.00032172690  
7.0580957e-06  -0.00064342313  0.0000000   0.0029941405  -0.0028188021  -0.00042493123  0.00011943906  0.0033725125  0.00012268225  5.0866745e-05  
2.0372738e-06  0.00051880103  -0.0029941405  0.0000000   -0.0037718049  3.2314005e-05  -0.00016231832  -0.0030998154  -0.00048479374  9.4908275e-05  
2.3207194e-06  0.00039778692  0.0028188021  0.0037718049  0.0000000   3.0558589e-05  6.3783408e-05  0.00060384501  0.00017381976  9.9343748e-05  
-1.9181430e-05  -0.00020820044  0.00042493123  -3.2314005e-05  -3.0558589e-05  0.0000000   -0.0011771366  0.00012885241  -0.00070930294  0.00022852231  
2.1706275e-05  -0.00032667059  -0.00011943906  0.00016231832  -6.3783408e-05  0.0011771366  0.0000000   2.7381311e-05  -0.00010944468  -0.00049820090  
-2.8321150e-06  4.7855964e-05  -0.0033725125  0.0030998154  -0.00060384501  -0.00012885241  -2.7381311e-05  0.0000000   -0.00018283080  0.00032596227  
5.7865460e-06  -0.00016014954  -0.00012268225  0.00048479374  -0.00017381976  0.00070930294  0.00010944468  0.00018283080  0.0000000   -0.00026979437  
8.8257503e-07  -0.00032172690  -5.0866745e-05  -9.4908275e-05  -9.9343748e-05  -0.00022852231  0.00049820090  -0.00032596227  0.00026979437  0.0000000   
