0.0000000   1.8761570e-05  2.0539860e-05  8.4108267e-06  9.2015641e-07  2.4544001e-05  -4.9365723e-05  2.1447540e-05  -4.5137098e-05  9.7710566e-06  
-1.8761570e-05  0.0000000   -1.6374137e-05  4.6657408e-05  0.00010885521  -2.1666342e-05  0.00012822438  0.0092201995  -7.1511844e-05  -5.9178632e-05  
-2.0539860e-05  1.6374137e-05  0.0000000   0.00010949082  -0.0015163046  -1.0458911e-05  0.00013144647  -0.00024592506  -0.00023773147  0.00010543381  
-8.4108267e-06  -4.6657408e-05  -0.00010949082  0.0000000   -0.00041697142  -0.00013049672  -0.00018501053  -0.00065596332  -0.00017386618  0.00011317673  
-9.2015641e-07  -0.00010885521  0.0015163046  0.00041697142  0.0000000   0.0017887571  -0.00039667275  0.00061155330  -0.00039880014  -4.4218550e-05  
-2.4544001e-05  2.1666342e-05  1.0458911e-05  0.00013049672  -0.0017887571  0.0000000   -0.00020167589  0.00014366494  9.4179317e-05  9.1597498e-05  
4.9365723e-05  -0.00012822438  -0.00013144647  0.00018501053  0.00039667275  0.00020167589  0.0000000   -0.0013827121  7.7472559e-05  0.00053839995  
-2.1447540e-05  -0.0092201995  0.00024592506  0.00065596332  -0.00061155330  -0.00014366494  0.0013827121  0.0000000   0.0024775743  0.015056463  
4.5137098e-05  7.1511844e-05  0.00023773147  0.00017386618  0.00039880014  -9.4179317e-05  -7.7472559e-05  -0.0024775743  0.0000000   0.00018507100  
-9.7710566e-06  5.9178632e-05  -0.00010543381  -0.00011317673  4.4218550e-05  -9.1597498e-05  -0.00053839995  -0.015056463  -0.00018507100  0.0000000   
