0.0000000   2.3372652e-07  0.00014408056  4.2667687e-05  0.00012923485  -3.5849523e-05  5.7625213e-05  2.7286334e-05  7.0193758e-05  3.8640169e-05  
-2.3372652e-07  0.0000000   -0.00027212846  -5.0605845e-05  0.00014588071  7.5767976e-09  -2.0333038e-07  5.2582833e-05  9.0920542e-08  -5.6601887e-08  
-0.00014408056  0.00027212846  0.0000000   0.0060120853  3.2754779e-08  0.00014131984  6.4611176e-07  -3.5724387e-08  5.0946847e-05  -1.4446925e-06  
-4.2667687e-05  5.0605845e-05  -0.0060120853  0.0000000   -9.8814946e-08  -6.5455902e-07  0.00014133120  -5.9524514e-08  1.4543175e-06  5.0944150e-05  
-0.00012923485  -0.00014588071  -3.2754779e-08  9.8814946e-08  0.0000000   -0.00027116917  -5.0422107e-05  -0.0019924946  -5.6239848e-07  2.7979525e-06  
3.5849523e-05  -7.5767976e-09  -0.00014131984  6.5455902e-07  0.00027116917  0.0000000   0.0059910432  -5.8580926e-07  -0.0019299820  1.7256451e-07  
-5.7625213e-05  2.0333038e-07  -6.4611176e-07  -0.00014133120  5.0422107e-05  -0.0059910432  0.0000000   2.8541187e-06  -3.4974508e-07  -0.0019300185  
-2.7286334e-05  -5.2582833e-05  3.5724387e-08  5.9524514e-08  0.0019924946  5.8580926e-07  -2.8541187e-06  0.0000000   -0.00027123873  -5.0457346e-05  
-7.0193758e-05  -9.0920542e-08  -5.0946847e-05  -1.4543175e-06  5.6239848e-07  0.0019299820  3.4974508e-07  0.00027123873  0.0000000   0.0059919010  
-3.8640169e-05  5.6601887e-08  1.4446925e-06  -5.0944150e-05  -2.7979525e-06  -1.7256451e-07  0.0019300185  5.0457346e-05  -0.0059919010  0.0000000   
