0.0000000   1.2390630e-05  -8.3045857e-07  1.3667529e-05  0.00014950481  1.1786684e-06  0.00010422716  1.6519743e-05  1.7789458e-06  -1.4791820e-05  
-1.2390630e-05  0.0000000   -9.3982792e-08  -0.00013155902  -4.3502421e-05  6.3766728e-08  6.3971920e-09  -0.00028287918  3.8616890e-07  -1.9898917e-08  
8.3045857e-07  9.3982792e-08  0.0000000   9.5796671e-07  -9.8986427e-07  4.3478431e-05  -1.7614745e-06  2.1469096e-07  0.00028276373  -6.6334801e-06  
-1.3667529e-05  0.00013155902  -9.5796671e-07  0.0000000   -9.7957077e-09  -1.0215070e-06  -4.3489151e-05  -1.2475735e-08  -6.6742221e-06  -0.00028279744  
-0.00014950481  4.3502421e-05  9.8986427e-07  9.7957077e-09  0.0000000   -2.2844841e-08  -0.00013158463  -0.00020882836  9.2455837e-07  -2.3771093e-08  
-1.1786684e-06  -6.3766728e-08  -4.3478431e-05  1.0215070e-06  2.2844841e-08  0.0000000   9.4357426e-07  2.2610015e-07  0.00020876697  -4.9576471e-06  
-0.00010422716  -6.3971920e-09  1.7614745e-06  4.3489151e-05  0.00013158463  -9.4357426e-07  0.0000000   7.6301306e-10  -4.4984414e-06  -0.00020877926  
-1.6519743e-05  0.00028287918  -2.1469096e-07  1.2475735e-08  0.00020882836  -2.2610015e-07  -7.6301306e-10  0.0000000   -1.0505235e-07  -0.00013155210  
-1.7789458e-06  -3.8616890e-07  -0.00028276373  6.6742221e-06  -9.2455837e-07  -0.00020876697  4.4984414e-06  1.0505235e-07  0.0000000   1.1203691e-06  
1.4791820e-05  1.9898917e-08  6.6334801e-06  0.00028279744  2.3771093e-08  4.9576471e-06  0.00020877926  0.00013155210  -1.1203691e-06  0.0000000   
