0.0000000   -1.1668335e-05  8.4152034e-05  5.3683345e-05  6.0794663e-05  5.5941114e-06  -8.0700042e-05  -8.2579975e-05  -5.0876810e-05  1.0565002e-06  
1.1668335e-05  0.0000000   0.00078067839  2.8689365e-05  -0.00062121075  -2.6589102e-08  -8.3850134e-07  0.00019775483  -1.4963153e-07  2.6075737e-07  
-8.4152034e-05  -0.00078067839  0.0000000   0.0019917885  8.2520965e-08  -0.00061906073  -8.9314199e-08  1.3473598e-07  0.00019707233  -3.6974446e-07  
-5.3683345e-05  -2.8689365e-05  -0.0019917885  0.0000000   -8.3082033e-07  2.0304153e-07  -0.00061930701  2.6092608e-07  3.3532889e-07  0.00019714794  
-6.0794663e-05  0.00062121075  -8.2520965e-08  8.3082033e-07  0.0000000   0.00078068660  2.8685096e-05  0.00032129763  3.1017921e-08  4.3995530e-07  
-5.5941114e-06  2.6589102e-08  0.00061906073  -2.0304153e-07  -0.00078068660  0.0000000   0.0019918226  -7.1042123e-08  0.00032018249  9.2962354e-08  
8.0700042e-05  8.3850134e-07  8.9314199e-08  0.00061930701  -2.8685096e-05  -0.0019918226  0.0000000   4.3187819e-07  -1.5405121e-07  0.00032030621  
8.2579975e-05  -0.00019775483  -1.3473598e-07  -2.6092608e-07  -0.00032129763  7.1042123e-08  -4.3187819e-07  0.0000000   0.00078097109  2.8693555e-05  
5.0876810e-05  1.4963153e-07  -0.00019707233  -3.3532889e-07  -3.1017921e-08  -0.00032018249  1.5405121e-07  -0.00078097109  0.0000000   0.0019925471  
-1.0565002e-06  -2.6075737e-07  3.6974446e-07  -0.00019714794  -4.3995530e-07  -9.2962354e-08  -0.00032030621  -2.8693555e-05  -0.0019925471  0.0000000   
