0.0000000   3.6962213e-06  -1.2856440e-06  -1.2034736e-06  -9.1609039e-07  -2.4599162e-05  -3.4200246e-05  -7.9580201e-08  -4.2975665e-05  5.4474070e-06  
-3.6962213e-06  0.0000000   2.7373316e-05  -0.00024012762  -4.2603760e-05  -0.00015956274  -0.00072990194  -0.00012247709  0.00015052745  0.00021323895  
1.2856440e-06  -2.7373316e-05  0.0000000   0.00037311948  -3.0095923e-05  -0.00014651429  -0.00014945459  0.00062754124  -0.00013839675  3.4393695e-05  
1.2034736e-06  0.00024012762  -0.00037311948  0.0000000   0.00038262429  1.4117038e-05  -0.00010122391  -0.00030436439  0.00015904697  5.8433471e-05  
9.1609039e-07  4.2603760e-05  3.0095923e-05  -0.00038262429  0.0000000   -5.5476353e-05  -0.00019086430  -0.00057663308  -0.00015221813  -5.5145841e-06  
2.4599162e-05  0.00015956274  0.00014651429  -1.4117038e-05  5.5476353e-05  0.0000000   0.0017962542  -5.2539854e-05  0.0021560327  -0.0010125255  
3.4200246e-05  0.00072990194  0.00014945459  0.00010122391  0.00019086430  -0.0017962542  0.0000000   -0.00023488652  3.8633672e-05  0.0031339593  
7.9580201e-08  0.00012247709  -0.00062754124  0.00030436439  0.00057663308  5.2539854e-05  0.00023488652  0.0000000   -0.00025781720  5.1594460e-05  
4.2975665e-05  -0.00015052745  0.00013839675  -0.00015904697  0.00015221813  -0.0021560327  -3.8633672e-05  0.00025781720  0.0000000   0.0033744131  
-5.4474070e-06  -0.00021323895  -3.4393695e-05  -5.8433471e-05  5.5145841e-06  0.0010125255  -0.0031339593  -5.1594460e-05  -0.0033744131  0.0000000   
