0.0000000   -1.6767861e-05  -0.00021438905  3.9703333e-05  0.00025346601  -2.5220220e-05  -9.5921960e-05  -2.7472600e-05  -9.7556936e-05  1.6699572e-05  
1.6767861e-05  0.0000000   -0.00020882057  0.00017949334  -0.00025022304  4.9144531e-08  2.2366344e-08  -8.9445796e-05  -6.8395516e-09  2.7102084e-08  
0.00021438905  0.00020882057  0.0000000   0.00035090373  3.2127047e-09  -0.00025023197  -1.6796718e-09  2.4760413e-08  -8.9462082e-05  1.7333272e-08  
-3.9703333e-05  -0.00017949334  -0.00035090373  0.0000000   6.4175306e-09  4.5756131e-08  -0.00025011475  -1.0672602e-09  -1.2548277e-08  -8.9414110e-05  
-0.00025346601  0.00025022304  -3.2127047e-09  -6.4175306e-09  0.0000000   -0.00020880628  0.00017947651  -0.00022838420  5.9230961e-08  4.5972502e-08  
2.5220220e-05  -4.9144531e-08  0.00025023197  -4.5756131e-08  0.00020880628  0.0000000   0.00035090119  1.6676668e-08  -0.00022841659  -8.1338781e-09  
9.5921960e-05  -2.2366344e-08  1.6796718e-09  0.00025011475  -0.00017947651  -0.00035090119  0.0000000   3.4646650e-08  2.8576908e-08  -0.00022832932  
2.7472600e-05  8.9445796e-05  -2.4760413e-08  1.0672602e-09  0.00022838420  -1.6676668e-08  -3.4646650e-08  0.0000000   -0.00020886302  0.00017952611  
9.7556936e-05  6.8395516e-09  8.9462082e-05  1.2548277e-08  -5.9230961e-08  0.00022841659  -2.8576908e-08  0.00020886302  0.0000000   0.00035099001  
-1.6699572e-05  -2.7102084e-08  -1.7333272e-08  8.9414110e-05  -4.5972502e-08  8.1338781e-09  0.00022832932  -0.00017952611  -0.00035099001  0.0000000   
