0.0000000   -1.8048681e-05  0.00034211400  8.5698422e-05  0.00013831648  3.0153121e-06  -8.8312010e-06  -7.1473055e-06  4.2204389e-05  1.0718128e-05  
1.8048681e-05  0.0000000   -0.00020964712  -0.00017764396  -9.2591132e-05  7.0862062e-05  0.00013572076  -3.8515870e-06  -0.0019867013  -0.0012761874  
-0.00034211400  0.00020964712  0.0000000   -6.3014479e-05  -0.00021083561  0.00025820890  0.00011888623  0.0090572141  0.00073815537  -0.00060727666  
-8.5698422e-05  0.00017764396  6.3014479e-05  0.0000000   -0.00022666457  -0.00010789625  -8.1971308e-06  -0.0023592794  0.00025447139  0.00028561313  
-0.00013831648  9.2591132e-05  0.00021083561  0.00022666457  0.0000000   -0.00027688108  3.9716932e-05  -0.010537976  -0.00052420988  -5.2123371e-05  
-3.0153121e-06  -7.0862062e-05  -0.00025820890  0.00010789625  0.00027688108  0.0000000   0.00021334856  0.00027174381  -0.0084157673  0.0032275813  
8.8312010e-06  -0.00013572076  -0.00011888623  8.1971308e-06  -3.9716932e-05  -0.00021334856  0.0000000   9.0030914e-05  -0.021094021  0.0070424846  
7.1473055e-06  3.8515870e-06  -0.0090572141  0.0023592794  0.010537976  -0.00027174381  -9.0030914e-05  0.0000000   -0.00010314917  -0.00019277509  
-4.2204389e-05  0.0019867013  -0.00073815537  -0.00025447139  0.00052420988  0.0084157673  0.021094021  0.00010314917  0.0000000   -0.00054860637  
-1.0718128e-05  0.0012761874  0.00060727666  -0.00028561313  5.2123371e-05  -0.0032275813  -0.0070424846  0.00019277509  0.00054860637  0.0000000   
