0.0000000   -1.5145597e-05  6.2256942e-05  -1.2690694e-05  5.1674624e-05  -8.2293471e-05  -3.2306733e-05  -9.4848860e-05  -4.5109491e-05  4.2232001e-05  
1.5145597e-05  0.0000000   0.00023475171  0.00030002473  3.9979312e-05  -7.7711739e-05  -0.00031418961  -7.5747213e-05  -0.00020551978  0.00017364420  
-6.2256942e-05  -0.00023475171  0.0000000   -0.00034611135  -0.00038328443  0.00024221897  0.0010297702  0.00065278301  0.0010670904  -0.00053677395  
1.2690694e-05  -0.00030002473  0.00034611135  0.0000000   0.00033609303  -0.00069831272  -0.0010623537  -0.00057289653  -0.00097037464  0.00051728901  
-5.1674624e-05  -3.9979312e-05  0.00038328443  -0.00033609303  0.0000000   -0.00098178500  -0.0017827471  0.00042319146  -0.0017171811  0.00094908817  
8.2293471e-05  7.7711739e-05  -0.00024221897  0.00069831272  0.00098178500  0.0000000   0.00052886062  -0.00045446744  -0.0039711489  -0.00048224744  
3.2306733e-05  0.00031418961  -0.0010297702  0.0010623537  0.0017827471  -0.00052886062  0.0000000   0.00066067125  -0.00027592669  -0.0045563694  
9.4848860e-05  7.5747213e-05  -0.00065278301  0.00057289653  -0.00042319146  0.00045446744  -0.00066067125  0.0000000   -0.00053808046  -0.00020402986  
4.5109491e-05  0.00020551978  -0.0010670904  0.00097037464  0.0017171811  0.0039711489  0.00027592669  0.00053808046  0.0000000   0.0031604975  
-4.2232001e-05  -0.00017364420  0.00053677395  -0.00051728901  -0.00094908817  0.00048224744  0.0045563694  0.00020402986  -0.0031604975  0.0000000   
