0.0000000   -4.2990537e-05  -8.2059240e-05  1.7038037e-05  -1.5098310e-05  -5.9150915e-06  0.00020363397  2.3826635e-05  1.4748747e-05  1.0673635e-05  
4.2990537e-05  0.0000000   -9.0032956e-05  3.7373016e-05  4.0438437e-05  0.00010580594  3.5010506e-05  -1.6515042e-05  7.9185491e-06  -1.8795814e-05  
8.2059240e-05  9.0032956e-05  0.0000000   1.8268736e-05  -0.00014940314  -6.2232580e-05  -0.00037958357  7.8648887e-06  -8.9915536e-06  -4.4825602e-06  
-1.7038037e-05  -3.7373016e-05  -1.8268736e-05  0.0000000   0.00025545435  -0.00018957723  0.00014383127  5.8101520e-06  0.00019551112  -0.00013767284  
1.5098310e-05  -4.0438437e-05  0.00014940314  -0.00025545435  0.0000000   -0.00045605506  -0.00056451835  -5.0079311e-05  6.5500744e-05  -2.9742187e-05  
5.9150915e-06  -0.00010580594  6.2232580e-05  0.00018957723  0.00045605506  0.0000000   -0.00018756183  -0.00013905902  -0.00012350977  -6.2339395e-05  
-0.00020363397  -3.5010506e-05  0.00037958357  -0.00014383127  0.00056451835  0.00018756183  0.0000000   2.0245449e-05  -0.00014691198  9.5779430e-05  
-2.3826635e-05  1.6515042e-05  -7.8648887e-06  -5.8101520e-06  5.0079311e-05  0.00013905902  -2.0245449e-05  0.0000000   0.0011258789  4.8451380e-05  
-1.4748747e-05  -7.9185491e-06  8.9915536e-06  -0.00019551112  -6.5500744e-05  0.00012350977  0.00014691198  -0.0011258789  0.0000000   -0.0022085259  
-1.0673635e-05  1.8795814e-05  4.4825602e-06  0.00013767284  2.9742187e-05  6.2339395e-05  -9.5779430e-05  -4.8451380e-05  0.0022085259  0.0000000   
