0.0000000   5.3648985e-06  4.7118047e-06  -5.9020597e-05  -4.7651408e-05  -3.9859611e-05  0.00020366040  5.3591216e-05  0.00017756826  6.5738293e-05  
-5.3648985e-06  0.0000000   -0.00020679836  -0.00034025715  0.00022324243  -2.8040123e-07  -1.7700757e-07  -0.00036970014  1.0763935e-07  -2.8914219e-07  
-4.7118047e-06  0.00020679836  0.0000000   -0.0018551400  3.9768667e-08  0.00022262939  -1.4298496e-06  2.9594567e-07  -0.00036868702  -8.7507998e-07  
5.9020597e-05  0.00034025715  0.0018551400  0.0000000   3.3883461e-07  1.4254762e-06  0.00022258012  2.3261861e-08  8.6137589e-07  -0.00036861549  
4.7651408e-05  -0.00022324243  -3.9768667e-08  -3.3883461e-07  0.0000000   -0.00020571769  -0.00033849082  0.0024816772  -1.3676840e-06  8.5263201e-07  
3.9859611e-05  2.8040123e-07  -0.00022262939  -1.4254762e-06  0.00020571769  0.0000000   -0.0018454531  -1.3309222e-06  0.0024748316  -1.3022683e-07  
-0.00020366040  1.7700757e-07  1.4298496e-06  -0.00022258012  0.00033849082  0.0018454531  0.0000000   9.1123813e-07  1.4737006e-07  0.0024744039  
-5.3591216e-05  0.00036970014  -2.9594567e-07  -2.3261861e-08  -0.0024816772  1.3309222e-06  -9.1123813e-07  0.0000000   -0.00020574811  -0.00033852243  
-0.00017756826  -1.0763935e-07  0.00036868702  -8.6137589e-07  1.3676840e-06  -0.0024748316  -1.4737006e-07  0.00020574811  0.0000000   -0.0018456455  
-6.5738293e-05  2.8914219e-07  8.7507998e-07  0.00036861549  -8.5263201e-07  1.3022683e-07  -0.0024744039  0.00033852243  0.0018456455  0.0000000   
