0.0000000   -2.0558014e-05  0.00034237401  0.00020729168  0.00030705997  3.2388747e-05  -3.1285126e-05  -0.00023231272  -2.7449157e-05  -8.9439483e-06  
2.0558014e-05  0.0000000   0.00029711352  8.3834217e-05  -0.00027299054  1.1147859e-07  -6.3092557e-07  -7.3165771e-05  2.6190344e-07  -1.0624905e-07  
-0.00034237401  -0.00029711352  0.0000000   0.0085768858  -1.0905419e-08  -0.00025522794  -1.9480974e-06  4.6055383e-07  -6.8289388e-05  6.2958856e-06  
-0.00020729168  -8.3834217e-05  -0.0085768858  0.0000000   3.5672710e-07  1.9951526e-06  -0.00025518614  -6.8139053e-07  -6.2894674e-06  -6.8360114e-05  
-0.00030705997  0.00027299054  1.0905419e-08  -3.5672710e-07  0.0000000   0.00029440119  8.2999805e-05  -0.0032291087  2.1062811e-06  -7.2626903e-06  
-3.2388747e-05  -1.1147859e-07  0.00025522794  -1.9951526e-06  -0.00029440119  0.0000000   0.0085007118  2.1049076e-06  -0.0030183375  -9.6655384e-07  
3.1285126e-05  6.3092557e-07  1.9480974e-06  0.00025518614  -8.2999805e-05  -0.0085007118  0.0000000   -7.3472337e-06  1.0359845e-06  -0.0030177268  
0.00023231272  7.3165771e-05  -4.6055383e-07  6.8139053e-07  0.0032291087  -2.1049076e-06  7.3472337e-06  0.0000000   0.00029453057  8.3028778e-05  
2.7449157e-05  -2.6190344e-07  6.8289388e-05  6.2894674e-06  -2.1062811e-06  0.0030183375  -1.0359845e-06  -0.00029453057  0.0000000   0.0085025052  
8.9439483e-06  1.0624905e-07  -6.2958856e-06  6.8360114e-05  7.2626903e-06  9.6655384e-07  0.0030177268  -8.3028778e-05  -0.0085025052  0.0000000   
