0.0000000   -3.1211613e-06  3.5835432e-05  -1.6445512e-05  4.3192570e-05  1.8667947e-07  7.3370268e-05  1.4513190e-05  5.7242094e-05  -9.3302583e-06  
3.1211613e-06  0.0000000   1.0809014e-07  -0.00014596398  -3.9764377e-05  -1.6663286e-08  -1.2075215e-08  -0.00023130999  -9.3711636e-08  8.2673002e-09  
-3.5835432e-05  -1.0809014e-07  0.0000000   0.0030620943  -1.4268091e-08  -3.9439767e-05  2.7254721e-07  -9.2504705e-08  -0.00022946357  -2.2888375e-09  
1.6445512e-05  0.00014596398  -0.0030620943  0.0000000   1.8162441e-08  -2.7129760e-07  -3.9434274e-05  9.2156431e-09  5.6089988e-09  -0.00022942720  
-4.3192570e-05  3.9764377e-05  1.4268091e-08  -1.8162441e-08  0.0000000   1.1697109e-07  -0.00014594234  0.00043600627  1.7566589e-07  -1.7287787e-08  
-1.8667947e-07  1.6663286e-08  3.9439767e-05  2.7129760e-07  -1.1697109e-07  0.0000000   0.0030616515  1.7292049e-07  0.00043251842  -4.1635288e-08  
-7.3370268e-05  1.2075215e-08  -2.7254721e-07  3.9434274e-05  0.00014594234  -0.0030616515  0.0000000   -1.7007694e-08  3.7635183e-08  0.00043245173  
-1.4513190e-05  0.00023130999  9.2504705e-08  -9.2156431e-09  -0.00043600627  -1.7292049e-07  1.7007694e-08  0.0000000   1.0784345e-07  -0.00014595186  
-5.7242094e-05  9.3711636e-08  0.00022946357  -5.6089988e-09  -1.7566589e-07  -0.00043251842  -3.7635183e-08  -1.0784345e-07  0.0000000   0.0030617999  
9.3302583e-06  -8.2673002e-09  2.2888375e-09  0.00022942720  1.7287787e-08  4.1635288e-08  -0.00043245173  0.00014595186  -0.0030617999  0.0000000   
