0.0000000   -2.5754586e-05  -3.8496419e-05  -6.8237612e-05  4.3574716e-05  -3.7951215e-06  8.4094749e-06  7.2411063e-05  0.00014222760  0.00011757348  
2.5754586e-05  0.0000000   6.7465498e-05  0.00019034853  7.7131965e-05  -3.3771334e-05  -0.00015326478  0.00016839515  -8.7538799e-05  -0.00012122163  
3.8496419e-05  -6.7465498e-05  0.0000000   0.0026052655  0.0025109005  0.00018211480  3.8907904e-05  0.0014091356  -6.8011455e-05  -8.8802215e-05  
6.8237612e-05  -0.00019034853  -0.0026052655  0.0000000   -0.0025103370  -0.0027307751  -0.00081236060  -0.0029163057  4.0422863e-05  0.00021339077  
-4.3574716e-05  -7.7131965e-05  -0.0025109005  0.0025103370  0.0000000   0.0020527689  -0.00040992667  0.0026660628  0.00037051545  -0.00015758074  
3.7951215e-06  3.3771334e-05  -0.00018211480  0.0027307751  -0.0020527689  0.0000000   -0.0019772658  -0.0018090787  0.0036523845  0.0045877034  
-8.4094749e-06  0.00015326478  -3.8907904e-05  0.00081236060  0.00040992667  0.0019772658  0.0000000   -0.0027938371  0.0042709440  0.0051897329  
-7.2411063e-05  -0.00016839515  -0.0014091356  0.0029163057  -0.0026660628  0.0018090787  0.0027938371  0.0000000   -0.00084971590  -0.00034306103  
-0.00014222760  8.7538799e-05  6.8011455e-05  -4.0422863e-05  -0.00037051545  -0.0036523845  -0.0042709440  0.00084971590  0.0000000   0.00066854732  
-0.00011757348  0.00012122163  8.8802215e-05  -0.00021339077  0.00015758074  -0.0045877034  -0.0051897329  0.00034306103  -0.00066854732  0.0000000   
