0.0000000   5.2540285e-05  9.0881029e-05  9.0387482e-05  -3.9648188e-05  6.9538467e-05  -5.5460191e-05  7.5655703e-05  8.2759691e-05  -3.3221851e-06  
-5.2540285e-05  0.0000000   -0.00049804211  -0.00018601175  -3.1888878e-05  -0.00012555630  6.3768711e-05  0.00043554825  -4.4410748e-05  2.1810229e-05  
-9.0881029e-05  0.00049804211  0.0000000   -0.0050335818  -0.00050527189  -8.3764578e-05  0.00030003247  -0.00056354582  -4.9357319e-06  -2.2804088e-05  
-9.0387482e-05  0.00018601175  0.0050335818  0.0000000   -0.00031009310  5.2826477e-05  0.00045969020  -0.00078791006  -5.5756052e-05  4.4315027e-05  
3.9648188e-05  3.1888878e-05  0.00050527189  0.00031009310  0.0000000   0.00012951098  -0.0037328543  0.00031003879  -0.0015034755  6.1506375e-06  
-6.9538467e-05  0.00012555630  8.3764578e-05  -5.2826477e-05  -0.00012951098  0.0000000   -0.00031217036  0.0016023301  -0.00047103853  0.00031484428  
5.5460191e-05  -6.3768711e-05  -0.00030003247  -0.00045969020  0.0037328543  0.00031217036  0.0000000   0.00042528762  -0.00010136312  0.0014219289  
-7.5655703e-05  -0.00043554825  0.00056354582  0.00078791006  -0.00031003879  -0.0016023301  -0.00042528762  0.0000000   -5.5133291e-05  4.8510874e-06  
-8.2759691e-05  4.4410748e-05  4.9357319e-06  5.5756052e-05  0.0015034755  0.00047103853  0.00010136312  5.5133291e-05  0.0000000   0.0037530007  
3.3221851e-06  -2.1810229e-05  2.2804088e-05  -4.4315027e-05  -6.1506375e-06  -0.00031484428  -0.0014219289  -4.8510874e-06  -0.0037530007  0.0000000   
