0.0000000   1.2664192e-05  -2.2321391e-05  5.0042588e-05  -1.1042947e-05  8.7220320e-05  7.8120439e-05  2.4084038e-05  -1.9633678e-05  2.9973233e-05  
-1.2664192e-05  0.0000000   -0.00038707917  0.00011853082  -9.3197930e-06  -6.6676832e-05  -9.0041582e-05  -0.00027374715  -2.2765955e-05  4.0500556e-05  
2.2321391e-05  0.00038707917  0.0000000   0.0071831117  0.0017720425  1.1952987e-05  -0.00018166180  0.00014055939  4.4556281e-05  9.1474944e-05  
-5.0042588e-05  -0.00011853082  -0.0071831117  0.0000000   -0.00089603533  3.8728032e-05  0.00043364814  -0.00063101824  0.00013907553  -0.00014705262  
1.1042947e-05  9.3197930e-06  -0.0017720425  0.00089603533  0.0000000   0.00023472092  -0.0049436380  -0.00020016285  -0.0012092848  0.0019878894  
-8.7220320e-05  6.6676832e-05  -1.1952987e-05  -3.8728032e-05  -0.00023472092  0.0000000   -3.7733908e-05  0.0025145414  0.00097652733  0.00029153172  
-7.8120439e-05  9.0041582e-05  0.00018166180  -0.00043364814  0.0049436380  3.7733908e-05  0.0000000   0.00028618203  0.0079146689  -0.00096833236  
-2.4084038e-05  0.00027374715  -0.00014055939  0.00063101824  0.00020016285  -0.0025145414  -0.00028618203  0.0000000   -0.00013725671  0.00017461396  
1.9633678e-05  2.2765955e-05  -4.4556281e-05  -0.00013907553  0.0012092848  -0.00097652733  -0.0079146689  0.00013725671  0.0000000   -0.022709459  
-2.9973233e-05  -4.0500556e-05  -9.1474944e-05  0.00014705262  -0.0019878894  -0.00029153172  0.00096833236  -0.00017461396  0.022709459  0.0000000   
