0.0000000   5.5318241e-05  0.00013222615  6.3281281e-05  -2.2706548e-05  4.7888600e-05  -0.00013653315  8.9159178e-05  0.00012889103  1.0037627e-05  
-5.5318241e-05  0.0000000   -0.00014017381  0.00021513839  -0.00048975270  -8.1007233e-05  1.7888208e-05  8.9614401e-05  -8.7523516e-06  -4.5100753e-06  
-0.00013222615  0.00014017381  0.0000000   -0.0017841541  -0.0043236468  -0.00021700731  -0.00092910114  -0.0039605228  -0.00025005452  9.1945542e-08  
-6.3281281e-05  -0.00021513839  0.0017841541  0.0000000   0.00036751916  -4.4190531e-05  -0.00051349657  0.00034988956  -3.8015118e-05  9.2904329e-05  
2.2706548e-05  0.00048975270  0.0043236468  -0.00036751916  0.0000000   0.00049908949  0.00057289305  0.0043309771  0.00022336575  9.5888781e-06  
-4.7888600e-05  8.1007233e-05  0.00021700731  4.4190531e-05  -0.00049908949  0.0000000   5.8765742e-05  0.00030799427  0.00029578052  -0.00016101318  
0.00013653315  -1.7888208e-05  0.00092910114  0.00051349657  -0.00057289305  -5.8765742e-05  0.0000000   -0.0012993178  -1.0322112e-05  -0.00056066602  
-8.9159178e-05  -8.9614401e-05  0.0039605228  -0.00034988956  -0.0043309771  -0.00030799427  0.0012993178  0.0000000   0.00055495310  8.0894756e-06  
-0.00012889103  8.7523516e-06  0.00025005452  3.8015118e-05  -0.00022336575  -0.00029578052  1.0322112e-05  -0.00055495310  0.0000000   -0.0017831906  
-1.0037627e-05  4.5100753e-06  -9.1945542e-08  -9.2904329e-05  -9.5888781e-06  0.00016101318  0.00056066602  -8.0894756e-06  0.0017831906  0.0000000   
