0.0000000   -1.1348223e-05  -7.9651410e-05  2.9742459e-05  -5.9027998e-05  5.2045023e-06  1.0111023e-05  -5.7351261e-05  1.5086995e-05  -1.0164389e-05  
1.1348223e-05  0.0000000   0.00041019970  3.1343146e-05  -0.00010883060  0.00049778631  0.00073298726  -6.3795793e-05  -1.0990023e-05  -0.00010622410  
7.9651410e-05  -0.00041019970  0.0000000   -0.00050362681  0.0016161078  -0.00040068597  0.00037282406  -0.00072106572  9.3776247e-05  3.7186385e-05  
-2.9742459e-05  -3.1343146e-05  0.00050362681  0.0000000   6.2120434e-05  -0.00081014428  0.00042350854  0.00074754384  -0.00044591200  0.00015565604  
5.9027998e-05  0.00010883060  -0.0016161078  -6.2120434e-05  0.0000000   -0.00052200083  -0.00034452408  -0.0021629668  -0.00057707880  6.2658351e-05  
-5.2045023e-06  -0.00049778631  0.00040068597  0.00081014428  0.00052200083  0.0000000   0.0012422092  -0.00014293643  -0.0016958676  -0.00059161718  
-1.0111023e-05  -0.00073298726  -0.00037282406  -0.00042350854  0.00034452408  -0.0012422092  0.0000000   0.00078913228  0.00013362615  -0.0013587091  
5.7351261e-05  6.3795793e-05  0.00072106572  -0.00074754384  0.0021629668  0.00014293643  -0.00078913228  0.0000000   -0.00012430317  0.00011141631  
-1.5086995e-05  1.0990023e-05  -9.3776247e-05  0.00044591200  0.00057707880  0.0016958676  -0.00013362615  0.00012430317  0.0000000   0.0016018834  
1.0164389e-05  0.00010622410  -3.7186385e-05  -0.00015565604  -6.2658351e-05  0.00059161718  0.0013587091  -0.00011141631  -0.0016018834  0.0000000   
