0.0000000   1.3602706e-05  8.3502880e-05  5.8870822e-05  -5.2687233e-05  9.5213107e-05  -0.00039644736  -1.5009318e-05  -1.0476555e-05  -1.5680190e-05  
-1.3602706e-05  0.0000000   0.00099839880  0.00044746147  -0.00051525237  -0.00043220166  -1.4316977e-05  -9.3405580e-05  -5.9704027e-05  8.8810692e-05  
-8.3502880e-05  -0.00099839880  0.0000000   7.9504109e-06  -8.4685740e-05  6.1754042e-05  7.1312253e-05  -1.5046788e-05  5.2765555e-05  -2.5045026e-05  
-5.8870822e-05  -0.00044746147  -7.9504109e-06  0.0000000   -0.00063405605  0.00039483619  -0.00037165291  1.6746306e-05  0.00036950373  -0.00014167628  
5.2687233e-05  0.00051525237  8.4685740e-05  0.00063405605  0.0000000   0.015627913  0.00092779952  -0.00044002807  8.2461711e-05  -0.00027181395  
-9.5213107e-05  0.00043220166  -6.1754042e-05  -0.00039483619  -0.015627913  0.0000000   -0.0022177924  -0.00017024348  -0.00023069069  -0.00012600550  
0.00039644736  1.4316977e-05  -7.1312253e-05  0.00037165291  -0.00092779952  0.0022177924  0.0000000   1.1696996e-05  -3.2397381e-05  6.9498847e-05  
1.5009318e-05  9.3405580e-05  1.5046788e-05  -1.6746306e-05  0.00044002807  0.00017024348  -1.1696996e-05  0.0000000   -0.00014177397  0.0011795384  
1.0476555e-05  5.9704027e-05  -5.2765555e-05  -0.00036950373  -8.2461711e-05  0.00023069069  3.2397381e-05  0.00014177397  0.0000000   0.0084219942  
1.5680190e-05  -8.8810692e-05  2.5045026e-05  0.00014167628  0.00027181395  0.00012600550  -6.9498847e-05  -0.0011795384  -0.0084219942  0.0000000   
