0.0000000   2.4077765e-05  0.00026491763  -0.00017690068  -0.00015934171  7.8872039e-06  -8.8330500e-05  -0.00035939716  -2.8519591e-05  -4.6692629e-05  
-2.4077765e-05  0.0000000   0.00014567311  -0.00016126387  -4.4002380e-05  0.00012141419  -0.00018030684  -3.5011839e-05  -1.0701135e-05  -0.00014209620  
-0.00026491763  -0.00014567311  0.0000000   0.010815686  0.0062355099  -7.4354129e-05  0.00094074399  0.00037402978  -0.00052698439  -0.00082092278  
0.00017690068  0.00016126387  -0.010815686  0.0000000   -0.0039809034  0.00014840516  -0.0012977517  -0.00034935202  0.00062570717  0.0011553631  
0.00015934171  4.4002380e-05  -0.0062355099  0.0039809034  0.0000000   -0.00023341261  0.0049972658  0.00035122692  -0.0038520089  -0.0031396843  
-7.8872039e-06  -0.00012141419  7.4354129e-05  -0.00014840516  0.00023341261  0.0000000   0.00063192540  -0.0058897937  0.00076318716  0.00061975942  
8.8330500e-05  0.00018030684  -0.00094074399  0.0012977517  -0.0049972658  -0.00063192540  0.0000000   -0.00020928002  -0.0034704817  0.0049929915  
0.00035939716  3.5011839e-05  -0.00037402978  0.00034935202  -0.00035122692  0.0058897937  0.00020928002  0.0000000   -2.6603863e-05  -0.00017572947  
2.8519591e-05  1.0701135e-05  0.00052698439  -0.00062570717  0.0038520089  -0.00076318716  0.0034704817  2.6603863e-05  0.0000000   0.022752020  
4.6692629e-05  0.00014209620  0.00082092278  -0.0011553631  0.0031396843  -0.00061975942  -0.0049929915  0.00017572947  -0.022752020  0.0000000   
