0.0000000   1.6272052e-05  -0.00010276830  3.1203495e-05  0.00011423545  -5.1795285e-05  -0.00011305394  -3.7665642e-05  -0.00011079821  1.9667731e-05  
-1.6272052e-05  0.0000000   -0.00029822627  -8.8867968e-06  -0.00025350707  -4.7573353e-09  -5.3542504e-08  4.3402578e-06  6.9627748e-08  1.0743496e-09  
0.00010276830  0.00029822627  0.0000000   -0.0011659908  2.7154735e-08  -0.00025320469  -5.7181689e-08  -5.2878599e-08  4.3408758e-06  2.4264728e-07  
-3.1203495e-05  8.8867968e-06  0.0011659908  0.0000000   -5.3727267e-08  8.4587455e-08  -0.00025321027  -5.8570070e-09  -2.5088095e-07  4.3343529e-06  
-0.00011423545  0.00025350707  -2.7154735e-08  5.3727267e-08  0.0000000   -0.00029802624  -8.8818044e-06  0.00092345881  -3.7224753e-08  2.2276586e-07  
5.1795285e-05  4.7573353e-09  0.00025320469  -8.4587455e-08  0.00029802624  0.0000000   -0.0011651997  -2.8964968e-08  0.00092238992  -3.2677716e-08  
0.00011305394  5.3542504e-08  5.7181689e-08  0.00025321027  8.8818044e-06  0.0011651997  0.0000000   2.3229844e-07  -5.2134853e-08  0.00092239291  
3.7665642e-05  -4.3402578e-06  5.2878599e-08  5.8570070e-09  -0.00092345881  2.8964968e-08  -2.3229844e-07  0.0000000   -0.00029803805  -8.8749615e-06  
0.00011079821  -6.9627748e-08  -4.3408758e-06  2.5088095e-07  3.7224753e-08  -0.00092238992  5.2134853e-08  0.00029803805  0.0000000   -0.0011651977  
-1.9667731e-05  -1.0743496e-09  -2.4264728e-07  -4.3343529e-06  -2.2276586e-07  3.2677716e-08  -0.00092239291  8.8749615e-06  0.0011651977  0.0000000   
