0.0000000   -3.8097048e-05  -0.00027957790  -1.8870574e-05  0.00024255392  -3.3827192e-05  1.8997098e-05  -6.7285275e-05  1.6267455e-05  1.6531928e-05  
3.8097048e-05  0.0000000   0.00063898654  -0.00015896051  0.00060155912  -1.8566684e-07  -5.9259185e-07  9.6999420e-05  3.2005804e-07  -1.8353988e-07  
0.00027957790  -0.00063898654  0.0000000   -0.0019125628  -8.9463467e-08  0.00059967751  2.3841601e-07  -3.3584196e-07  9.6649739e-05  -1.0249038e-06  
1.8870574e-05  0.00015896051  0.0019125628  0.0000000   -4.9343993e-07  -1.2311646e-07  0.00059968575  -4.6047072e-08  1.0524719e-06  9.6702900e-05  
-0.00024255392  -0.00060155912  8.9463467e-08  4.9343993e-07  0.0000000   0.00063850434  -0.00015887992  0.00096653136  -1.9408607e-07  -9.7885612e-07  
3.3827192e-05  1.8566684e-07  -0.00059967751  1.2311646e-07  -0.00063850434  0.0000000   -0.0019112939  -2.0011856e-07  0.00096350392  1.3770028e-07  
-1.8997098e-05  5.9259185e-07  -2.3841601e-07  -0.00059968575  0.00015887992  0.0019112939  0.0000000   -9.8954413e-07  4.9079978e-08  0.00096353760  
6.7285275e-05  -9.6999420e-05  3.3584196e-07  4.6047072e-08  -0.00096653136  2.0011856e-07  9.8954413e-07  0.0000000   0.00063880144  -0.00015893142  
-1.6267455e-05  -3.2005804e-07  -9.6649739e-05  -1.0524719e-06  1.9408607e-07  -0.00096350392  -4.9079978e-08  -0.00063880144  0.0000000   -0.0019121623  
-1.6531928e-05  1.8353988e-07  1.0249038e-06  -9.6702900e-05  9.7885612e-07  -1.3770028e-07  -0.00096353760  0.00015893142  0.0019121623  0.0000000   
