0.0000000   -1.8147425e-05  4.3433216e-05  9.8297792e-06  -7.9186478e-05  2.8915559e-06  -1.8020612e-05  -1.0269232e-05  2.3482805e-07  -2.9197598e-06  
1.8147425e-05  0.0000000   0.00018820687  -0.00020804315  9.3910901e-05  -1.7812230e-08  5.7566952e-10  -0.00022806798  3.7024518e-09  4.0087787e-08  
-4.3433216e-05  -0.00018820687  0.0000000   -0.00065319327  1.1152916e-09  9.3865131e-05  4.3960656e-08  3.1782100e-08  -0.00022795640  2.7848350e-08  
-9.8297792e-06  0.00020804315  0.00065319327  0.0000000   -2.3987552e-08  -2.2817626e-08  9.3860802e-05  7.3621936e-09  -7.5842546e-08  -0.00022795051  
7.9186478e-05  -9.3910901e-05  -1.1152916e-09  2.3987552e-08  0.0000000   0.00018819745  -0.00020803513  -0.00033478041  1.9677291e-08  3.8762918e-08  
-2.8915559e-06  1.7812230e-08  -9.3865131e-05  2.2817626e-08  -0.00018819745  0.0000000   -0.00065316192  3.3546179e-08  -0.00033462108  -1.7645189e-08  
1.8020612e-05  -5.7566952e-10  -4.3960656e-08  -9.3860802e-05  0.00020803513  0.00065316192  0.0000000   3.0852263e-08  -5.6446131e-08  -0.00033461135  
1.0269232e-05  0.00022806798  -3.1782100e-08  -7.3621936e-09  0.00033478041  -3.3546179e-08  -3.0852263e-08  0.0000000   0.00018820625  -0.00020804375  
-2.3482805e-07  -3.7024518e-09  0.00022795640  7.5842546e-08  -1.9677291e-08  0.00033462108  5.6446131e-08  -0.00018820625  0.0000000   -0.00065318956  
2.9197598e-06  -4.0087787e-08  -2.7848350e-08  0.00022795051  -3.8762918e-08  1.7645189e-08  0.00033461135  0.00020804375  0.00065318956  0.0000000   
