0.0000000   1.6342949e-05  -0.00031008552  0.00016111260  -7.4396964e-05  1.6394846e-05  -4.9828806e-05  0.00032177895  -1.0860146e-05  -4.3941725e-05  
-1.6342949e-05  0.0000000   2.7775514e-05  0.00019736256  -3.5786945e-05  9.0388648e-05  -0.00017544596  -6.4173659e-05  -0.00020779747  0.00033010182  
0.00031008552  -2.7775514e-05  0.0000000   8.3266869e-05  -0.00040167860  0.00012933666  -9.2765461e-05  0.00057833831  0.00013793756  8.2512265e-05  
-0.00016111260  -0.00019736256  -8.3266869e-05  0.0000000   0.00022640755  0.00031649717  -0.00045114568  -0.00017993514  0.00049974450  0.00014762607  
7.4396964e-05  3.5786945e-05  0.00040167860  -0.00022640755  0.0000000   9.3736089e-05  -7.7678017e-05  -0.00038779531  -0.00027819054  -0.00028261053  
-1.6394846e-05  -9.0388648e-05  -0.00012933666  -0.00031649717  -9.3736089e-05  0.0000000   -0.0011197344  9.3914546e-05  -0.0025336624  -0.00034195898  
4.9828806e-05  0.00017544596  9.2765461e-05  0.00045114568  7.7678017e-05  0.0011197344  0.0000000   -0.00028456435  0.00012319691  -0.0038541118  
-0.00032177895  6.4173659e-05  -0.00057833831  0.00017993514  0.00038779531  -9.3914546e-05  0.00028456435  0.0000000   3.8498031e-05  -7.8164152e-05  
1.0860146e-05  0.00020779747  -0.00013793756  -0.00049974450  0.00027819054  0.0025336624  -0.00012319691  -3.8498031e-05  0.0000000   -0.0036120216  
4.3941725e-05  -0.00033010182  -8.2512265e-05  -0.00014762607  0.00028261053  0.00034195898  0.0038541118  7.8164152e-05  0.0036120216  0.0000000   
