0.0000000   -1.7508157e-06  2.2733109e-06  9.6216758e-06  -6.0903513e-06  -3.5776152e-07  1.6741066e-05  -4.7847824e-07  -1.0420047e-05  -2.4105959e-06  
1.7508157e-06  0.0000000   0.00012627870  0.0011114264  -0.00020231667  0.00031164958  -0.00090427996  -0.00051641684  -0.00060376305  0.00063546501  
-2.2733109e-06  -0.00012627870  0.0000000   -0.00030165193  -5.9929142e-05  0.00053411102  0.00048513294  -0.0018514959  0.00056580397  0.00077690203  
-9.6216758e-06  -0.0011114264  0.00030165193  0.0000000   -0.0016018290  0.00057628898  -4.8188407e-05  -0.014583286  -0.00011271224  -0.00041933903  
6.0903513e-06  0.00020231667  5.9929142e-05  0.0016018290  0.0000000   -0.00022344436  5.8250256e-05  0.0037625013  0.00026915259  -6.0779235e-05  
3.5776152e-07  -0.00031164958  -0.00053411102  -0.00057628898  0.00022344436  0.0000000   -0.00035000891  0.00072077033  -0.00090523387  -0.0011123444  
-1.6741066e-05  0.00090427996  -0.00048513294  4.8188407e-05  -5.8250256e-05  0.00035000891  0.0000000   -0.0020084425  0.0012116546  -0.0010502793  
4.7847824e-07  0.00051641684  0.0018514959  0.014583286  -0.0037625013  -0.00072077033  0.0020084425  0.0000000   -0.0013488127  0.00022147413  
1.0420047e-05  0.00060376305  -0.00056580397  0.00011271224  -0.00026915259  0.00090523387  -0.0012116546  0.0013488127  0.0000000   0.00044169531  
2.4105959e-06  -0.00063546501  -0.00077690203  0.00041933903  6.0779235e-05  0.0011123444  0.0010502793  -0.00022147413  -0.00044169531  0.0000000   
