0.0000000   -1.0039106e-05  1.8771466e-05  -1.6752530e-05  -1.3322449e-05  -1.6473152e-05  -3.6803979e-05  -2.6771723e-05  -2.1251481e-05  1.2283319e-05  
1.0039106e-05  0.0000000   -0.00022203389  -7.7365773e-05  -0.00018323515  3.2230252e-10  1.2639547e-08  0.00028817352  5.6950064e-09  -1.9617414e-08  
-1.8771466e-05  0.00022203389  0.0000000   0.00054401446  -1.4846838e-08  -0.00018316572  -5.0811422e-09  1.4307091e-08  0.00028806364  -1.0795569e-08  
1.6752530e-05  7.7365773e-05  -0.00054401446  0.0000000   9.2468973e-09  3.3376474e-08  -0.00018318444  -1.6469881e-08  -3.2527255e-08  0.00028809535  
1.3322449e-05  0.00018323515  1.4846838e-08  -9.2468973e-09  0.0000000   -0.00022206975  -7.7377542e-05  0.00018121221  -9.8884177e-09  -1.7717321e-08  
1.6473152e-05  -3.2230252e-10  0.00018316572  -3.3376474e-08  0.00022206975  0.0000000   0.00054409945  2.2914097e-08  0.00018114376  2.6561217e-08  
3.6803979e-05  -1.2639547e-08  5.0811422e-09  0.00018318444  7.7377542e-05  -0.00054409945  0.0000000   -5.6634278e-09  -5.4016152e-08  0.00018116164  
2.6771723e-05  -0.00028817352  -1.4307091e-08  1.6469881e-08  -0.00018121221  -2.2914097e-08  5.6634278e-09  0.0000000   -0.00022206277  -7.7376185e-05  
2.1251481e-05  -5.6950064e-09  -0.00028806364  3.2527255e-08  9.8884177e-09  -0.00018114376  5.4016152e-08  0.00022206277  0.0000000   0.00054408521  
-1.2283319e-05  1.9617414e-08  1.0795569e-08  -0.00028809535  1.7717321e-08  -2.6561217e-08  -0.00018116164  7.7376185e-05  -0.00054408521  0.0000000   
