0.0000000   2.6802826e-05  -0.00012008939  -1.4834263e-05  -5.8573490e-05  -6.9825969e-05  6.2214332e-05  0.00012802367  6.0578824e-05  9.6483524e-05  
-2.6802826e-05  0.0000000   -0.00029093646  0.00020954353  9.1878536e-05  9.7248581e-05  -0.00023763750  1.6943835e-05  -0.00018585520  -2.6450073e-05  
0.00012008939  0.00029093646  0.0000000   -0.0028911659  -0.00083528436  1.7449116e-05  3.4372406e-05  -0.00090954315  -0.00013995593  0.00035440367  
1.4834263e-05  -0.00020954353  0.0028911659  0.0000000   -0.0012489577  0.00024661787  0.00020664642  -0.0024701000  1.8476882e-05  -0.00010131257  
5.8573490e-05  -9.1878536e-05  0.00083528436  0.0012489577  0.0000000   -0.0022537487  0.00011053792  0.0013063505  0.0035277622  0.00083378619  
6.9825969e-05  -9.7248581e-05  -1.7449116e-05  -0.00024661787  0.0022537487  0.0000000   -0.0089349069  -0.00089887641  0.0061759931  -0.0042017090  
-6.2214332e-05  0.00023763750  -3.4372406e-05  -0.00020664642  -0.00011053792  0.0089349069  0.0000000   0.0024536426  0.010220047  0.0024271429  
-0.00012802367  -1.6943835e-05  0.00090954315  0.0024701000  -0.0013063505  0.00089887641  -0.0024536426  0.0000000   0.00038388665  0.00016646858  
-6.0578824e-05  0.00018585520  0.00013995593  -1.8476882e-05  -0.0035277622  -0.0061759931  -0.010220047  -0.00038388665  0.0000000   0.0071587118  
-9.6483524e-05  2.6450073e-05  -0.00035440367  0.00010131257  -0.00083378619  0.0042017090  -0.0024271429  -0.00016646858  -0.0071587118  0.0000000   
