0.0000000   -1.7794246e-06  0.00013691278  -5.0962827e-05  0.00016813920  -7.8517060e-05  -3.4373289e-05  0.00013533830  -2.9181141e-05  6.5040009e-06  
1.7794246e-06  0.0000000   9.2772087e-05  0.00016124101  -0.00022951648  -0.0011471998  0.0040783333  -0.00089091901  0.0010989116  0.00077297271  
-0.00013691278  -9.2772087e-05  0.0000000   0.0079979836  -0.0036844780  -0.0029582817  -0.00051196224  -0.0052641037  0.00062927684  0.0035771812  
5.0962827e-05  -0.00016124101  -0.0079979836  0.0000000   0.0088797557  -0.00030962620  -0.0040634375  -0.0023974301  -0.0035489264  0.0021902592  
-0.00016813920  0.00022951648  0.0036844780  -0.0088797557  0.0000000   0.0046849463  0.0022084843  -0.0023129993  0.00083607968  -0.0053918080  
7.8517060e-05  0.0011471998  0.0029582817  0.00030962620  -0.0046849463  0.0000000   0.00093133614  -0.0028955061  0.0013446095  -0.0012827799  
3.4373289e-05  -0.0040783333  0.00051196224  0.0040634375  -0.0022084843  -0.00093133614  0.0000000   -0.0013909921  0.00024541882  0.0014438678  
-0.00013533830  0.00089091901  0.0052641037  0.0023974301  0.0023129993  0.0028955061  0.0013909921  0.0000000   0.0011303195  -0.0013024787  
2.9181141e-05  -0.0010989116  -0.00062927684  0.0035489264  -0.00083607968  -0.0013446095  -0.00024541882  -0.0011303195  0.0000000   0.0017223054  
-6.5040009e-06  -0.00077297271  -0.0035771812  -0.0021902592  0.0053918080  0.0012827799  -0.0014438678  0.0013024787  -0.0017223054  0.0000000   
