0.0000000   -1.0276517e-05  -0.00030807134  3.1995940e-05  0.00029624358  -1.8124601e-05  5.2700204e-05  -6.1476459e-05  2.7835851e-05  1.0960398e-05  
1.0276517e-05  0.0000000   0.00022518595  -0.00042891471  0.00034374386  -8.5479541e-07  9.1255506e-08  0.00035829406  -4.6071876e-07  -7.2557360e-07  
0.00030807134  -0.00022518595  0.0000000   -0.0049450441  -2.8702183e-07  0.00033655905  4.8506325e-06  -6.4217709e-07  0.00035075035  -4.3594305e-06  
-3.1995940e-05  0.00042891471  0.0049450441  0.0000000   -3.6697878e-07  -4.8244761e-06  0.00033650772  -6.7040206e-08  4.4914528e-06  0.00035070424  
-0.00029624358  -0.00034374386  2.8702183e-07  3.6697878e-07  0.0000000   0.00022327913  -0.00042531077  0.0031271909  -5.7568906e-06  -2.9729835e-06  
1.8124601e-05  8.5479541e-07  -0.00033655905  4.8244761e-06  -0.00022327913  0.0000000   -0.0049043492  -5.7606192e-06  0.0030618259  6.9395510e-07  
-5.2700204e-05  -9.1255506e-08  -4.8506325e-06  -0.00033650772  0.00042531077  0.0049043492  0.0000000   -3.0577553e-06  1.2290336e-07  0.0030610922  
6.1476459e-05  -0.00035829406  6.4217709e-07  6.7040206e-08  -0.0031271909  5.7606192e-06  3.0577553e-06  0.0000000   0.00022333203  -0.00042533411  
-2.7835851e-05  4.6071876e-07  -0.00035075035  -4.4914528e-06  5.7568906e-06  -0.0030618259  -1.2290336e-07  -0.00022333203  0.0000000   -0.0049040796  
-1.0960398e-05  7.2557360e-07  4.3594305e-06  -0.00035070424  2.9729835e-06  -6.9395510e-07  -0.0030610922  0.00042533411  0.0049040796  0.0000000   
