0.0000000   -2.0019728e-05  -2.0878206e-07  2.5959159e-06  -6.8392615e-06  -1.1609870e-07  -3.2582690e-07  2.3542830e-07  -5.2368247e-06  -2.4102209e-05  
2.0019728e-05  0.0000000   -4.6224013e-07  -6.4818777e-06  -0.00017377821  -1.0208304e-05  5.9051630e-07  -6.6381356e-07  2.9873488e-06  2.6344208e-05  
2.0878206e-07  4.6224013e-07  0.0000000   0.00016593269  -3.0979884e-06  3.0581403e-05  -8.2825816e-06  1.0295717e-05  -1.1573831e-05  3.2447149e-06  
-2.5959159e-06  6.4818777e-06  -0.00016593269  0.0000000   -1.3760023e-05  0.00052713488  6.6896314e-05  0.00010939110  0.00013008291  -2.3733386e-05  
6.8392615e-06  0.00017377821  3.0979884e-06  1.3760023e-05  0.0000000   -6.3998690e-06  -4.6955393e-06  -4.9908798e-06  -3.4356253e-05  -0.00015055674  
1.1609870e-07  1.0208304e-05  -3.0581403e-05  -0.00052713488  6.3998690e-06  0.0000000   8.2630493e-05  -5.6113133e-05  0.00025662299  -4.4281714e-05  
3.2582690e-07  -5.9051630e-07  8.2825816e-06  -6.6896314e-05  4.6955393e-06  -8.2630493e-05  0.0000000   -1.1400128e-05  -9.8211131e-05  8.0857797e-06  
-2.3542830e-07  6.6381356e-07  -1.0295717e-05  -0.00010939110  4.9908798e-06  5.6113133e-05  1.1400128e-05  0.0000000   -3.5897757e-05  1.6702844e-06  
5.2368247e-06  -2.9873488e-06  1.1573831e-05  -0.00013008291  3.4356253e-05  -0.00025662299  9.8211131e-05  3.5897757e-05  0.0000000   -2.4964965e-06  
2.4102209e-05  -2.6344208e-05  -3.2447149e-06  2.3733386e-05  0.00015055674  4.4281714e-05  -8.0857797e-06  -1.6702844e-06  2.4964965e-06  0.0000000   
