0.0000000   -4.9551457e-06  8.3112420e-05  3.1324295e-06  2.1671782e-05  0.00013882530  -7.0267002e-05  1.3896655e-05  -7.3358403e-05  0.00013858651  
4.9551457e-06  0.0000000   -0.00019266966  0.00013354742  0.00098976764  0.00012866448  -5.8877361e-05  6.8530377e-05  -4.9948988e-05  -9.4821781e-05  
-8.3112420e-05  0.00019266966  0.0000000   -0.0047393075  0.00028228022  0.00017209443  0.00085608660  -6.7311818e-05  0.0018115664  3.5810459e-05  
-3.1324295e-06  -0.00013354742  0.0047393075  0.0000000   0.00014013446  0.00015600781  0.00036720482  7.8742702e-05  -0.0010409062  -0.00016767547  
-2.1671782e-05  -0.00098976764  -0.00028228022  -0.00014013446  0.0000000   0.0014792549  -0.00012204722  0.0040321573  -1.4105819e-06  -0.0015245794  
-0.00013882530  -0.00012866448  -0.00017209443  -0.00015600781  -0.0014792549  0.0000000   -0.00053133321  -0.00080492986  0.0013524867  6.2887571e-06  
7.0267002e-05  5.8877361e-05  -0.00085608660  -0.00036720482  0.00012204722  0.00053133321  0.0000000   6.5288134e-06  -0.0020531145  0.00064198195  
-1.3896655e-05  -6.8530377e-05  6.7311818e-05  -7.8742702e-05  -0.0040321573  0.00080492986  -6.5288134e-06  0.0000000   5.4055967e-05  -0.00079767197  
7.3358403e-05  4.9948988e-05  -0.0018115664  0.0010409062  1.4105819e-06  -0.0013524867  0.0020531145  -5.4055967e-05  0.0000000   -0.0011699318  
-0.00013858651  9.4821781e-05  -3.5810459e-05  0.00016767547  0.0015245794  -6.2887571e-06  -0.00064198195  0.00079767197  0.0011699318  0.0000000   
