0.0000000   -4.0553410e-05  0.00015455944  -4.3140973e-05  0.00015683880  3.3664497e-05  5.7609834e-05  1.1981563e-05  6.0528038e-05  -2.4625598e-05  
4.0553410e-05  0.0000000   5.2057236e-05  9.9705225e-05  -8.5343735e-06  3.3508501e-08  6.0622545e-08  0.00019877237  -1.0922120e-07  5.0730156e-08  
-0.00015455944  -5.2057236e-05  0.0000000   0.0057246214  -1.9823320e-08  -8.2676116e-06  3.7639302e-06  -2.2343994e-08  0.00019314645  2.1785566e-07  
4.3140973e-05  -9.9705225e-05  -0.0057246214  0.0000000   6.2423143e-08  -3.7392290e-06  -8.2314458e-06  2.1964500e-08  -1.8361051e-07  0.00019310871  
-0.00015683880  8.5343735e-06  1.9823320e-08  -6.2423143e-08  0.0000000   5.1331961e-05  9.8238518e-05  -0.0040509999  2.2016319e-06  -8.3863421e-07  
-3.3664497e-05  -3.3508501e-08  8.2676116e-06  3.7392290e-06  -5.1331961e-05  0.0000000   0.0056428092  2.2202273e-06  -0.0039359726  1.9083335e-07  
-5.7609834e-05  -6.0622545e-08  -3.7639302e-06  8.2314458e-06  -9.8238518e-05  -0.0056428092  0.0000000   -7.9606385e-07  -2.1888070e-07  -0.0039355168  
-1.1981563e-05  -0.00019877237  2.2343994e-08  -2.1964500e-08  0.0040509999  -2.2202273e-06  7.9606385e-07  0.0000000   5.1288922e-05  9.8260265e-05  
-6.0528038e-05  1.0922120e-07  -0.00019314645  1.8361051e-07  -2.2016319e-06  0.0039359726  2.1888070e-07  -5.1288922e-05  0.0000000   0.0056431278  
2.4625598e-05  -5.0730156e-08  -2.1785566e-07  -0.00019310871  8.3863421e-07  -1.9083335e-07  0.0039355168  -9.8260265e-05  -0.0056431278  0.0000000   
