0.0000000   -1.5888282e-06  -5.5413705e-06  5.2303519e-06  -1.7142489e-05  2.3902199e-05  -0.00017099324  1.2320358e-06  -1.4015551e-06  2.1483262e-05  
1.5888282e-06  0.0000000   -7.5889908e-05  1.7826447e-05  7.4903828e-05  -0.00071382095  -2.9719027e-06  -7.4081956e-06  0.00069729840  0.00023176005  
5.5413705e-06  7.5889908e-05  0.0000000   0.0033923875  0.016224344  -9.7138380e-05  -0.0035282136  -0.013157672  -0.00059212849  -0.00036518821  
-5.2303519e-06  -1.7826447e-05  -0.0033923875  0.0000000   -0.0041670010  0.0014252461  0.00088567595  0.0033532863  -0.0013901480  0.00014122559  
1.7142489e-05  -7.4903828e-05  -0.016224344  0.0041670010  0.0000000   -0.0017110126  -0.00010238969  -0.00017274819  -0.0054761405  -0.00034466664  
-2.3902199e-05  0.00071382095  9.7138380e-05  -0.0014252461  0.0017110126  0.0000000   -0.0025380091  0.0026885427  -0.00092396151  0.017250094  
0.00017099324  2.9719027e-06  0.0035282136  -0.00088567595  0.00010238969  0.0025380091  0.0000000   -2.3354432e-05  0.0011916238  -0.00069222158  
-1.2320358e-06  7.4081956e-06  0.013157672  -0.0033532863  0.00017274819  -0.0026885427  2.3354432e-05  0.0000000   0.0042977714  -8.2053963e-06  
1.4015551e-06  -0.00069729840  0.00059212849  0.0013901480  0.0054761405  0.00092396151  -0.0011916238  -0.0042977714  0.0000000   -0.00028538493  
-2.1483262e-05  -0.00023176005  0.00036518821  -0.00014122559  0.00034466664  -0.017250094  0.00069222158  8.2053963e-06  0.00028538493  0.0000000   
