0.0000000   1.6510426e-05  0.00020656937  -0.00010743535  0.00010969984  -4.8525917e-05  -1.7701155e-06  4.9083365e-05  -5.2983331e-05  -5.1796533e-05  
-1.6510426e-05  0.0000000   -0.00026107521  -9.9557601e-05  2.8053384e-05  0.0010149479  -0.0048674725  0.00011866660  -0.0011533479  -0.00013085868  
-0.00020656937  0.00026107521  0.0000000   0.014110397  -0.0027138286  0.0016583103  -0.0032639268  -0.0040733390  -0.0026195445  -0.00098705270  
0.00010743535  9.9557601e-05  -0.014110397  0.0000000   0.013511402  -0.0010354915  -0.00020931205  -0.0014811557  -0.00051958772  0.0010141689  
-0.00010969984  -2.8053384e-05  0.0027138286  -0.013511402  0.0000000   0.00056954937  -0.0043509469  0.0050282416  -0.0036313061  0.00021151894  
4.8525917e-05  -0.0010149479  -0.0016583103  0.0010354915  -0.00056954937  0.0000000   0.0093341817  0.00045115129  -0.0088212357  0.00072493717  
1.7701155e-06  0.0048674725  0.0032639268  0.00020931205  0.0043509469  -0.0093341817  0.0000000   4.2993187e-05  0.00066707452  -0.013610526  
-4.9083365e-05  -0.00011866660  0.0040733390  0.0014811557  -0.0050282416  -0.00045115129  -4.2993187e-05  0.0000000   -0.00015804861  0.00051856057  
5.2983331e-05  0.0011533479  0.0026195445  0.00051958772  0.0036313061  0.0088212357  -0.00066707452  0.00015804861  0.0000000   0.013512213  
5.1796533e-05  0.00013085868  0.00098705270  -0.0010141689  -0.00021151894  -0.00072493717  0.013610526  -0.00051856057  -0.013512213  0.0000000   
