0.0000000   8.4380199e-06  0.00034222501  -1.1008245e-05  6.9300130e-05  -2.4737093e-06  -0.00011096321  -2.9545426e-05  -7.9161666e-06  8.0079495e-06  
-8.4380199e-06  0.0000000   -4.1804078e-05  -4.6608675e-06  -3.8985847e-05  0.00026511253  -1.4016360e-05  -0.00011531349  -2.6974725e-06  -2.8228013e-05  
-0.00034222501  4.1804078e-05  0.0000000   0.00011660010  -0.00030653239  -0.00011930577  -0.00045984059  -4.1851274e-05  2.0694250e-05  2.2826967e-05  
1.1008245e-05  4.6608675e-06  -0.00011660010  0.0000000   -0.00037082578  -0.0011048714  0.00030817435  -0.00023382446  0.00011085481  1.3744153e-05  
-6.9300130e-05  3.8985847e-05  0.00030653239  0.00037082578  0.0000000   -0.0066499511  -0.00075842251  -0.00014669191  -1.4421497e-06  2.1108752e-05  
2.4737093e-06  -0.00026511253  0.00011930577  0.0011048714  0.0066499511  0.0000000   -0.00012366317  0.00013418007  -5.6312627e-05  -0.00016999538  
0.00011096321  1.4016360e-05  0.00045984059  -0.00030817435  0.00075842251  0.00012366317  0.0000000   0.00015217857  0.00010595253  -0.00014477728  
2.9545426e-05  0.00011531349  4.1851274e-05  0.00023382446  0.00014669191  -0.00013418007  -0.00015217857  0.0000000   -0.0016250275  -0.00037129031  
7.9161666e-06  2.6974725e-06  -2.0694250e-05  -0.00011085481  1.4421497e-06  5.6312627e-05  -0.00010595253  0.0016250275  0.0000000   -0.0022348595  
-8.0079495e-06  2.8228013e-05  -2.2826967e-05  -1.3744153e-05  -2.1108752e-05  0.00016999538  0.00014477728  0.00037129031  0.0022348595  0.0000000   
