0.0000000   4.7753318e-06  -7.2670459e-05  -1.6836839e-05  9.5902479e-07  -3.8387848e-06  -1.5680646e-05  6.2730268e-06  1.1280801e-05  -4.8696446e-06  
-4.7753318e-06  0.0000000   -5.6055136e-05  -0.00052920565  5.8478071e-05  0.0090112128  -0.0028489505  -0.00014875443  -0.00044544140  0.0019313884  
7.2670459e-05  5.6055136e-05  0.0000000   -0.00028975835  0.0013631252  0.00012943919  0.00092422579  0.0044392676  -0.00075260485  0.00030875391  
1.6836839e-05  0.00052920565  0.00028975835  0.0000000   0.0039495004  -3.8822613e-05  -6.5000264e-05  0.013294266  0.00017579434  0.00032271930  
-9.5902479e-07  -5.8478071e-05  -0.0013631252  -0.0039495004  0.0000000   -0.00053651217  -0.00023422252  6.8248276e-05  -0.00036522164  -0.00027809195  
3.8387848e-06  -0.0090112128  -0.00012943919  3.8822613e-05  0.00053651217  0.0000000   0.0014567970  0.00076108826  0.0017344582  7.2510107e-06  
1.5680646e-05  0.0028489505  -0.00092422579  6.5000264e-05  0.00023422252  -0.0014567970  0.0000000   -6.1543442e-05  0.00013696264  0.0022214940  
-6.2730268e-06  0.00014875443  -0.0044392676  -0.013294266  -6.8248276e-05  -0.00076108826  6.1543442e-05  0.0000000   5.8420636e-05  -0.00064119342  
-1.1280801e-05  0.00044544140  0.00075260485  -0.00017579434  0.00036522164  -0.0017344582  -0.00013696264  -5.8420636e-05  0.0000000   0.0025060690  
4.8696446e-06  -0.0019313884  -0.00030875391  -0.00032271930  0.00027809195  -7.2510107e-06  -0.0022214940  0.00064119342  -0.0025060690  0.0000000   
