0.0000000   -3.7307804e-05  0.00015178260  -1.1147631e-05  7.1478454e-05  1.2040891e-05  7.0653824e-05  9.7089566e-06  -1.2748889e-06  -1.2833607e-05  
3.7307804e-05  0.0000000   -1.0858275e-05  0.00017291982  8.2622884e-05  0.00042249734  2.0245127e-05  1.0211388e-05  -1.2825207e-05  4.9362008e-06  
-0.00015178260  1.0858275e-05  0.0000000   -0.00016947970  6.2010815e-05  4.2747474e-05  0.00023952500  -5.9878616e-05  -3.7179733e-05  -3.2408458e-05  
1.1147631e-05  -0.00017291982  0.00016947970  0.0000000   -0.00010430790  0.00041929847  0.00020303956  -3.8011407e-06  0.00013528126  0.00013028991  
-7.1478454e-05  -8.2622884e-05  -6.2010815e-05  0.00010430790  0.0000000   0.00051344424  -0.00034914510  -0.00013459609  8.7025626e-05  3.3325685e-05  
-1.2040891e-05  -0.00042249734  -4.2747474e-05  -0.00041929847  -0.00051344424  0.0000000   -0.00029643558  0.00041922018  8.0518399e-05  3.0684713e-05  
-7.0653824e-05  -2.0245127e-05  -0.00023952500  -0.00020303956  0.00034914510  0.00029643558  0.0000000   0.00010659538  0.00014695652  5.4551284e-06  
-9.7089566e-06  -1.0211388e-05  5.9878616e-05  3.8011407e-06  0.00013459609  -0.00041922018  -0.00010659538  0.0000000   0.00075422749  1.7404331e-05  
1.2748889e-06  1.2825207e-05  3.7179733e-05  -0.00013528126  -8.7025626e-05  -8.0518399e-05  -0.00014695652  -0.00075422749  0.0000000   0.0038199583  
1.2833607e-05  -4.9362008e-06  3.2408458e-05  -0.00013028991  -3.3325685e-05  -3.0684713e-05  -5.4551284e-06  -1.7404331e-05  -0.0038199583  0.0000000   
