0.0000000   -1.2057630e-05  -4.1552685e-06  -1.3048976e-06  8.5625069e-07  -3.4974763e-05  2.0495326e-05  -8.6781829e-07  1.6789647e-05  1.8495890e-05  
1.2057630e-05  0.0000000   4.7245345e-05  3.2706129e-05  -1.9583265e-05  3.4595375e-05  -2.1956939e-05  -3.1425892e-05  1.7063319e-05  -8.7137812e-05  
4.1552685e-06  -4.7245345e-05  0.0000000   0.00013763020  -0.00063513551  0.00010715162  0.00011949391  -1.9171402e-05  -6.8030264e-05  3.5245951e-06  
1.3048976e-06  -3.2706129e-05  -0.00013763020  0.0000000   0.00043356739  8.5667869e-05  4.1924002e-05  -0.00055942438  -2.8759598e-05  5.5909040e-05  
-8.5625069e-07  1.9583265e-05  0.00063513551  -0.00043356739  0.0000000   -1.0185605e-05  2.8008502e-05  0.0025758127  7.3605413e-05  -0.00013517422  
3.4974763e-05  -3.4595375e-05  -0.00010715162  -8.5667869e-05  1.0185605e-05  0.0000000   5.6562282e-06  9.2408603e-05  -0.0021740010  -0.0017600764  
-2.0495326e-05  2.1956939e-05  -0.00011949391  -4.1924002e-05  -2.8008502e-05  -5.6562282e-06  0.0000000   -5.5555055e-05  0.00018296933  -0.0033017747  
8.6781829e-07  3.1425892e-05  1.9171402e-05  0.00055942438  -0.0025758127  -9.2408603e-05  5.5555055e-05  0.0000000   -5.1440643e-06  8.8718037e-05  
-1.6789647e-05  -1.7063319e-05  6.8030264e-05  2.8759598e-05  -7.3605413e-05  0.0021740010  -0.00018296933  5.1440643e-06  0.0000000   -0.0012552715  
-1.8495890e-05  8.7137812e-05  -3.5245951e-06  -5.5909040e-05  0.00013517422  0.0017600764  0.0033017747  -8.8718037e-05  0.0012552715  0.0000000   
