0.0000000   -1.9774381e-05  -0.00033994534  -1.1693693e-05  -2.7008612e-05  -1.8692628e-05  8.2872032e-06  2.2171946e-05  -1.8973992e-05  9.2041074e-06  
1.9774381e-05  0.0000000   0.00024431169  -0.00059684453  -0.00034477650  -0.00013057548  5.6211097e-05  -3.5574054e-06  5.2370670e-06  5.7986616e-06  
0.00033994534  -0.00024431169  0.0000000   0.00058265182  -0.00067405451  -3.4804404e-05  0.00038743220  1.1346745e-05  3.0808824e-05  -9.1456734e-06  
1.1693693e-05  0.00059684453  -0.00058265182  0.0000000   -0.00020691342  -0.0022464611  4.5218415e-05  -4.3158092e-05  -0.00036006268  5.1244949e-05  
2.7008612e-05  0.00034477650  0.00067405451  0.00020691342  0.0000000   -0.0050577141  6.1319554e-05  4.2926679e-06  -0.00020522194  0.00012373842  
1.8692628e-05  0.00013057548  3.4804404e-05  0.0022464611  0.0050577141  0.0000000   0.00018463959  -0.00018526750  2.4308452e-05  0.00028771396  
-8.2872032e-06  -5.6211097e-05  -0.00038743220  -4.5218415e-05  -6.1319554e-05  -0.00018463959  0.0000000   -0.00027186774  -0.00015037123  7.3118169e-05  
-2.2171946e-05  3.5574054e-06  -1.1346745e-05  4.3158092e-05  -4.2926679e-06  0.00018526750  0.00027186774  0.0000000   0.00086090932  0.0031716289  
1.8973992e-05  -5.2370670e-06  -3.0808824e-05  0.00036006268  0.00020522194  -2.4308452e-05  0.00015037123  -0.00086090932  0.0000000   0.017121859  
-9.2041074e-06  -5.7986616e-06  9.1456734e-06  -5.1244949e-05  -0.00012373842  -0.00028771396  -7.3118169e-05  -0.0031716289  -0.017121859  0.0000000   
