0.0000000   4.8303989e-06  0.00036280512  -4.8978067e-05  0.00037783033  1.4589725e-06  -7.3834540e-05  -4.6098397e-05  -5.4685256e-05  1.5853103e-05  
-4.8303989e-06  0.0000000   0.00031330662  0.00020287113  -0.00050666818  3.9366772e-07  -5.2474684e-07  0.00025976378  -5.6606474e-08  3.6459557e-07  
-0.00036280512  -0.00031330662  0.0000000   0.0039508163  3.2239422e-07  -0.00049977750  9.5362810e-07  -1.5693679e-07  0.00025620351  1.4250601e-06  
4.8978067e-05  -0.00020287113  -0.0039508163  0.0000000   -1.7777763e-07  -1.0342688e-06  -0.00049990528  1.5091083e-07  -1.4313477e-06  0.00025625184  
-0.00037783033  0.00050666818  -3.2239422e-07  1.7777763e-07  0.0000000   0.00031307358  0.00020269980  -0.0010227616  6.9661221e-07  -1.0581457e-06  
-1.4589725e-06  -3.9366772e-07  0.00049977750  1.0342688e-06  -0.00031307358  0.0000000   0.0039487958  5.6604455e-07  -0.0010088984  7.9003282e-07  
7.3834540e-05  5.2474684e-07  -9.5362810e-07  0.00049990528  -0.00020269980  -0.0039487958  0.0000000   -1.2230297e-06  -8.2154733e-07  -0.0010090091  
4.6098397e-05  -0.00025976378  1.5693679e-07  -1.5091083e-07  0.0010227616  -5.6604455e-07  1.2230297e-06  0.0000000   0.00031305459  0.00020271736  
5.4685256e-05  5.6606474e-08  -0.00025620351  1.4313477e-06  -6.9661221e-07  0.0010088984  8.2154733e-07  -0.00031305459  0.0000000   0.0039482742  
-1.5853103e-05  -3.6459557e-07  -1.4250601e-06  -0.00025625184  1.0581457e-06  -7.9003282e-07  0.0010090091  -0.00020271736  -0.0039482742  0.0000000   
