0.0000000   7.6076567e-05  -0.00026371570  -0.00013385994  0.00028217057  2.8174562e-05  -1.0318312e-05  -0.00012423826  -2.5777019e-05  1.4060901e-05  
-7.6076567e-05  0.0000000   0.00029050844  -0.00012590007  0.00036339442  -1.9612086e-08  -5.5916122e-08  7.9956385e-05  2.1355073e-08  -2.5264706e-08  
0.00026371570  -0.00029050844  0.0000000   -0.00054697159  -3.6187779e-08  0.00036328251  8.1946303e-11  4.6919483e-10  7.9946508e-05  -4.4011596e-08  
0.00013385994  0.00012590007  0.00054697159  0.0000000   -2.5919843e-08  4.0352283e-08  0.00036328868  -1.9459211e-09  5.5259065e-08  7.9952001e-05  
-0.00028217057  -0.00036339442  3.6187779e-08  2.5919843e-08  0.0000000   0.00029049446  -0.00012584162  0.00034065905  -1.7525491e-08  -6.1086517e-08  
-2.8174562e-05  1.9612086e-08  -0.00036328251  -4.0352283e-08  -0.00029049446  0.0000000   -0.00054694669  -2.8656629e-08  0.00034060581  2.3104273e-08  
1.0318312e-05  5.5916122e-08  -8.1946303e-11  -0.00036328868  0.00012584162  0.00054694669  0.0000000   -4.1095023e-08  4.6990337e-08  0.00034061375  
0.00012423826  -7.9956385e-05  -4.6919483e-10  1.9459211e-09  -0.00034065905  2.8656629e-08  4.1095023e-08  0.0000000   0.00029048581  -0.00012587534  
2.5777019e-05  -2.1355073e-08  -7.9946508e-05  -5.5259065e-08  1.7525491e-08  -0.00034060581  -4.6990337e-08  -0.00029048581  0.0000000   -0.00054696314  
-1.4060901e-05  2.5264706e-08  4.4011596e-08  -7.9952001e-05  6.1086517e-08  -2.3104273e-08  -0.00034061375  0.00012587534  0.00054696314  0.0000000   
