0.0000000   1.9357810e-05  -0.00024516210  9.9824769e-05  3.4955581e-06  -2.0805170e-05  2.9112542e-05  0.00024762285  3.0515183e-05  -1.1189906e-05  
-1.9357810e-05  0.0000000   -0.00028080680  0.00011310809  -2.6897948e-05  0.00015020472  -5.1299161e-05  -0.00027577395  -2.9278269e-05  5.1400082e-06  
0.00024516210  0.00028080680  0.0000000   -0.0046769279  -0.0020742048  0.00013763585  0.00023519163  -0.0029010007  0.00027730968  4.8567575e-05  
-9.9824769e-05  -0.00011310809  0.0046769279  0.0000000   0.00023035997  -4.3026156e-05  -0.00043398782  0.00096030533  -0.00011651766  -0.00013016580  
-3.4955581e-06  2.6897948e-05  0.0020742048  -0.00023035997  0.0000000   -0.00013838212  -0.0037911230  0.0025243306  -0.0020362496  -2.8899347e-05  
2.0805170e-05  -0.00015020472  -0.00013763585  4.3026156e-05  0.00013838212  0.0000000   0.00020952823  0.0019915940  -0.00041278944  -0.00032697536  
-2.9112542e-05  5.1299161e-05  -0.00023519163  0.00043398782  0.0037911230  -0.00020952823  0.0000000   -0.00026544296  0.00067698755  0.0027356344  
-0.00024762285  0.00027577395  0.0029010007  -0.00096030533  -0.0025243306  -0.0019915940  0.00026544296  0.0000000   0.00013585029  2.7375433e-05  
-3.0515183e-05  2.9278269e-05  -0.00027730968  0.00011651766  0.0020362496  0.00041278944  -0.00067698755  -0.00013585029  0.0000000   0.0044241574  
1.1189906e-05  -5.1400082e-06  -4.8567575e-05  0.00013016580  2.8899347e-05  0.00032697536  -0.0027356344  -2.7375433e-05  -0.0044241574  0.0000000   
