0.0000000   5.6627178e-06  1.9340315e-05  3.1672721e-06  -3.6124039e-05  -4.3835963e-06  -0.00014224486  5.2797791e-06  -0.00012934899  2.2783572e-05  
-5.6627178e-06  0.0000000   6.8357721e-05  -3.7815015e-05  -1.3990661e-05  -1.7291024e-08  3.2353769e-09  -5.7107052e-05  -8.8448509e-09  -5.0094353e-09  
-1.9340315e-05  -6.8357721e-05  0.0000000   0.0012075315  1.5713377e-08  -1.3972424e-05  -2.6053683e-07  -1.4586467e-08  -5.7034807e-05  8.2207238e-08  
-3.1672721e-06  3.7815015e-05  -0.0012075315  0.0000000   -9.5652616e-09  2.6516438e-07  -1.3972052e-05  -4.2602356e-10  -9.2086906e-08  -5.7022694e-05  
3.6124039e-05  1.3990661e-05  -1.5713377e-08  9.5652616e-09  0.0000000   6.8252864e-05  -3.7747977e-05  -0.0013319588  -2.0894412e-07  -7.7063712e-08  
4.3835963e-06  1.7291024e-08  1.3972424e-05  -2.6516438e-07  -6.8252864e-05  0.0000000   0.0012057171  -2.1861759e-07  -0.0013303681  -1.0005280e-07  
0.00014224486  -3.2353769e-09  2.6053683e-07  1.3972052e-05  3.7747977e-05  -0.0012057171  0.0000000   -7.4788704e-08  -5.2726083e-08  -0.0013300053  
-5.2797791e-06  5.7107052e-05  1.4586467e-08  4.2602356e-10  0.0013319588  2.1861759e-07  7.4788704e-08  0.0000000   6.8270212e-05  -3.7767259e-05  
0.00012934899  8.8448509e-09  5.7034807e-05  9.2086906e-08  2.0894412e-07  0.0013303681  5.2726083e-08  -6.8270212e-05  0.0000000   0.0012060131  
-2.2783572e-05  5.0094353e-09  -8.2207238e-08  5.7022694e-05  7.7063712e-08  1.0005280e-07  0.0013300053  3.7767259e-05  -0.0012060131  0.0000000   
