0.0000000   -4.0105539e-05  7.3453988e-05  -2.3265209e-05  6.0486177e-06  -3.5444027e-05  -8.1689616e-05  5.8786798e-06  -1.5774404e-05  -3.6402776e-05  
4.0105539e-05  0.0000000   0.00045532096  -0.00010754102  0.00012870939  -0.0071166788  -0.0014044174  -0.00013199866  -0.0016389623  0.0036369216  
-7.3453988e-05  -0.00045532096  0.0000000   -0.0010801470  8.3569995e-05  -0.0018269015  0.0040985516  0.00029301602  0.0040562805  0.00092173304  
2.3265209e-05  0.00010754102  0.0010801470  0.0000000   4.4633439e-05  -0.0010181298  0.00023951037  -0.00018461420  -0.00026434204  0.00092190877  
-6.0486177e-06  -0.00012870939  -8.3569995e-05  -4.4633439e-05  0.0000000   8.5950053e-05  -2.9652327e-05  -0.0026285228  0.00017943724  3.8190790e-05  
3.5444027e-05  0.0071166788  0.0018269015  0.0010181298  -8.5950053e-05  0.0000000   -0.0024635255  -0.00024009830  -0.0024023206  -7.8368081e-05  
8.1689616e-05  0.0014044174  -0.0040985516  -0.00023951037  2.9652327e-05  0.0024635255  0.0000000   6.4357062e-05  0.00029786888  -0.0014444750  
-5.8786798e-06  0.00013199866  -0.00029301602  0.00018461420  0.0026285228  0.00024009830  -6.4357062e-05  0.0000000   -7.4709873e-05  -0.00012827439  
1.5774404e-05  0.0016389623  -0.0040562805  0.00026434204  -0.00017943724  0.0024023206  -0.00029786888  7.4709873e-05  0.0000000   -0.0014188486  
3.6402776e-05  -0.0036369216  -0.00092173304  -0.00092190877  -3.8190790e-05  7.8368081e-05  0.0014444750  0.00012827439  0.0014188486  0.0000000   
