0.0000000   7.4096041e-07  7.7019281e-05  -1.2426128e-05  -2.8650991e-05  0.00031600673  2.8204191e-08  1.7395881e-05  7.8695449e-06  -1.0380203e-06  
-7.4096041e-07  0.0000000   -4.9102748e-05  0.00097249676  0.00037031595  8.9924907e-05  -0.00079186091  7.6589941e-05  -2.5092020e-05  0.00055666571  
-7.7019281e-05  4.9102748e-05  0.0000000   -2.1414454e-05  -5.6622730e-05  0.00053970826  5.1291035e-05  0.00017617354  5.5104149e-05  -2.1236956e-05  
1.2426128e-05  -0.00097249676  2.1414454e-05  0.0000000   8.7652346e-05  2.7689717e-05  0.00030525581  -2.3828636e-05  -3.1489633e-05  0.00018958125  
2.8650991e-05  -0.00037031595  5.6622730e-05  -8.7652346e-05  0.0000000   3.3511242e-05  -0.00059371156  7.6364779e-05  -1.7578060e-05  0.00019312026  
-0.00031600673  -8.9924907e-05  -0.00053970826  -2.7689717e-05  -3.3511242e-05  0.0000000   -5.1380636e-05  -4.8692679e-05  0.00018000340  3.1650235e-05  
-2.8204191e-08  0.00079186091  -5.1291035e-05  -0.00030525581  0.00059371156  5.1380636e-05  0.0000000   1.0541518e-05  -8.3910679e-05  0.0010862272  
-1.7395881e-05  -7.6589941e-05  -0.00017617354  2.3828636e-05  -7.6364779e-05  4.8692679e-05  -1.0541518e-05  0.0000000   -0.00018729796  -0.00012337416  
-7.8695449e-06  2.5092020e-05  -5.5104149e-05  3.1489633e-05  1.7578060e-05  -0.00018000340  8.3910679e-05  0.00018729796  0.0000000   -2.3793713e-05  
1.0380203e-06  -0.00055666571  2.1236956e-05  -0.00018958125  -0.00019312026  -3.1650235e-05  -0.0010862272  0.00012337416  2.3793713e-05  0.0000000   
