0.0000000   1.1770886e-05  4.3990761e-05  9.5329324e-05  3.6287908e-05  -8.8340389e-05  -6.9718173e-05  0.00031328992  -4.7074489e-05  -5.3036663e-05  
-1.1770886e-05  0.0000000   0.00010318612  2.3307281e-05  3.2060492e-05  0.00084479872  0.0015030250  5.7498422e-05  0.00044764470  -0.00051744683  
-4.3990761e-05  -0.00010318612  0.0000000   -0.0014740017  0.0029327176  -0.00090965964  0.00014992351  -0.00020238820  0.00013509038  0.0010393462  
-9.5329324e-05  -2.3307281e-05  0.0014740017  0.0000000   0.0053752065  -0.00021637498  -0.00081816023  -0.0015019021  -0.00083779107  0.00018825799  
-3.6287908e-05  -3.2060492e-05  -0.0029327176  -0.0053752065  0.0000000   -0.00078941605  0.00070359602  0.0022548899  0.00067413677  0.00083648746  
8.8340389e-05  -0.00084479872  0.00090965964  0.00021637498  0.00078941605  0.0000000   0.0012192335  -0.00039617448  -0.0028404352  0.00092926601  
6.9718173e-05  -0.0015030250  -0.00014992351  0.00081816023  -0.00070359602  -0.0012192335  0.0000000   -1.6534579e-05  -0.00039864150  -0.0018157405  
-0.00031328992  -5.7498422e-05  0.00020238820  0.0015019021  -0.0022548899  0.00039617448  1.6534579e-05  0.0000000   0.00010286247  -0.00046573217  
4.7074489e-05  -0.00044764470  -0.00013509038  0.00083779107  -0.00067413677  0.0028404352  0.00039864150  -0.00010286247  0.0000000   0.0041648798  
5.3036663e-05  0.00051744683  -0.0010393462  -0.00018825799  -0.00083648746  -0.00092926601  0.0018157405  0.00046573217  -0.0041648798  0.0000000   
