0.0000000   1.0514203e-05  -0.00028683529  7.3981592e-05  0.00022468361  7.3076476e-05  0.00020825864  3.3173436e-06  0.00018740669  -6.4008909e-05  
-1.0514203e-05  0.0000000   0.00012133685  0.00013140957  6.2923808e-05  3.2558992e-08  2.2294388e-08  -0.00020040898  -9.7849442e-09  3.9827164e-09  
0.00028683529  -0.00012133685  0.0000000   0.00050199555  -3.9217238e-08  6.2805288e-05  1.8151622e-07  1.2460206e-07  -0.00020032650  1.1237600e-07  
-7.3981592e-05  -0.00013140957  -0.00050199555  0.0000000   -8.7771383e-08  -1.0912346e-07  6.2834633e-05  -1.0725361e-08  -4.5185891e-08  -0.00020033034  
-0.00022468361  -6.2923808e-05  3.9217238e-08  8.7771383e-08  0.0000000   0.00012109378  0.00013100966  0.0018252079  -4.0283538e-08  -2.2746729e-07  
-7.3076476e-05  -3.2558992e-08  -6.2805288e-05  1.0912346e-07  -0.00012109378  0.0000000   0.00050062556  -5.7767288e-08  0.0018249497  1.5830234e-07  
-0.00020825864  -2.2294388e-08  -1.8151622e-07  -6.2834633e-05  -0.00013100966  -0.00050062556  0.0000000   -2.3144981e-07  4.4071565e-08  0.0018242952  
-3.3173436e-06  0.00020040898  -1.2460206e-07  1.0725361e-08  -0.0018252079  5.7767288e-08  2.3144981e-07  0.0000000   0.00012107227  0.00013101723  
-0.00018740669  9.7849442e-09  0.00020032650  4.5185891e-08  4.0283538e-08  -0.0018249497  -4.4071565e-08  -0.00012107227  0.0000000   0.00050056751  
6.4008909e-05  -3.9827164e-09  -1.1237600e-07  0.00020033034  2.2746729e-07  -1.5830234e-07  -0.0018242952  -0.00013101723  -0.00050056751  0.0000000   
