0.0000000   4.3254809e-07  0.00010503767  -0.00017703917  2.0422692e-05  4.2549696e-05  0.00017526866  -0.00016516014  -8.0095973e-06  -1.4980624e-05  
-4.3254809e-07  0.0000000   -0.00013523817  -8.3429514e-05  0.00048777975  -7.6124280e-06  1.1600658e-05  6.8153536e-05  1.1711637e-06  3.0055518e-06  
-0.00010503767  0.00013523817  0.0000000   -0.010659165  -6.4243186e-06  -0.00043783205  -2.5188276e-05  -2.8722190e-06  -6.1910200e-05  0.00017305356  
0.00017703917  8.3429514e-05  0.010659165  0.0000000   1.1005271e-05  2.4949995e-05  -0.00043773586  3.2212829e-07  -0.00017147178  -6.1506059e-05  
-2.0422692e-05  -0.00048777975  6.4243186e-06  -1.1005271e-05  0.0000000   -0.00013022247  -8.1181938e-05  7.4535850e-06  -3.7635691e-05  -2.2811387e-05  
-4.2549696e-05  7.6124280e-06  0.00043783205  -2.4949995e-05  0.00013022247  0.0000000   -0.010245210  3.7259338e-05  -6.1728674e-06  -0.0029504385  
-0.00017526866  -1.1600658e-05  2.5188276e-05  0.00043773586  8.1181938e-05  0.010245210  0.0000000   2.3373646e-05  0.0029492171  -5.4582023e-06  
0.00016516014  -6.8153536e-05  2.8722190e-06  -3.2212829e-07  -7.4535850e-06  -3.7259338e-05  -2.3373646e-05  0.0000000   0.00013122775  7.9858699e-05  
8.0095973e-06  -1.1711637e-06  6.1910200e-05  0.00017147178  3.7635691e-05  6.1728674e-06  -0.0029492171  -0.00013122775  0.0000000   0.010246620  
1.4980624e-05  -3.0055518e-06  -0.00017305356  6.1506059e-05  2.2811387e-05  0.0029504385  5.4582023e-06  -7.9858699e-05  -0.010246620  0.0000000   
