0.0000000   -1.1495913e-05  0.00017817034  -5.5272048e-05  0.00016714254  5.8249616e-06  -4.9869358e-05  -1.9140453e-05  -3.4095040e-05  6.5652165e-06  
1.1495913e-05  0.0000000   -0.00021101554  3.5401886e-05  0.00020232657  -7.3256705e-09  -4.8929134e-08  -1.1616975e-05  2.4984049e-08  -2.1808537e-09  
-0.00017817034  0.00021101554  0.0000000   0.0015574381  4.8335702e-09  0.00020190011  -1.4842257e-08  -1.8453879e-08  -1.1585693e-05  -1.8395294e-07  
5.5272048e-05  -3.5401886e-05  -0.0015574381  0.0000000   -2.9273812e-09  1.3283190e-08  0.00020184699  -7.7634621e-10  1.8355170e-07  -1.1590919e-05  
-0.00016714254  -0.00020232657  -4.8335702e-09  2.9273812e-09  0.0000000   -0.00021100934  3.5395012e-05  -0.00028566234  1.2553100e-08  7.7964150e-08  
-5.8249616e-06  7.3256705e-09  -0.00020190011  -1.3283190e-08  0.00021100934  0.0000000   0.0015573172  2.1781876e-08  -0.00028509195  6.8867192e-08  
4.9869358e-05  4.8929134e-08  1.4842257e-08  -0.00020184699  -3.5395012e-05  -0.0015573172  0.0000000   6.1578132e-08  -7.3244771e-08  -0.00028502431  
1.9140453e-05  1.1616975e-05  1.8453879e-08  7.7634621e-10  0.00028566234  -2.1781876e-08  -6.1578132e-08  0.0000000   -0.00021105856  3.5405689e-05  
3.4095040e-05  -2.4984049e-08  1.1585693e-05  -1.8355170e-07  -1.2553100e-08  0.00028509195  7.3244771e-08  0.00021105856  0.0000000   0.0015577477  
-6.5652165e-06  2.1808537e-09  1.8395294e-07  1.1590919e-05  -7.7964150e-08  -6.8867192e-08  0.00028502431  -3.5405689e-05  -0.0015577477  0.0000000   
