0.0000000   -2.5473540e-05  2.4429227e-05  1.8777643e-05  3.6344618e-05  -1.4583824e-06  -1.6607657e-05  3.6787445e-05  1.4419954e-05  -2.1811489e-05  
2.5473540e-05  0.0000000   0.00023171372  0.00014517375  -0.00030803677  1.1998284e-05  -6.1593722e-05  0.00039784419  0.00012153409  -0.00019592871  
-2.4429227e-05  -0.00023171372  0.0000000   0.00025290613  0.010321624  0.00015110466  0.00048764084  -0.00079481937  -0.00025444286  0.00034354842  
-1.8777643e-05  -0.00014517375  -0.00025290613  0.0000000   0.0067826037  -0.00053323517  -0.00026293152  0.00041318307  0.00044151940  0.00017073545  
-3.6344618e-05  0.00030803677  -0.010321624  -0.0067826037  0.0000000   -0.00032610005  0.00062271677  -0.016788847  0.00093449182  -2.8622191e-05  
1.4583824e-06  -1.1998284e-05  -0.00015110466  0.00053323517  0.00032610005  0.0000000   0.0011637781  -0.00020768415  -0.00075523446  6.6030500e-05  
1.6607657e-05  6.1593722e-05  -0.00048764084  0.00026293152  -0.00062271677  -0.0011637781  0.0000000   -0.00064944256  -0.023806118  0.0022824173  
-3.6787445e-05  -0.00039784419  0.00079481937  -0.00041318307  0.016788847  0.00020768415  0.00064944256  0.0000000   -0.00094993779  0.00062168803  
-1.4419954e-05  -0.00012153409  0.00025444286  -0.00044151940  -0.00093449182  0.00075523446  0.023806118  0.00094993779  0.0000000   -0.00036801426  
2.1811489e-05  0.00019592871  -0.00034354842  -0.00017073545  2.8622191e-05  -6.6030500e-05  -0.0022824173  -0.00062168803  0.00036801426  0.0000000   
