0.0000000   -2.3148712e-05  -5.6328190e-05  9.1271118e-05  -0.00012766160  -2.2171620e-06  1.2828962e-05  -6.7084927e-06  2.0198663e-05  -4.1901652e-05  
2.3148712e-05  0.0000000   0.00033963632  0.00073417327  -0.00019392885  0.00047613306  -4.8438872e-05  -0.00039978642  9.3425257e-05  0.00015190358  
5.6328190e-05  -0.00033963632  0.0000000   0.0048674270  0.0079369200  1.6633700e-05  -0.00046243746  0.014130002  -0.00043888611  0.00010543295  
-9.1271118e-05  -0.00073417327  -0.0048674270  0.0000000   -0.0015871694  -0.00030643478  -0.00051951633  0.00097507715  0.00034149234  0.00013417059  
0.00012766160  0.00019392885  -0.0079369200  0.0015871694  0.0000000   -0.00049753369  0.00049917678  -0.00042386938  -0.00021216309  -0.00011867072  
2.2171620e-06  -0.00047613306  -1.6633700e-05  0.00030643478  0.00049753369  0.0000000   0.00019683307  0.00066051923  0.00081200076  0.014987974  
-1.2828962e-05  4.8438872e-05  0.00046243746  0.00051951633  -0.00049917678  -0.00019683307  0.0000000   9.0174999e-05  0.023634469  -0.0024574371  
6.7084927e-06  0.00039978642  -0.014130002  -0.00097507715  0.00042386938  -0.00066051923  -9.0174999e-05  0.0000000   0.0011248626  -0.00017836073  
-2.0198663e-05  -9.3425257e-05  0.00043888611  -0.00034149234  0.00021216309  -0.00081200076  -0.023634469  -0.0011248626  0.0000000   0.0010592589  
4.1901652e-05  -0.00015190358  -0.00010543295  -0.00013417059  0.00011867072  -0.014987974  0.0024574371  0.00017836073  -0.0010592589  0.0000000   
