0.0000000   -5.8615799e-06  -0.00034442370  0.00020638867  1.7563807e-05  -5.4181959e-05  4.3478460e-05  0.00026039545  -5.9744320e-05  1.5683386e-05  
5.8615799e-06  0.0000000   3.3770409e-05  0.00030846661  0.00033261453  0.00032084876  -2.1994841e-06  -3.1026021e-05  4.5746173e-06  1.9198303e-06  
0.00034442370  -3.3770409e-05  0.0000000   -0.0013207671  0.0016602899  0.00043440579  0.00042873037  0.0030292078  0.00027854026  -6.3081208e-05  
-0.00020638867  -0.00030846661  0.0013207671  0.0000000   -0.00049567754  -0.00027484919  -1.2128419e-05  -0.0015634567  -0.00012848884  -0.00030061732  
-1.7563807e-05  -0.00033261453  -0.0016602899  0.00049567754  0.0000000   0.00063750285  0.00036325604  0.0018196066  0.00036581784  -3.3758037e-05  
5.4181959e-05  -0.00032084876  -0.00043440579  0.00027484919  -0.00063750285  0.0000000   6.5724853e-05  0.00046058977  0.00026159461  -0.00033130185  
-4.3478460e-05  2.1994841e-06  -0.00042873037  1.2128419e-05  -0.00036325604  -6.5724853e-05  0.0000000   -0.00015005342  0.00027774742  -0.0012627341  
-0.00026039545  3.1026021e-05  -0.0030292078  0.0015634567  -0.0018196066  -0.00046058977  0.00015005342  0.0000000   0.00085724873  4.1007936e-05  
5.9744320e-05  -4.5746173e-06  -0.00027854026  0.00012848884  -0.00036581784  -0.00026159461  -0.00027774742  -0.00085724873  0.0000000   -0.00061946092  
-1.5683386e-05  -1.9198303e-06  6.3081208e-05  0.00030061732  3.3758037e-05  0.00033130185  0.0012627341  -4.1007936e-05  0.00061946092  0.0000000   
