0.0000000   -3.8642996e-06  3.2690920e-05  -6.6567837e-05  6.4412802e-06  -1.8002364e-05  1.7537927e-05  6.7315428e-05  0.00011841243  1.3450702e-05  
3.8642996e-06  0.0000000   -0.00021294261  -4.9313103e-05  0.00022908216  -0.00012668506  -8.5838404e-06  3.7242172e-05  -3.6352146e-06  -4.0485254e-05  
-3.2690920e-05  0.00021294261  0.0000000   5.5023474e-06  -0.00016085977  -2.8832126e-05  -0.00057834513  0.0015606916  0.00024288519  0.00022822952  
6.6567837e-05  4.9313103e-05  -5.5023474e-06  0.0000000   -2.3936388e-05  -7.7867223e-05  0.00020944165  2.7501969e-05  0.00043540208  -2.5225721e-06  
-6.4412802e-06  -0.00022908216  0.00016085977  2.3936388e-05  0.0000000   2.9001954e-06  -0.00053103109  0.0017977703  0.00038429928  0.00025496957  
1.8002364e-05  0.00012668506  2.8832126e-05  7.7867223e-05  -2.9001954e-06  0.0000000   3.9580495e-05  -2.4517990e-05  -5.3285126e-06  6.0090751e-05  
-1.7537927e-05  8.5838404e-06  0.00057834513  -0.00020944165  0.00053103109  -3.9580495e-05  0.0000000   0.00045187065  0.00011261125  2.9273619e-05  
-6.7315428e-05  -3.7242172e-05  -0.0015606916  -2.7501969e-05  -0.0017977703  2.4517990e-05  -0.00045187065  0.0000000   0.00013006930  0.00013731857  
-0.00011841243  3.6352146e-06  -0.00024288519  -0.00043540208  -0.00038429928  5.3285126e-06  -0.00011261125  -0.00013006930  0.0000000   3.0437447e-05  
-1.3450702e-05  4.0485254e-05  -0.00022822952  2.5225721e-06  -0.00025496957  -6.0090751e-05  -2.9273619e-05  -0.00013731857  -3.0437447e-05  0.0000000   
