0.0000000   2.5964186e-05  0.00016031965  0.00021429855  0.00024514522  -3.7354783e-05  7.9584188e-05  -7.3284131e-05  7.9407406e-05  7.8215770e-05  
-2.5964186e-05  0.0000000   1.2596710e-05  -0.00032252767  0.00013225010  -9.1675986e-08  2.0994136e-07  -0.00031217348  1.7993793e-07  9.2770987e-08  
-0.00016031965  -1.2596710e-05  0.0000000   -0.0018332071  3.4384666e-08  0.00013178581  1.1957100e-06  2.3125143e-07  -0.00031120413  5.4662903e-07  
-0.00021429855  0.00032252767  0.0018332071  0.0000000   -2.1811050e-07  -1.1919394e-06  0.00013178897  4.8933017e-09  -6.0109905e-07  -0.00031120487  
-0.00024514522  -0.00013225010  -3.4384666e-08  2.1811050e-07  0.0000000   1.2501245e-05  -0.00032122528  -0.0022724197  1.3005324e-06  -4.9752255e-08  
3.7354783e-05  9.1675986e-08  -0.00013178581  1.1919394e-06  -1.2501245e-05  0.0000000   -0.0018254926  1.2895599e-06  -0.0022655369  -5.5413041e-07  
-7.9584188e-05  -2.0994136e-07  -1.1957100e-06  -0.00013178897  0.00032122528  0.0018254926  0.0000000   -1.8290961e-08  -1.6313625e-07  -0.0022657236  
7.3284131e-05  0.00031217348  -2.3125143e-07  -4.8933017e-09  0.0022724197  -1.2895599e-06  1.8290961e-08  0.0000000   1.2513819e-05  -0.00032121925  
-7.9407406e-05  -1.7993793e-07  0.00031120413  6.0109905e-07  -1.3005324e-06  0.0022655369  1.6313625e-07  -1.2513819e-05  0.0000000   -0.0018254559  
-7.8215770e-05  -9.2770987e-08  -5.4662903e-07  0.00031120487  4.9752255e-08  5.5413041e-07  0.0022657236  0.00032121925  0.0018254559  0.0000000   
