0.0000000   1.5279040e-05  7.5621738e-05  -4.5675553e-05  6.3504020e-05  3.5137280e-06  7.0615207e-05  1.3942360e-05  -4.9757975e-06  1.3991872e-05  
-1.5279040e-05  0.0000000   -0.00029515145  -0.00025330282  0.00013468799  0.00044058893  -2.4838167e-05  2.9112370e-05  -1.9898737e-05  1.0815722e-05  
-7.5621738e-05  0.00029515145  0.0000000   -0.00015769146  0.00028404169  -7.2718424e-05  0.00016569148  -3.4858263e-06  1.3263482e-05  -3.6902759e-05  
4.5675553e-05  0.00025330282  0.00015769146  0.0000000   0.00025555263  0.00081471566  0.00020888487  2.9937275e-05  0.00019115492  0.00018947494  
-6.3504020e-05  -0.00013468799  -0.00028404169  -0.00025555263  0.0000000   0.0027644067  -0.00082735694  2.6093600e-05  0.00015110683  0.00012661191  
-3.5137280e-06  -0.00044058893  7.2718424e-05  -0.00081471566  -0.0027644067  0.0000000   -0.00010273994  0.00039692643  7.8269076e-05  -0.00020993813  
-7.0615207e-05  2.4838167e-05  -0.00016569148  -0.00020888487  0.00082735694  0.00010273994  0.0000000   3.9668311e-05  -0.00015060919  6.8342381e-05  
-1.3942360e-05  -2.9112370e-05  3.4858263e-06  -2.9937275e-05  -2.6093600e-05  -0.00039692643  -3.9668311e-05  0.0000000   -0.00051628327  0.00099824649  
4.9757975e-06  1.9898737e-05  -1.3263482e-05  -0.00019115492  -0.00015110683  -7.8269076e-05  0.00015060919  0.00051628327  0.0000000   -0.013228222  
-1.3991872e-05  -1.0815722e-05  3.6902759e-05  -0.00018947494  -0.00012661191  0.00020993813  -6.8342381e-05  -0.00099824649  0.013228222  0.0000000   
