0.0000000   4.1788015e-05  -1.7270057e-05  -3.1991305e-05  7.3601163e-06  -7.6406240e-05  -6.4174453e-05  -8.1445105e-07  6.6032251e-06  6.0377259e-06  
-4.1788015e-05  0.0000000   -8.5822200e-05  0.00026087775  -0.00021546111  1.6565024e-07  7.7023140e-08  5.7065839e-06  6.7037041e-08  -4.2498953e-07  
1.7270057e-05  8.5822200e-05  0.0000000   0.0035965930  1.7077689e-07  -0.00021306514  -1.0602412e-07  -1.4351531e-07  5.8011055e-06  -7.8117966e-06  
3.1991305e-05  -0.00026087775  -0.0035965930  0.0000000   7.5042074e-08  1.0110919e-07  -0.00021308735  6.4633194e-07  7.8412928e-06  5.6471985e-06  
-7.3601163e-06  0.00021546111  -1.7077689e-07  -7.5042074e-08  0.0000000   -8.5751654e-05  0.00026065549  9.3357378e-08  3.3288954e-06  -1.0154464e-05  
7.6406240e-05  -1.6565024e-07  0.00021306514  -1.0110919e-07  8.5751654e-05  0.0000000   0.0035935197  -3.1443667e-06  3.2039645e-07  -0.00014059134  
6.4174453e-05  -7.7023140e-08  1.0602412e-07  0.00021308735  -0.00026065549  -0.0035935197  0.0000000   1.0351323e-05  0.00014050925  -1.0450469e-07  
8.1445105e-07  -5.7065839e-06  1.4351531e-07  -6.4633194e-07  -9.3357378e-08  3.1443667e-06  -1.0351323e-05  0.0000000   8.5772761e-05  -0.00026066247  
-6.6032251e-06  -6.7037041e-08  -5.8011055e-06  -7.8412928e-06  -3.3288954e-06  -3.2039645e-07  -0.00014050925  -8.5772761e-05  0.0000000   -0.0035938006  
-6.0377259e-06  4.2498953e-07  7.8117966e-06  -5.6471985e-06  1.0154464e-05  0.00014059134  1.0450469e-07  0.00026066247  0.0035938006  0.0000000   
