0.0000000   8.9616123e-07  -0.00028722549  0.00012884273  -0.00031382091  -5.2691059e-05  -7.3756447e-05  -2.4989238e-05  -9.1531266e-05  2.2485365e-05  
-8.9616123e-07  0.0000000   -0.00027164589  9.6551951e-05  0.00019783205  -1.1883878e-07  -2.1719893e-07  0.00011403138  9.0320728e-09  -1.4890027e-07  
0.00028722549  0.00027164589  0.0000000   0.0050784284  1.4261167e-07  0.00019348074  7.1236129e-07  -1.2552241e-08  0.00011149647  -1.2270049e-06  
-0.00012884273  -9.6551951e-05  -0.0050784284  0.0000000   1.4438750e-07  -7.6563048e-07  0.00019351593  -1.1206772e-07  1.2019746e-06  0.00011147755  
0.00031382091  -0.00019783205  -1.4261167e-07  -1.4438750e-07  0.0000000   -0.00027132781  9.6400337e-05  -0.0010157058  3.9785462e-07  1.0497278e-06  
5.2691059e-05  1.1883878e-07  -0.00019348074  7.6563048e-07  0.00027132781  0.0000000   0.0050748654  3.5651078e-07  -0.00099279894  -3.4836268e-07  
7.3756447e-05  2.1719893e-07  -7.1236129e-07  -0.00019351593  -9.6400337e-05  -0.0050748654  0.0000000   1.1925090e-06  6.9370682e-07  -0.00099292004  
2.4989238e-05  -0.00011403138  1.2552241e-08  1.1206772e-07  0.0010157058  -3.5651078e-07  -1.1925090e-06  0.0000000   -0.00027143226  9.6461343e-05  
9.1531266e-05  -9.0320728e-09  -0.00011149647  -1.2019746e-06  -3.9785462e-07  0.00099279894  -6.9370682e-07  0.00027143226  0.0000000   0.0050748113  
-2.2485365e-05  1.4890027e-07  1.2270049e-06  -0.00011147755  -1.0497278e-06  3.4836268e-07  0.00099292004  -9.6461343e-05  -0.0050748113  0.0000000   
