0.0000000   1.4817252e-05  0.00013432963  -2.2228235e-05  0.00012977937  -6.9864783e-05  -7.2218863e-05  -6.7832791e-05  -6.0644979e-05  4.2632218e-05  
-1.4817252e-05  0.0000000   0.00019190646  -0.00032009120  -0.00033048088  -8.6242713e-07  -5.9959578e-07  -0.00016979971  -5.2622706e-07  -1.4231153e-07  
-0.00013432963  -0.00019190646  0.0000000   0.0096652866  -9.4287243e-07  -0.00030296757  2.1071390e-06  -4.0847372e-07  -0.00015553921  -3.7658985e-06  
2.2228235e-05  0.00032009120  -0.0096652866  0.0000000   -3.2064005e-07  -2.0940278e-06  -0.00030297587  -4.8237791e-07  3.7672018e-06  -0.00015558043  
-0.00012977937  0.00033048088  9.4287243e-07  3.2064005e-07  0.0000000   0.00019134879  -0.00031924853  0.0016541760  4.5089961e-06  2.8320651e-06  
6.9864783e-05  8.6242713e-07  0.00030296757  2.0940278e-06  -0.00019134879  0.0000000   0.0096427396  4.4371494e-06  0.0015158759  -7.4440237e-07  
7.2218863e-05  5.9959578e-07  -2.1071390e-06  0.00030297587  0.00031924853  -0.0096427396  0.0000000   2.7510101e-06  7.7539065e-07  0.0015159732  
6.7832791e-05  0.00016979971  4.0847372e-07  4.8237791e-07  -0.0016541760  -4.4371494e-06  -2.7510101e-06  0.0000000   0.00019143868  -0.00031940418  
6.0644979e-05  5.2622706e-07  0.00015553921  -3.7672018e-06  -4.5089961e-06  -0.0015158759  -7.7539065e-07  -0.00019143868  0.0000000   0.0096440658  
-4.2632218e-05  1.4231153e-07  3.7658985e-06  0.00015558043  -2.8320651e-06  7.4440237e-07  -0.0015159732  0.00031940418  -0.0096440658  0.0000000   
