0.0000000   -2.6522925e-06  -5.7529879e-05  0.00010896828  -1.3398751e-06  -6.0321627e-06  -8.4308713e-05  -1.4974218e-06  0.00010413961  -9.8864539e-06  
2.6522925e-06  0.0000000   1.2300168e-06  1.2070462e-06  0.00048410095  -1.0312399e-05  5.7876264e-06  -0.00015321829  3.2982136e-06  -1.8436337e-06  
5.7529879e-05  -1.2300168e-06  0.0000000   8.6570811e-05  -1.0180225e-05  -0.00048407650  -3.8212022e-08  3.0911513e-06  0.00015319337  3.2699766e-08  
-0.00010896828  -1.2070462e-06  -8.6570811e-05  0.0000000   5.5700453e-06  -4.0341665e-08  -0.00048411152  -1.5151424e-06  -1.2055863e-08  0.00015321269  
1.3398751e-06  -0.00048410095  1.0180225e-05  -5.5700453e-06  0.0000000   1.2359318e-06  9.8045123e-07  0.00038672815  -8.0013031e-06  4.6242298e-06  
6.0321627e-06  1.0312399e-05  0.00048407650  4.0341665e-08  -1.2359318e-06  0.0000000   8.6592394e-05  -8.2549182e-06  -0.00038672283  -1.8623640e-08  
8.4308713e-05  -5.7876264e-06  3.8212022e-08  0.00048411152  -9.8045123e-07  -8.6592394e-05  0.0000000   4.3941444e-06  -5.3230481e-08  -0.00038675122  
1.4974218e-06  0.00015321829  -3.0911513e-06  1.5151424e-06  -0.00038672815  8.2549182e-06  -4.3941444e-06  0.0000000   9.3875459e-07  1.2006836e-06  
-0.00010413961  -3.2982136e-06  -0.00015319337  1.2055863e-08  8.0013031e-06  0.00038672283  5.3230481e-08  -9.3875459e-07  0.0000000   8.6601110e-05  
9.8864539e-06  1.8436337e-06  -3.2699766e-08  -0.00015321269  -4.6242298e-06  1.8623640e-08  0.00038675122  -1.2006836e-06  -8.6601110e-05  0.0000000   
