0.0000000   2.5243056e-05  0.00015584191  -0.00021466212  -0.00019719137  -2.8933697e-05  -8.8951861e-05  1.0396832e-05  3.0581839e-06  1.1368511e-05  
-2.5243056e-05  0.0000000   -0.00030862949  0.00031232924  -0.00033501069  -1.4448726e-07  -3.3694278e-07  1.7824654e-05  1.5985741e-06  -1.5106206e-06  
-0.00015584191  0.00030862949  0.0000000   -0.0026500720  -2.6020484e-07  -0.00033293832  9.7405278e-07  -7.8487879e-07  1.8319772e-05  1.2390343e-05  
0.00021466212  -0.00031232924  0.0026500720  0.0000000   -8.3810800e-08  -1.0335151e-06  -0.00033289667  5.6537227e-07  -1.3596842e-05  1.7906063e-05  
0.00019719137  0.00033501069  2.6020484e-07  8.3810800e-08  0.0000000   -0.00030634691  0.00030996067  8.1598850e-07  3.7179337e-05  -3.8255121e-05  
2.8933697e-05  1.4448726e-07  0.00033293832  1.0335151e-06  0.00030634691  0.0000000   -0.0026296560  -3.8207189e-05  1.5285164e-06  0.00032699874  
8.8951861e-05  3.3694278e-07  -9.7405278e-07  0.00033289667  -0.00030996067  0.0026296560  0.0000000   3.8150037e-05  -0.00032736889  1.7892836e-06  
-1.0396832e-05  -1.7824654e-05  7.8487879e-07  -5.6537227e-07  -8.1598850e-07  3.8207189e-05  -3.8150037e-05  0.0000000   0.00030636720  -0.00031005068  
-3.0581839e-06  -1.5985741e-06  -1.8319772e-05  1.3596842e-05  -3.7179337e-05  -1.5285164e-06  0.00032736889  -0.00030636720  0.0000000   0.0026303234  
-1.1368511e-05  1.5106206e-06  -1.2390343e-05  -1.7906063e-05  3.8255121e-05  -0.00032699874  -1.7892836e-06  0.00031005068  -0.0026303234  0.0000000   
