0.0000000   1.7534335e-06  -1.7087442e-05  4.2650748e-06  2.0787303e-05  -1.7941469e-05  -2.2023635e-05  1.0311964e-06  3.0764384e-05  -8.1252214e-07  
-1.7534335e-06  0.0000000   -2.0951114e-05  3.7103515e-05  -3.4658606e-05  7.4311407e-06  4.7120596e-06  -0.00021161438  -0.0017291966  0.0029926900  
1.7087442e-05  2.0951114e-05  0.0000000   -0.00026457833  9.4553968e-05  -0.00010896965  -0.00035237883  -0.0066641617  -0.00042624018  0.00042458123  
-4.2650748e-06  -3.7103515e-05  0.00026457833  0.0000000   0.00023965443  5.2486604e-05  -0.00024757426  0.019976075  0.0011749570  0.00087312574  
-2.0787303e-05  3.4658606e-05  -9.4553968e-05  -0.00023965443  0.0000000   -0.00012776647  -0.00020318856  -0.011432872  0.00041688076  -8.5187440e-05  
1.7941469e-05  -7.4311407e-06  0.00010896965  -5.2486604e-05  0.00012776647  0.0000000   0.00035303160  0.00082753409  -0.0061104000  0.0014944889  
2.2023635e-05  -4.7120596e-06  0.00035237883  0.00024757426  0.00020318856  -0.00035303160  0.0000000   0.00081541827  -0.022718449  0.0036602421  
-1.0311964e-06  0.00021161438  0.0066641617  -0.019976075  0.011432872  -0.00082753409  -0.00081541827  0.0000000   1.8592432e-05  0.00010738622  
-3.0764384e-05  0.0017291966  0.00042624018  -0.0011749570  -0.00041688076  0.0061104000  0.022718449  -1.8592432e-05  0.0000000   -0.00069091935  
8.1252214e-07  -0.0029926900  -0.00042458123  -0.00087312574  8.5187440e-05  -0.0014944889  -0.0036602421  -0.00010738622  0.00069091935  0.0000000   
