0.0000000   3.0471346e-07  -0.00017116437  0.00011332245  5.9581941e-05  0.00011894785  -1.0375392e-05  -0.00022478864  -6.5704928e-06  -2.5867484e-05  
-3.0471346e-07  0.0000000   -0.00015753815  0.00019332031  -0.00019618123  0.0072488626  -0.0024119746  0.00028330585  -0.0017172335  -0.0031041418  
0.00017116437  0.00015753815  0.0000000   2.4562584e-05  -0.0039592307  -0.00071579715  -0.0012592900  0.0036448218  -0.0014215113  0.00036769649  
-0.00011332245  -0.00019332031  -2.4562584e-05  0.0000000   -0.0016003984  0.00037649652  0.0010796098  -0.0045209469  0.00090596630  -0.00024830650  
-5.9581941e-05  0.00019618123  0.0039592307  0.0016003984  0.0000000   0.00035992001  -0.00086972727  -4.2232878e-05  0.00057631134  -1.0056060e-05  
-0.00011894785  -0.0072488626  0.00071579715  -0.00037649652  -0.00035992001  0.0000000   0.0015451829  0.00079310325  0.0013359329  0.00026860509  
1.0375392e-05  0.0024119746  0.0012592900  -0.0010796098  0.00086972727  -0.0015451829  0.0000000   -0.00012206653  4.6699802e-05  -4.5011841e-05  
0.00022478864  -0.00028330585  -0.0036448218  0.0045209469  4.2232878e-05  -0.00079310325  0.00012206653  0.0000000   0.00074881396  0.00058428325  
6.5704928e-06  0.0017172335  0.0014215113  -0.00090596630  -0.00057631134  -0.0013359329  -4.6699802e-05  -0.00074881396  0.0000000   -7.5071469e-05  
2.5867484e-05  0.0031041418  -0.00036769649  0.00024830650  1.0056060e-05  -0.00026860509  4.5011841e-05  -0.00058428325  7.5071469e-05  0.0000000   
