0.0000000   -3.0866724e-05  -0.00049386940  3.7698062e-05  -5.3985634e-05  3.0194642e-05  -0.00016030189  -0.00042350619  -0.00011377293  2.0256844e-06  
3.0866724e-05  0.0000000   -0.00011719203  -0.00062823341  -0.00010685124  0.00050745503  1.2000065e-05  9.9395336e-05  -1.3924173e-05  -8.4499731e-06  
0.00049386940  0.00011719203  0.0000000   0.0021638146  -0.016195605  0.00016204781  -0.00091485806  -0.0022194965  -6.7979315e-05  -6.4119419e-06  
-3.7698062e-05  0.00062823341  -0.0021638146  0.0000000   0.0012329204  -1.6300217e-05  0.00010073226  -0.00061913614  3.1921154e-05  0.00049847898  
5.3985634e-05  0.00010685124  0.016195605  -0.0012329204  0.0000000   -0.00019210808  0.0013669318  -0.013954302  -0.00067844296  -7.8462653e-06  
-3.0194642e-05  -0.00050745503  -0.00016204781  1.6300217e-05  0.00019210808  0.0000000   2.7650158e-05  -0.00046439832  0.00011806053  -0.00064107585  
0.00016030189  -1.2000065e-05  0.00091485806  -0.00010073226  -0.0013669318  -2.7650158e-05  0.0000000   -8.1698916e-06  -9.4977362e-05  0.00049364410  
0.00042350619  -9.9395336e-05  0.0022194965  0.00061913614  0.013954302  0.00046439832  8.1698916e-06  0.0000000   -0.00022648182  1.5003593e-05  
0.00011377293  1.3924173e-05  6.7979315e-05  -3.1921154e-05  0.00067844296  -0.00011806053  9.4977362e-05  0.00022648182  0.0000000   -0.0015331650  
-2.0256844e-06  8.4499731e-06  6.4119419e-06  -0.00049847898  7.8462653e-06  0.00064107585  -0.00049364410  -1.5003593e-05  0.0015331650  0.0000000   
