0.0000000   1.8732899e-05  4.2293473e-06  0.00018796043  -9.4533532e-06  9.5892984e-06  0.00011114861  0.00013308584  0.00011204381  5.1794145e-06  
-1.8732899e-05  0.0000000   -0.0010222301  6.1174684e-05  -0.00097584460  -2.1199205e-07  -2.1922136e-06  -8.5138593e-05  -1.3786885e-09  -1.8773565e-07  
-4.2293473e-06  0.0010222301  0.0000000   -0.0025768970  -2.4306255e-07  -0.00097012125  -1.4678158e-07  2.4126896e-08  -8.4591353e-05  1.6505530e-08  
-0.00018796043  -6.1174684e-05  0.0025768970  0.0000000   -2.2003007e-06  -3.0544023e-07  -0.00097094621  -2.0249580e-07  -2.2550559e-08  -8.4669203e-05  
9.4533532e-06  0.00097584460  2.4306255e-07  2.2003007e-06  0.0000000   -0.0010222968  6.1177906e-05  2.8193435e-05  -2.5014157e-08  6.3240413e-08  
-9.5892984e-06  2.1199205e-07  0.00097012125  3.0544023e-07  0.0010222968  0.0000000   -0.0025771494  6.3189657e-08  2.8045985e-05  -7.3269484e-08  
-0.00011114861  2.1922136e-06  1.4678158e-07  0.00097094621  -6.1177906e-05  0.0025771494  0.0000000   3.3567605e-08  9.0679592e-08  2.8074666e-05  
-0.00013308584  8.5138593e-05  -2.4126896e-08  2.0249580e-07  -2.8193435e-05  -6.3189657e-08  -3.3567605e-08  0.0000000   -0.0010231273  6.1260323e-05  
-0.00011204381  1.3786885e-09  8.4591353e-05  2.2550559e-08  2.5014157e-08  -2.8045985e-05  -9.0679592e-08  0.0010231273  0.0000000   -0.0025793066  
-5.1794145e-06  1.8773565e-07  -1.6505530e-08  8.4669203e-05  -6.3240413e-08  7.3269484e-08  -2.8074666e-05  -6.1260323e-05  0.0025793066  0.0000000   
