0.0000000   -4.7369255e-06  -0.00034554665  -9.0378446e-05  3.1644426e-05  0.00013640355  7.6118668e-06  0.00036010988  2.6886551e-06  1.8046338e-05  
4.7369255e-06  0.0000000   -0.0010055978  0.00026949103  6.0105125e-05  0.00020151939  1.1055560e-05  -0.00086211314  -3.1375029e-06  9.3534456e-06  
0.00034554665  0.0010055978  0.0000000   0.00039449295  0.00068797348  -1.4103715e-07  -9.5420964e-06  0.00010490628  -0.00023018178  6.6200381e-06  
9.0378446e-05  -0.00026949103  -0.00039449295  0.0000000   3.1549759e-05  1.7454586e-06  0.00088191155  8.5695775e-05  2.9193436e-07  -0.00022413457  
-3.1644426e-05  -6.0105125e-05  -0.00068797348  -3.1549759e-05  0.0000000   -1.1309311e-06  0.00033767043  -0.0010895038  0.00034813756  5.2515382e-07  
-0.00013640355  -0.00020151939  1.4103715e-07  -1.7454586e-06  1.1309311e-06  0.0000000   -1.1926983e-05  -0.00033883153  0.00099060485  -0.00025203118  
-7.6118668e-06  -1.1055560e-05  9.5420964e-06  -0.00088191155  -0.00033767043  1.1926983e-05  0.0000000   0.00022355257  3.5912510e-05  0.00033389731  
-0.00036010988  0.00086211314  -0.00010490628  -8.5695775e-05  0.0010895038  0.00033883153  -0.00022355257  0.0000000   -4.9762593e-05  -1.9841123e-06  
-2.6886551e-06  3.1375029e-06  0.00023018178  -2.9193436e-07  -0.00034813756  -0.00099060485  -3.5912510e-05  4.9762593e-05  0.0000000   0.00037420095  
-1.8046338e-05  -9.3534456e-06  -6.6200381e-06  0.00022413457  -5.2515382e-07  0.00025203118  -0.00033389731  1.9841123e-06  -0.00037420095  0.0000000   
