0.0000000   1.0030276e-05  0.00064883712  -1.2587763e-05  2.9751839e-06  6.8212238e-05  0.00015015411  -1.5599284e-05  4.2564265e-06  -1.2810245e-05  
-1.0030276e-05  0.0000000   -4.0647859e-05  -0.00071478287  -0.00017343115  -0.00017511914  1.0848494e-06  6.4711653e-05  1.8716805e-05  3.0321441e-05  
-0.00064883712  4.0647859e-05  0.0000000   3.1984367e-07  4.5304773e-05  0.00012113583  -0.00089039766  -1.7034976e-06  7.1063982e-05  2.5234883e-05  
1.2587763e-05  0.00071478287  -3.1984367e-07  0.0000000   -5.6070339e-05  0.00025174027  -0.00010583184  -0.00036901606  0.00036721342  -0.00045103626  
-2.9751839e-06  0.00017343115  -4.5304773e-05  5.6070339e-05  0.0000000   -0.0029077905  0.00051012796  -0.00026065385  0.00040455269  -7.0016146e-06  
-6.8212238e-05  0.00017511914  -0.00012113583  -0.00025174027  0.0029077905  0.0000000   0.00013951050  3.0708110e-05  -0.00027818057  -0.00029801942  
-0.00015015411  -1.0848494e-06  0.00089039766  0.00010583184  -0.00051012796  -0.00013951050  0.0000000   -0.00016585256  4.3635912e-05  0.00020850435  
1.5599284e-05  -6.4711653e-05  1.7034976e-06  0.00036901606  0.00026065385  -3.0708110e-05  0.00016585256  0.0000000   0.00046738857  6.2708010e-05  
-4.2564265e-06  -1.8716805e-05  -7.1063982e-05  -0.00036721342  -0.00040455269  0.00027818057  -4.3635912e-05  -0.00046738857  0.0000000   0.0025267101  
1.2810245e-05  -3.0321441e-05  -2.5234883e-05  0.00045103626  7.0016146e-06  0.00029801942  -0.00020850435  -6.2708010e-05  -0.0025267101  0.0000000   
