0.0000000   4.8551572e-07  0.00011088571  -3.3590583e-07  1.5476495e-05  1.4653002e-05  1.9758049e-05  -7.4003908e-05  1.0589736e-05  7.1792093e-06  
-4.8551572e-07  0.0000000   9.0557698e-06  -0.00075339357  -5.9025679e-06  -3.2182463e-05  -0.0022852961  1.1438718e-05  7.3628766e-05  -7.4115580e-05  
-0.00011088571  -9.0557698e-06  0.0000000   -7.2280379e-06  -6.9824397e-05  -3.3620637e-05  -0.00010985828  9.5549430e-05  -7.7714852e-05  9.9953332e-06  
3.3590583e-07  0.00075339357  7.2280379e-06  0.0000000   -9.3275594e-05  -0.0012941568  -3.0694242e-05  -2.5466948e-05  -0.00019658948  3.5261981e-05  
-1.5476495e-05  5.9025679e-06  6.9824397e-05  9.3275594e-05  0.0000000   -7.7184186e-05  -0.00017346273  0.00033986634  4.4944131e-05  0.0014710054  
-1.4653002e-05  3.2182463e-05  3.3620637e-05  0.0012941568  7.7184186e-05  0.0000000   0.00096522073  -5.4706932e-05  1.5480673e-05  0.023877864  
-1.9758049e-05  0.0022852961  0.00010985828  3.0694242e-05  0.00017346273  -0.00096522073  0.0000000   0.0022997326  0.022279508  0.00011741637  
7.4003908e-05  -1.1438718e-05  -9.5549430e-05  2.5466948e-05  -0.00033986634  5.4706932e-05  -0.0022997326  0.0000000   -1.6080870e-05  0.00036631686  
-1.0589736e-05  -7.3628766e-05  7.7714852e-05  0.00019658948  -4.4944131e-05  -1.5480673e-05  -0.022279508  1.6080870e-05  0.0000000   0.0010788037  
-7.1792093e-06  7.4115580e-05  -9.9953332e-06  -3.5261981e-05  -0.0014710054  -0.023877864  -0.00011741637  -0.00036631686  -0.0010788037  0.0000000   
