0.0000000   -2.0695354e-07  0.00014830107  -2.9233168e-05  -0.00015144303  2.2570016e-06  5.8546615e-05  5.7262639e-05  3.4201322e-05  -1.2902411e-05  
2.0695354e-07  0.0000000   -0.00028398147  0.00038043462  -0.00036035042  -3.6690628e-07  -3.9040173e-08  -0.00033571463  -1.1938277e-07  -3.3427043e-07  
-0.00014830107  0.00028398147  0.0000000   -0.0022653027  -1.3677005e-07  -0.00035878973  -8.8967080e-07  -3.5064742e-07  -0.00033424008  9.3569488e-07  
2.9233168e-05  -0.00038043462  0.0022653027  0.0000000   -2.8111325e-07  7.9363237e-07  -0.00035877672  -2.1395388e-08  -1.0493222e-06  -0.00033422614  
0.00015144303  0.00036035042  1.3677005e-07  2.8111325e-07  0.0000000   -0.00028360178  0.00037993235  0.0012776766  9.3923390e-07  6.1443293e-07  
-2.2570016e-06  3.6690628e-07  0.00035878973  -7.9363237e-07  0.00028360178  0.0000000   -0.0022624096  9.0515741e-07  0.0012721272  3.8517412e-07  
-5.8546615e-05  3.9040173e-08  8.8967080e-07  0.00035877672  -0.00037993235  0.0022624096  0.0000000   6.7991879e-07  -2.8683592e-08  0.0012720546  
-5.7262639e-05  0.00033571463  3.5064742e-07  2.1395388e-08  -0.0012776766  -9.0515741e-07  -6.7991879e-07  0.0000000   -0.00028362528  0.00037995556  
-3.4201322e-05  1.1938277e-07  0.00033424008  1.0493222e-06  -9.3923390e-07  -0.0012721272  2.8683592e-08  0.00028362528  0.0000000   -0.0022625062  
1.2902411e-05  3.3427043e-07  -9.3569488e-07  0.00033422614  -6.1443293e-07  -3.8517412e-07  -0.0012720546  -0.00037995556  0.0022625062  0.0000000   
