0.0000000   -1.8311706e-06  -6.4595010e-05  -4.6147784e-05  -8.9783692e-06  -3.5054898e-05  -4.0510064e-05  9.6481322e-05  -2.5417438e-05  4.2408133e-05  
1.8311706e-06  0.0000000   0.00069320504  -2.9602566e-05  -0.00066406520  -4.2861246e-08  3.2146155e-06  0.00035457688  -4.3707350e-07  -1.6954968e-06  
6.4595010e-05  -0.00069320504  0.0000000   -0.0078800345  3.3694914e-07  -0.00062760618  2.2357493e-06  2.4373055e-07  0.00033513529  4.0260653e-06  
4.6147784e-05  2.9602566e-05  0.0078800345  0.0000000   3.1913701e-06  -2.1598503e-06  -0.00062784962  -1.6961080e-06  -4.0624928e-06  0.00033525373  
8.9783692e-06  0.00066406520  -3.3694914e-07  -3.1913701e-06  0.0000000   0.00069286425  -2.9579586e-05  0.00083294655  -3.9071550e-08  -4.0335678e-06  
3.5054898e-05  4.2861246e-08  0.00062760618  2.1598503e-06  -0.00069286425  0.0000000   -0.0078761190  -3.5501137e-07  0.00078724056  -1.6781300e-06  
4.0510064e-05  -3.2146155e-06  -2.2357493e-06  0.00062784962  2.9579586e-05  0.0078761190  0.0000000   -3.9945053e-06  1.5927430e-06  0.00078754345  
-9.6481322e-05  -0.00035457688  -2.4373055e-07  1.6961080e-06  -0.00083294655  3.5501137e-07  3.9945053e-06  0.0000000   0.00069308999  -2.9608254e-05  
2.5417438e-05  4.3707350e-07  -0.00033513529  4.0624928e-06  3.9071550e-08  -0.00078724056  -1.5927430e-06  -0.00069308999  0.0000000   -0.0078790934  
-4.2408133e-05  1.6954968e-06  -4.0260653e-06  -0.00033525373  4.0335678e-06  1.6781300e-06  -0.00078754345  2.9608254e-05  0.0078790934  0.0000000   
