0.0000000   2.3783320e-06  0.00010608805  -2.8584323e-05  -4.4693010e-08  5.6851674e-06  -6.9926635e-05  -4.4096831e-06  9.1296082e-05  1.6595158e-05  
-2.3783320e-06  0.0000000   9.1755307e-06  -5.6910740e-06  -0.00013459115  -1.3421447e-06  -1.8200507e-06  -0.00033674182  -3.3321034e-06  -4.5218677e-06  
-0.00010608805  -9.1755307e-06  0.0000000   0.0011359142  -8.8783047e-07  0.00013445417  -4.7443418e-07  -3.5314270e-06  0.00033636613  1.1859054e-07  
2.8584323e-05  5.6910740e-06  -0.0011359142  0.0000000   -1.9312279e-06  3.6456530e-07  0.00013435934  -4.4749703e-06  -3.8061311e-07  0.00033614205  
4.4693010e-08  0.00013459115  8.8783047e-07  1.9312279e-06  0.0000000   9.1164593e-06  -5.3807889e-06  -0.0014726898  -1.5044027e-05  -1.9855866e-05  
-5.6851674e-06  1.3421447e-06  -0.00013445417  -3.6456530e-07  -9.1164593e-06  0.0000000   0.0011341679  -1.4671127e-05  0.0014711262  -3.5827314e-07  
6.9926635e-05  1.8200507e-06  4.7443418e-07  -0.00013435934  5.3807889e-06  -0.0011341679  0.0000000   -1.9666701e-05  -7.9586082e-07  0.0014701006  
4.4096831e-06  0.00033674182  3.5314270e-06  4.4749703e-06  0.0014726898  1.4671127e-05  1.9666701e-05  0.0000000   9.2960063e-06  -5.6501458e-06  
-9.1296082e-05  3.3321034e-06  -0.00033636613  3.8061311e-07  1.5044027e-05  -0.0014711262  7.9586082e-07  -9.2960063e-06  0.0000000   0.0011344751  
-1.6595158e-05  4.5218677e-06  -1.1859054e-07  -0.00033614205  1.9855866e-05  3.5827314e-07  -0.0014701006  5.6501458e-06  -0.0011344751  0.0000000   
