0.0000000   1.5896226e-05  0.00030553094  0.00012373906  4.5900379e-05  -2.9048452e-05  1.8635574e-05  -0.00038618785  -0.00010323535  -4.7599421e-06  
-1.5896226e-05  0.0000000   0.00030468720  0.00013948790  -8.2985707e-05  0.0086362398  0.0015188604  -2.4450411e-05  -0.0022106644  -0.00022218888  
-0.00030553094  -0.00030468720  0.0000000   0.0056426675  0.020395861  0.00086857139  -0.0038602824  0.0058258656  -0.00041738737  0.0015075778  
-0.00012373906  -0.00013948790  -0.0056426675  0.0000000   -0.00045318003  -0.00033615825  -2.0069553e-06  0.00053103147  -0.00070035639  -7.7396208e-06  
-4.5900379e-05  8.2985707e-05  -0.020395861  0.00045318003  0.0000000   -0.0020571019  -0.00064128046  0.0024082198  -0.0038720058  -0.00027760425  
2.9048452e-05  -0.0086362398  -0.00086857139  0.00033615825  0.0020571019  0.0000000   0.0067191564  0.0011804342  0.00031356875  -0.0024319937  
-1.8635574e-05  -0.0015188604  0.0038602824  2.0069553e-06  0.00064128046  -0.0067191564  0.0000000   -6.8667352e-05  0.0011090013  -0.00041280136  
0.00038618785  2.4450411e-05  -0.0058258656  -0.00053103147  -0.0024082198  -0.0011804342  6.8667352e-05  0.0000000   -0.0023367515  -0.00074785666  
0.00010323535  0.0022106644  0.00041738737  0.00070035639  0.0038720058  -0.00031356875  -0.0011090013  0.0023367515  0.0000000   0.0054070619  
4.7599421e-06  0.00022218888  -0.0015075778  7.7396208e-06  0.00027760425  0.0024319937  0.00041280136  0.00074785666  -0.0054070619  0.0000000   
