0.0000000   2.3675031e-07  -4.9291951e-05  -9.5744168e-05  0.00011303028  -8.9726319e-06  -9.3055102e-07  6.1425966e-05  -0.00028477718  -6.0393546e-05  
-2.3675031e-07  0.0000000   -0.00026461553  0.00063891719  0.00039745591  0.0010076588  -5.8173327e-05  0.00068322044  -4.1616417e-05  -2.6797508e-05  
4.9291951e-05  0.00026461553  0.0000000   0.00027748569  -0.0016558878  0.00013062486  0.0011662341  0.0065153242  0.00014146523  -3.3182824e-05  
9.5744168e-05  -0.00063891719  -0.00027748569  0.0000000   -0.0018439491  -0.0013614629  -0.0021350660  0.013023038  0.00029791592  0.00035398901  
-0.00011303028  -0.00039745591  0.0016558878  0.0018439491  0.0000000   0.00098226171  0.0023532626  -0.017621942  -0.00031098209  -0.00048931534  
8.9726319e-06  -0.0010076588  -0.00013062486  0.0013614629  -0.00098226171  0.0000000   -0.00028726842  -0.0012326506  1.9010461e-05  -6.1512919e-05  
9.3055102e-07  5.8173327e-05  -0.0011662341  0.0021350660  -0.0023532626  0.00028726842  0.0000000   0.00019756788  7.6779923e-05  -0.00011790558  
-6.1425966e-05  -0.00068322044  -0.0065153242  -0.013023038  0.017621942  0.0012326506  -0.00019756788  0.0000000   -0.00054583900  0.00058191108  
0.00028477718  4.1616417e-05  -0.00014146523  -0.00029791592  0.00031098209  -1.9010461e-05  -7.6779923e-05  0.00054583900  0.0000000   -0.00039720094  
6.0393546e-05  2.6797508e-05  3.3182824e-05  -0.00035398901  0.00048931534  6.1512919e-05  0.00011790558  -0.00058191108  0.00039720094  0.0000000   
