0.0000000   -1.4433437e-06  -0.00031938449  -6.1927733e-05  -9.2639815e-06  7.2721513e-06  1.2716250e-07  -1.2608084e-05  4.3143250e-05  1.1387843e-05  
1.4433437e-06  0.0000000   -1.4057617e-05  -7.8161678e-06  -0.00012012036  -5.3475289e-05  0.00097082857  0.00012265525  0.00011126931  -0.00063208515  
0.00031938449  1.4057617e-05  0.0000000   -0.0042003275  -6.4425816e-05  0.00039462910  3.8612230e-05  -0.00021798044  1.7178074e-05  4.0071517e-06  
6.1927733e-05  7.8161678e-06  0.0042003275  0.0000000   -8.4262468e-05  -3.4651985e-05  1.5690101e-05  -4.7842842e-05  -4.6806935e-05  -2.6475726e-05  
9.2639815e-06  0.00012012036  6.4425816e-05  8.4262468e-05  0.0000000   0.0017559729  -0.00024524269  -4.4516788e-05  1.8699597e-06  3.3484986e-05  
-7.2721513e-06  5.3475289e-05  -0.00039462910  3.4651985e-05  -0.0017559729  0.0000000   -9.7524491e-05  -7.8397223e-06  2.1870473e-05  -2.9829151e-05  
-1.2716250e-07  -0.00097082857  -3.8612230e-05  -1.5690101e-05  0.00024524269  9.7524491e-05  0.0000000   -3.2629898e-05  8.0447892e-05  -0.00084333863  
1.2608084e-05  -0.00012265525  0.00021798044  4.7842842e-05  4.4516788e-05  7.8397223e-06  3.2629898e-05  0.0000000   0.00089610191  0.00010690449  
-4.3143250e-05  -0.00011126931  -1.7178074e-05  4.6806935e-05  -1.8699597e-06  -2.1870473e-05  -8.0447892e-05  -0.00089610191  0.0000000   2.6450400e-05  
-1.1387843e-05  0.00063208515  -4.0071517e-06  2.6475726e-05  -3.3484986e-05  2.9829151e-05  0.00084333863  -0.00010690449  -2.6450400e-05  0.0000000   
