0.0000000   -2.6680352e-06  -4.2609789e-06  1.3731869e-06  1.1710991e-07  2.8246451e-06  -4.7706463e-05  -2.1310261e-06  5.5011105e-05  -2.3702969e-05  
2.6680352e-06  0.0000000   -0.00039872437  4.4799321e-05  -0.00034209688  -6.8807280e-05  -0.00035694224  -0.00017297142  0.00029118670  7.7431465e-05  
4.2609789e-06  0.00039872437  0.0000000   0.0040942820  -0.00022123432  -0.00087662694  0.00071099404  0.0011894502  -0.00040396831  -0.00024650657  
-1.3731869e-06  -4.4799321e-05  -0.0040942820  0.0000000   0.00089956025  0.00080377110  0.00069933335  -0.0016581332  0.00011489920  0.00024858096  
-1.1710991e-07  0.00034209688  0.00022123432  -0.00089956025  0.0000000   -0.0013911009  0.00071710759  -6.7554124e-05  -0.00028430728  -0.00052087131  
-2.8246451e-06  6.8807280e-05  0.00087662694  -0.00080377110  0.0013911009  0.0000000   -0.00061650619  0.00088476369  0.0012136535  -0.00011133613  
4.7706463e-05  0.00035694224  -0.00071099404  -0.00069933335  -0.00071710759  0.00061650619  0.0000000   0.00077579362  -3.6093424e-05  -0.0022087901  
2.1310261e-06  0.00017297142  -0.0011894502  0.0016581332  6.7554124e-05  -0.00088476369  -0.00077579362  0.0000000   0.0014700206  -0.00019562800  
-5.5011105e-05  -0.00029118670  0.00040396831  -0.00011489920  0.00028430728  -0.0012136535  3.6093424e-05  -0.0014700206  0.0000000   0.0022413337  
2.3702969e-05  -7.7431465e-05  0.00024650657  -0.00024858096  0.00052087131  0.00011133613  0.0022087901  0.00019562800  -0.0022413337  0.0000000   
