0.0000000   3.3513140e-05  -0.00027685116  -0.00024066013  -0.00042239634  9.2454701e-05  -7.2090260e-05  -0.00019367700  -6.9169962e-05  2.2439069e-05  
-3.3513140e-05  0.0000000   8.8050516e-05  -0.00024286883  -0.00025431165  0.00017796747  0.00019810622  -0.00029657917  1.5723836e-05  -0.00035801905  
0.00027685116  -8.8050516e-05  0.0000000   1.6908226e-05  0.0015769650  -8.6718894e-05  0.0011714626  0.0014353034  -0.00084133622  5.2626905e-05  
0.00024066013  0.00024286883  -1.6908226e-05  0.0000000   0.00065235704  0.0010019666  -0.00047169679  0.00062929933  0.00023008510  0.00032672019  
0.00042239634  0.00025431165  -0.0015769650  -0.00065235704  0.0000000   0.00082719640  -0.0010715166  0.0012479819  0.0010739762  0.00023948518  
-9.2454701e-05  -0.00017796747  8.6718894e-05  -0.0010019666  -0.00082719640  0.0000000   -0.00038994988  -0.0013679683  0.00068451084  5.5815884e-06  
7.2090260e-05  -0.00019810622  -0.0011714626  0.00047169679  0.0010715166  0.00038994988  0.0000000   -0.00099123376  0.00048463040  -0.0013812274  
0.00019367700  0.00029657917  -0.0014353034  -0.00062929933  -0.0012479819  0.0013679683  0.00099123376  0.0000000   -0.0011313824  0.00059771950  
6.9169962e-05  -1.5723836e-05  0.00084133622  -0.00023008510  -0.0010739762  -0.00068451084  -0.00048463040  0.0011313824  0.0000000   0.0010660919  
-2.2439069e-05  0.00035801905  -5.2626905e-05  -0.00032672019  -0.00023948518  -5.5815884e-06  0.0013812274  -0.00059771950  -0.0010660919  0.0000000   
