0.0000000   4.5000345e-05  0.00035681571  4.9110639e-05  1.3218688e-05  0.00011013558  -3.9509546e-05  -0.00036410533  -7.2025987e-05  7.1068397e-05  
-4.5000345e-05  0.0000000   -0.00060180450  -3.0125539e-05  -5.1459484e-05  0.00015713527  0.00014839357  -0.00049894745  -6.2852725e-05  0.00010812098  
-0.00035681571  0.00060180450  0.0000000   0.0082242864  0.0033204103  4.8187046e-07  0.00019927225  -0.00078733680  2.9559485e-05  -9.8896450e-05  
-4.9110639e-05  3.0125539e-05  -0.0082242864  0.0000000   0.0035574696  3.7405122e-05  0.00063014486  -0.0010741095  0.00033630626  0.00021400478  
-1.3218688e-05  5.1459484e-05  -0.0033204103  -0.0035574696  0.0000000   -0.00025635049  -0.0048006271  0.00032740344  -0.0023025849  -0.0028735975  
-0.00011013558  -0.00015713527  -4.8187046e-07  -3.7405122e-05  0.00025635049  0.0000000   -0.00084979685  -0.0021405184  -0.0017929094  -0.00059814444  
3.9509546e-05  -0.00014839357  -0.00019927225  -0.00063014486  0.0048006271  0.00084979685  0.0000000   5.9607314e-06  0.018892549  -0.0026176688  
0.00036410533  0.00049894745  0.00078733680  0.0010741095  -0.00032740344  0.0021405184  -5.9607314e-06  0.0000000   5.2351309e-06  -5.0315841e-05  
7.2025987e-05  6.2852725e-05  -2.9559485e-05  -0.00033630626  0.0023025849  0.0017929094  -0.018892549  -5.2351309e-06  0.0000000   0.013854488  
-7.1068397e-05  -0.00010812098  9.8896450e-05  -0.00021400478  0.0028735975  0.00059814444  0.0026176688  5.0315841e-05  -0.013854488  0.0000000   
