0.0000000   6.5085174e-05  -2.4013928e-05  -0.00010404117  5.3108689e-06  3.2605673e-05  -8.8469660e-05  4.6013205e-05  -0.00014805715  -0.00014135646  
-6.5085174e-05  0.0000000   -9.8239682e-05  -0.00014984224  1.9275885e-05  0.00022681196  0.00044573772  0.00015206384  0.00057176622  -0.00025128811  
2.4013928e-05  9.8239682e-05  0.0000000   0.00091591145  0.00040156505  -0.0014386984  -0.0021274609  0.0020685974  0.0018614314  -0.00056122506  
0.00010404117  0.00014984224  -0.00091591145  0.0000000   9.8154598e-06  0.00048208738  0.0014971238  -0.0014533610  -0.0016326308  0.0010846942  
-5.3108689e-06  -1.9275885e-05  -0.00040156505  -9.8154598e-06  0.0000000   0.0014216796  0.0023006023  -0.00063225502  -0.0021727249  0.00076743884  
-3.2605673e-05  -0.00022681196  0.0014386984  -0.00048208738  -0.0014216796  0.0000000   0.0018828910  0.00017210641  0.0032795374  0.0032413995  
8.8469660e-05  -0.00044573772  0.0021274609  -0.0014971238  -0.0023006023  -0.0018828910  0.0000000   0.00069717783  0.00036906753  0.0032439922  
-4.6013205e-05  -0.00015206384  -0.0020685974  0.0014533610  0.00063225502  -0.00017210641  -0.00069717783  0.0000000   0.00072545080  -0.00044128514  
0.00014805715  -0.00057176622  -0.0018614314  0.0016326308  0.0021727249  -0.0032795374  -0.00036906753  -0.00072545080  0.0000000   0.0054421074  
0.00014135646  0.00025128811  0.00056122506  -0.0010846942  -0.00076743884  -0.0032413995  -0.0032439922  0.00044128514  -0.0054421074  0.0000000   
