0.0000000   2.3549561e-05  -0.00017906322  -1.0113498e-05  -0.00021866419  -3.3379626e-05  0.00011672557  5.6005423e-05  0.00012121560  2.3198800e-05  
-2.3549561e-05  0.0000000   -5.3009964e-05  0.00010634007  8.7716645e-05  -7.8555302e-08  -1.7896871e-08  9.0063053e-05  -6.6763090e-08  -8.9292094e-08  
0.00017906322  5.3009964e-05  0.0000000   0.0089136343  -3.1939013e-08  8.1422874e-05  2.1161164e-06  3.8053790e-08  8.3694541e-05  -2.7304684e-06  
1.0113498e-05  -0.00010634007  -0.0089136343  0.0000000   2.5292807e-07  -2.1183340e-06  8.1331787e-05  -8.3211329e-08  2.6215472e-06  8.3678246e-05  
0.00021866419  -8.7716645e-05  3.1939013e-08  -2.5292807e-07  0.0000000   -5.2385876e-05  0.00010481286  -0.0040356384  3.6104152e-06  2.0181625e-06  
3.3379626e-05  7.8555302e-08  -8.1422874e-05  2.1183340e-06  5.2385876e-05  0.0000000   0.0087893350  3.5910880e-06  -0.0037503743  -7.7195071e-07  
-0.00011672557  1.7896871e-08  -2.1161164e-06  -8.1331787e-05  -0.00010481286  -0.0087893350  0.0000000   1.8376697e-06  1.7793851e-06  -0.0037502094  
-5.6005423e-05  -9.0063053e-05  -3.8053790e-08  8.3211329e-08  0.0040356384  -3.5910880e-06  -1.8376697e-06  0.0000000   -5.2183811e-05  0.00010481584  
-0.00012121560  6.6763090e-08  -8.3694541e-05  -2.6215472e-06  -3.6104152e-06  0.0037503743  -1.7793851e-06  5.2183811e-05  0.0000000   0.0087898521  
-2.3198800e-05  8.9292094e-08  2.7304684e-06  -8.3678246e-05  -2.0181625e-06  7.7195071e-07  0.0037502094  -0.00010481584  -0.0087898521  0.0000000   
