0.0000000   -5.7002175e-06  3.6506201e-05  -2.9756239e-05  -0.00015263315  1.7903817e-05  0.00010729196  -1.8401070e-05  2.1828354e-06  -5.6527250e-06  
5.7002175e-06  0.0000000   -0.00018331488  0.00032374440  -7.4176182e-05  -0.00010964004  -0.00015583405  -0.00080334820  0.0010197672  0.0024958569  
-3.6506201e-05  0.00018331488  0.0000000   0.0012590292  0.0011770923  0.00026660564  0.00012149559  -0.0056501972  0.00021855285  -0.00046724836  
2.9756239e-05  -0.00032374440  -0.0012590292  0.0000000   -0.00093561019  0.00029150399  -0.00011254758  0.011713403  -0.00044657374  0.0010566122  
0.00015263315  7.4176182e-05  -0.0011770923  0.00093561019  0.0000000   0.00043833783  0.00047330803  -0.0026067310  7.5798442e-05  -0.00023418813  
-1.7903817e-05  0.00010964004  -0.00026660564  -0.00029150399  -0.00043833783  0.0000000   -0.0010884837  -0.00051086972  -0.00019403654  -0.00052585035  
-0.00010729196  0.00015583405  -0.00012149559  0.00011254758  -0.00047330803  0.0010884837  0.0000000   -0.00024078525  0.00011991713  0.00018429835  
1.8401070e-05  0.00080334820  0.0056501972  -0.011713403  0.0026067310  0.00051086972  0.00024078525  0.0000000   0.00011689049  -0.00013888014  
-2.1828354e-06  -0.0010197672  -0.00021855285  0.00044657374  -7.5798442e-05  0.00019403654  -0.00011991713  -0.00011689049  0.0000000   -0.0015662335  
5.6527250e-06  -0.0024958569  0.00046724836  -0.0010566122  0.00023418813  0.00052585035  -0.00018429835  0.00013888014  0.0015662335  0.0000000   
