0.0000000   2.6007764e-05  0.00018937494  -0.00021724918  -0.00025467428  1.1772492e-05  1.5401565e-05  -7.1370605e-05  1.8740678e-05  -2.6988568e-05  
-2.6007764e-05  0.0000000   5.1562025e-05  5.1826457e-05  5.5577087e-05  -1.8758813e-08  -1.6213669e-08  -0.00012539857  -1.3954009e-08  -1.7658366e-08  
-0.00018937494  -5.1562025e-05  0.0000000   0.0026615019  -9.9994439e-08  5.5222339e-05  -1.1033179e-06  -1.6019180e-07  -0.00012457064  -3.7364134e-07  
0.00021724918  -5.1826457e-05  -0.0026615019  0.0000000   -1.2581878e-07  1.1115636e-06  5.5218638e-05  9.9167463e-08  3.9419051e-07  -0.00012460347  
0.00025467428  -5.5577087e-05  9.9994439e-08  1.2581878e-07  0.0000000   5.1174904e-05  5.1417950e-05  -0.0030581282  -1.5891058e-07  -2.3739674e-07  
-1.1772492e-05  1.8758813e-08  -5.5222339e-05  -1.1115636e-06  -5.1174904e-05  0.0000000   0.0026409944  -1.5809861e-07  -0.0030387080  1.9718332e-07  
-1.5401565e-05  1.6213669e-08  1.1033179e-06  -5.5218638e-05  -5.1417950e-05  -0.0026409944  0.0000000   -2.4800605e-07  5.7184322e-07  -0.0030391272  
7.1370605e-05  0.00012539857  1.6019180e-07  -9.9167463e-08  0.0030581282  1.5809861e-07  2.4800605e-07  0.0000000   5.1183820e-05  5.1410620e-05  
-1.8740678e-05  1.3954009e-08  0.00012457064  -3.9419051e-07  1.5891058e-07  0.0030387080  -5.7184322e-07  -5.1183820e-05  0.0000000   0.0026406367  
2.6988568e-05  1.7658366e-08  3.7364134e-07  0.00012460347  2.3739674e-07  -1.9718332e-07  0.0030391272  -5.1410620e-05  -0.0026406367  0.0000000   
