0.0000000   6.3953098e-07  -2.6767848e-06  -8.6672113e-07  -3.5642840e-05  8.4896025e-06  -2.6463755e-05  1.0323728e-06  2.1398864e-06  8.2501880e-07  
-6.3953098e-07  0.0000000   -0.00016961902  -0.00045899082  -8.7805366e-06  6.1152357e-07  1.6136407e-06  -0.00050153708  -1.9348528e-07  6.5064051e-08  
2.6767848e-06  0.00016961902  0.0000000   0.0011272268  -6.5165772e-07  -8.7242578e-06  -4.0586153e-06  -2.0645907e-07  -0.00050098432  8.3005691e-09  
8.6672113e-07  0.00045899082  -0.0011272268  0.0000000   -1.5113001e-06  3.9993084e-06  -8.6364907e-06  1.1761579e-08  1.2401542e-07  -0.00050087303  
3.5642840e-05  8.7805366e-06  6.5165772e-07  1.5113001e-06  0.0000000   0.00016956156  0.00045885730  1.4439193e-06  -5.8098059e-06  -1.5735315e-05  
-8.4896025e-06  -6.1152357e-07  8.7242578e-06  -3.9993084e-06  -0.00016956156  0.0000000   -0.0011269005  5.8064236e-06  1.3479749e-06  3.8719883e-05  
2.6463755e-05  -1.6136407e-06  4.0586153e-06  8.6364907e-06  -0.00045885730  0.0011269005  0.0000000   1.5836412e-05  -3.8715737e-05  1.3774538e-06  
-1.0323728e-06  0.00050153708  2.0645907e-07  -1.1761579e-08  -1.4439193e-06  -5.8064236e-06  -1.5836412e-05  0.0000000   -0.00016954797  -0.00045882175  
-2.1398864e-06  1.9348528e-07  0.00050098432  -1.2401542e-07  5.8098059e-06  -1.3479749e-06  3.8715737e-05  0.00016954797  0.0000000   0.0011268198  
-8.2501880e-07  -6.5064051e-08  -8.3005691e-09  0.00050087303  1.5735315e-05  -3.8719883e-05  -1.3774538e-06  0.00045882175  -0.0011268198  0.0000000   
