0.0000000   8.5429950e-06  -3.5261881e-06  -0.00022842226  -9.1869691e-05  5.7912015e-06  -4.8481405e-05  -0.00020871639  2.4526129e-05  -4.9083716e-06  
-8.5429950e-06  0.0000000   -0.00068807010  -0.00028522689  0.00026826789  -0.00010331684  -0.00030066374  0.00023770282  0.00092848818  0.0039731967  
3.5261881e-06  0.00068807010  0.0000000   0.00038175936  -0.00058976090  -0.00035808303  3.4190078e-05  0.0071314526  -0.00032671927  0.00024882962  
0.00022842226  0.00028522689  -0.00038175936  0.0000000   -0.00083279461  -0.00063208156  0.00032810330  0.015171780  0.00047474290  -7.3625603e-05  
9.1869691e-05  -0.00026826789  0.00058976090  0.00083279461  0.0000000   0.00018556624  -0.00014263219  -0.0095461338  -0.00059733881  0.00039578596  
-5.7912015e-06  0.00010331684  0.00035808303  0.00063208156  -0.00018556624  0.0000000   0.00090934922  -0.00062699264  -0.017084257  -0.011258507  
4.8481405e-05  0.00030066374  -3.4190078e-05  -0.00032810330  0.00014263219  -0.00090934922  0.0000000   -0.00035802812  -0.015306008  0.012634401  
0.00020871639  -0.00023770282  -0.0071314526  -0.015171780  0.0095461338  0.00062699264  0.00035802812  0.0000000   -0.00064604929  -0.00066867169  
-2.4526129e-05  -0.00092848818  0.00032671927  -0.00047474290  0.00059733881  0.017084257  0.015306008  0.00064604929  0.0000000   0.0015492256  
4.9083716e-06  -0.0039731967  -0.00024882962  7.3625603e-05  -0.00039578596  0.011258507  -0.012634401  0.00066867169  -0.0015492256  0.0000000   
