0.0000000   -1.9739712e-05  -0.00016275436  -3.1319505e-05  7.3817147e-05  -2.0906970e-05  -8.1337431e-05  -6.0265068e-06  -4.2903076e-06  -1.2458031e-05  
1.9739712e-05  0.0000000   5.4052946e-05  8.0721249e-05  -1.3932277e-05  0.00042417748  5.6784809e-06  -6.8661434e-06  -2.3665317e-05  6.5049675e-06  
0.00016275436  -5.4052946e-05  0.0000000   -1.6618966e-06  -6.5422023e-05  -6.9973328e-06  0.00020887866  -7.6209475e-05  2.1000985e-05  3.4697479e-05  
3.1319505e-05  -8.0721249e-05  1.6618966e-06  0.0000000   -0.00026492652  -0.00053511689  6.7882577e-05  -3.2737007e-05  -0.00012861884  -0.00017452970  
-7.3817147e-05  1.3932277e-05  6.5422023e-05  0.00026492652  0.0000000   -0.0012019852  2.2691514e-05  -0.00011160335  2.0729930e-05  -5.9180204e-05  
2.0906970e-05  -0.00042417748  6.9973328e-06  0.00053511689  0.0012019852  0.0000000   -0.00021087398  0.00057206588  -3.1510340e-05  -0.00020678036  
8.1337431e-05  -5.6784809e-06  -0.00020887866  -6.7882577e-05  -2.2691514e-05  0.00021087398  0.0000000   7.6997475e-05  -0.00010163477  3.0523549e-05  
6.0265068e-06  6.8661434e-06  7.6209475e-05  3.2737007e-05  0.00011160335  -0.00057206588  -7.6997475e-05  0.0000000   0.00015916837  0.00049368626  
4.2903076e-06  2.3665317e-05  -2.1000985e-05  0.00012861884  -2.0729930e-05  3.1510340e-05  0.00010163477  -0.00015916837  0.0000000   0.00046413977  
1.2458031e-05  -6.5049675e-06  -3.4697479e-05  0.00017452970  5.9180204e-05  0.00020678036  -3.0523549e-05  -0.00049368626  -0.00046413977  0.0000000   
