0.0000000   3.6410564e-06  -2.4729167e-06  3.6025367e-06  -9.3061593e-06  -1.0738877e-05  -4.7811871e-06  -1.8080280e-05  2.6795320e-06  2.6681920e-05  
-3.6410564e-06  0.0000000   -0.00010518616  0.00022210824  -6.8166861e-05  5.4486027e-05  -7.8970678e-05  0.00011133426  0.00014497855  0.00012937725  
2.4729167e-06  0.00010518616  0.0000000   0.00041108495  0.00018349057  9.9858827e-05  -0.00023952593  0.00020071997  0.00019644742  2.0605573e-05  
-3.6025367e-06  -0.00022210824  -0.00041108495  0.0000000   -0.00051924294  -3.5346674e-05  -0.00013424831  0.00037111122  0.00010588955  -6.9581304e-05  
9.3061593e-06  6.8166861e-05  -0.00018349057  0.00051924294  0.0000000   7.3138815e-05  -0.00032280936  0.00011118569  0.00025072837  1.5240672e-06  
1.0738877e-05  -5.4486027e-05  -9.9858827e-05  3.5346674e-05  -7.3138815e-05  0.0000000   4.4902392e-05  5.9337016e-05  -3.4304888e-05  -0.00066356820  
4.7811871e-06  7.8970678e-05  0.00023952593  0.00013424831  0.00032280936  -4.4902392e-05  0.0000000   -0.00014624573  -0.00014641708  -0.00012138375  
1.8080280e-05  -0.00011133426  -0.00020071997  -0.00037111122  -0.00011118569  -5.9337016e-05  0.00014624573  0.0000000   -9.4086161e-05  0.00017346660  
-2.6795320e-06  -0.00014497855  -0.00019644742  -0.00010588955  -0.00025072837  3.4304888e-05  0.00014641708  9.4086161e-05  0.0000000   4.9465341e-05  
-2.6681920e-05  -0.00012937725  -2.0605573e-05  6.9581304e-05  -1.5240672e-06  0.00066356820  0.00012138375  -0.00017346660  -4.9465341e-05  0.0000000   
