0.0000000   1.2231094e-06  0.00016042178  -1.7736569e-05  -0.00013386957  6.7361956e-06  6.5708107e-05  -2.0714752e-05  -3.6023668e-06  -1.0483024e-05  
-1.2231094e-06  0.0000000   5.5433050e-05  0.00046876173  3.4826238e-05  2.0723406e-08  3.2864001e-07  3.5535695e-06  -1.3638937e-06  -1.1516983e-05  
-0.00016042178  -5.5433050e-05  0.0000000   -1.6860494e-06  -5.3390973e-08  -3.3782360e-05  7.9711488e-06  1.3030430e-06  -3.1560530e-06  8.5028937e-07  
1.7736569e-05  -0.00046876173  1.6860494e-06  0.0000000   -2.9667404e-07  7.9798387e-06  3.3665721e-05  1.1555446e-05  7.3964950e-07  3.4414892e-06  
0.00013386957  -3.4826238e-05  5.3390973e-08  2.9667404e-07  0.0000000   -5.5211315e-05  -0.00046550378  -0.0028811344  1.3257422e-06  -3.6338576e-07  
-6.7361956e-06  -2.0723406e-08  3.3782360e-05  -7.9798387e-06  5.5211315e-05  0.0000000   1.8273025e-06  1.5463418e-06  0.0028042481  -0.00066330423  
-6.5708107e-05  -3.2864001e-07  -7.9711488e-06  -3.3665721e-05  0.00046550378  -1.8273025e-06  0.0000000   -4.0004776e-07  -0.00066318701  -0.0028035538  
2.0714752e-05  -3.5535695e-06  -1.3030430e-06  -1.1555446e-05  0.0028811344  -1.5463418e-06  4.0004776e-07  0.0000000   -5.5282150e-05  -0.00046540659  
3.6023668e-06  1.3638937e-06  3.1560530e-06  -7.3964950e-07  -1.3257422e-06  -0.0028042481  0.00066318701  5.5282150e-05  0.0000000   1.8228077e-06  
1.0483024e-05  1.1516983e-05  -8.5028937e-07  -3.4414892e-06  3.6338576e-07  0.00066330423  0.0028035538  0.00046540659  -1.8228077e-06  0.0000000   
