0.0000000   2.5747457e-06  0.00011115431  4.5910732e-05  0.00011962609  -4.4662502e-05  -0.00012375942  -0.00010530665  -0.00014454378  2.9044440e-05  
-2.5747457e-06  0.0000000   0.00058349386  -0.00049487786  -0.00043648486  3.8895044e-07  2.3119268e-07  -0.00041061997  1.2967178e-07  4.1565701e-07  
-0.00011115431  -0.00058349386  0.0000000   -0.0015475418  1.4692037e-07  -0.00043560968  -3.9358830e-07  3.5935184e-07  -0.00040980419  2.4917498e-07  
-4.5910732e-05  0.00049487786  0.0015475418  0.0000000   4.1342394e-07  2.6575578e-07  -0.00043556488  2.1016627e-07  -3.7042854e-07  -0.00040978844  
-0.00011962609  0.00043648486  -1.4692037e-07  -4.1342394e-07  0.0000000   0.00058356464  -0.00049493432  0.00044811381  -3.6136851e-07  -2.8229876e-07  
4.4662502e-05  -3.8895044e-07  0.00043560968  -2.6575578e-07  -0.00058356464  0.0000000   -0.0015476797  -1.5578792e-07  0.00044726606  3.3434476e-07  
0.00012375942  -2.3119268e-07  3.9358830e-07  0.00043556488  0.00049493432  0.0015476797  0.0000000   -4.1140167e-07  -2.2220780e-07  0.00044723914  
0.00010530665  0.00041061997  -3.5935184e-07  -2.1016627e-07  -0.00044811381  1.5578792e-07  4.1140167e-07  0.0000000   0.00058361849  -0.00049497990  
0.00014454378  -1.2967178e-07  0.00040980419  3.7042854e-07  3.6136851e-07  -0.00044726606  2.2220780e-07  -0.00058361849  0.0000000   -0.0015479416  
-2.9044440e-05  -4.1565701e-07  -2.4917498e-07  0.00040978844  2.8229876e-07  -3.3434476e-07  -0.00044723914  0.00049497990  0.0015479416  0.0000000   
