0.0000000   7.4564748e-07  -4.2560152e-06  -6.3376897e-06  -7.6240110e-05  -1.7485916e-06  -9.3938418e-05  1.6339623e-06  1.6441442e-06  -1.3991995e-06  
-7.4564748e-07  0.0000000   0.00019197163  -0.00031659172  -1.5968112e-05  -1.6280142e-06  2.7102248e-06  -0.00036533279  -2.9357960e-07  -3.7075196e-07  
4.2560152e-06  -0.00019197163  0.0000000   0.0035456025  1.3611436e-06  -1.5848490e-05  -3.0103396e-05  -3.9100304e-07  -0.00036132423  1.0929890e-06  
6.3376897e-06  0.00031659172  -0.0035456025  0.0000000   -2.5051926e-06  2.9811681e-05  -1.5631884e-05  -1.5982339e-07  -1.0824365e-06  -0.00036122341  
7.6240110e-05  1.5968112e-05  -1.3611436e-06  2.5051926e-06  0.0000000   -0.00019116728  0.00031521841  4.6600710e-06  1.8544387e-05  -3.0148698e-05  
1.7485916e-06  1.6280142e-06  1.5848490e-05  -2.9811681e-05  0.00019116728  0.0000000   -0.0035304909  -1.8281787e-05  4.3860449e-06  0.00033782816  
9.3938418e-05  -2.7102248e-06  3.0103396e-05  1.5631884e-05  -0.00031521841  0.0035304909  0.0000000   3.0452824e-05  -0.00033752118  4.3962486e-06  
-1.6339623e-06  0.00036533279  3.9100304e-07  1.5982339e-07  -4.6600710e-06  1.8281787e-05  -3.0452824e-05  0.0000000   0.00019116959  -0.00031528050  
-1.6441442e-06  2.9357960e-07  0.00036132423  1.0824365e-06  -1.8544387e-05  -4.3860449e-06  0.00033752118  -0.00019116959  0.0000000   0.0035308276  
1.3991995e-06  3.7075196e-07  -1.0929890e-06  0.00036122341  3.0148698e-05  -0.00033782816  -4.3962486e-06  0.00031528050  -0.0035308276  0.0000000   
