0.0000000   3.0125377e-05  -0.00011734232  0.00032091094  0.00035072970  -0.00012161966  -4.4130277e-05  1.2193606e-06  -5.4618481e-05  0.00013732006  
-3.0125377e-05  0.0000000   0.00012470147  -0.00011675264  0.00027964605  -5.4265035e-08  -1.4082387e-08  4.1431183e-06  1.0394971e-07  -8.3106645e-08  
0.00011734232  -0.00012470147  0.0000000   -0.00070319849  4.0864698e-08  0.00027943899  -8.4761313e-08  1.2422953e-08  4.1254819e-06  -5.4145579e-07  
-0.00032091094  0.00011675264  0.00070319849  0.0000000   3.9761236e-09  1.7996147e-08  0.00027963668  -2.1372929e-07  6.3663650e-07  4.2290992e-06  
-0.00035072970  -0.00027964605  -4.0864698e-08  -3.9761236e-09  0.0000000   0.00012351535  -0.00011558780  0.0032819723  -5.7268741e-07  -7.1935034e-08  
0.00012161966  5.4265035e-08  -0.00027943899  -1.7996147e-08  -0.00012351535  0.0000000   -0.00069682424  -5.1351989e-07  0.0032802458  1.9909059e-07  
4.4130277e-05  1.4082387e-08  8.4761313e-08  -0.00027963668  0.00011558780  0.00069682424  0.0000000   -1.1360387e-07  6.5318514e-08  0.0032812959  
-1.2193606e-06  -4.1431183e-06  -1.2422953e-08  2.1372929e-07  -0.0032819723  5.1351989e-07  1.1360387e-07  0.0000000   0.00012350885  -0.00011555275  
5.4618481e-05  -1.0394971e-07  -4.1254819e-06  -6.3663650e-07  5.7268741e-07  -0.0032802458  -6.5318514e-08  -0.00012350885  0.0000000   -0.00069683260  
-0.00013732006  8.3106645e-08  5.4145579e-07  -4.2290992e-06  7.1935034e-08  -1.9909059e-07  -0.0032812959  0.00011555275  0.00069683260  0.0000000   
