0.0000000   -1.7564713e-05  -3.9691443e-05  -7.3524188e-05  0.00012689022  9.5185503e-05  0.00014621981  1.6537792e-05  -0.00012659253  -0.00013460376  
1.7564713e-05  0.0000000   1.0111772e-05  2.6436539e-05  -8.9986465e-05  9.9433765e-06  -0.00024728616  -9.8224729e-05  3.1528750e-05  4.2487056e-05  
3.9691443e-05  -1.0111772e-05  0.0000000   -0.00064503817  0.0022935292  0.00056073454  -0.00056188088  -0.00027747323  0.00056167437  0.00023085395  
7.3524188e-05  -2.6436539e-05  0.00064503817  0.0000000   0.0016915677  -0.0010701599  0.00020568103  -0.00019152872  -0.0011654389  -0.00043710032  
-0.00012689022  8.9986465e-05  -0.0022935292  -0.0016915677  0.0000000   0.0019214636  0.0033668960  -0.00030707253  0.0036795586  -0.00035338530  
-9.5185503e-05  -9.9433765e-06  -0.00056073454  0.0010701599  -0.0019214636  0.0000000   0.020118848  -0.0019797690  -0.0012058181  0.00074150605  
-0.00014621981  0.00024728616  0.00056188088  -0.00020568103  -0.0033668960  -0.020118848  0.0000000   0.0012653618  -0.010225966  -0.0056936364  
-1.6537792e-05  9.8224729e-05  0.00027747323  0.00019152872  0.00030707253  0.0019797690  -0.0012653618  0.0000000   -0.00030766198  0.00019583874  
0.00012659253  -3.1528750e-05  -0.00056167437  0.0011654389  -0.0036795586  0.0012058181  0.010225966  0.00030766198  0.0000000   -0.0074067397  
0.00013460376  -4.2487056e-05  -0.00023085395  0.00043710032  0.00035338530  -0.00074150605  0.0056936364  -0.00019583874  0.0074067397  0.0000000   
