0.0000000   3.4780364e-05  0.00019430922  -6.2174971e-06  0.00013738397  1.6670765e-05  0.00022751038  -0.00033560314  -0.00019949741  2.2840824e-05  
-3.4780364e-05  0.0000000   -4.5808514e-05  4.0204252e-05  -2.5457144e-05  -3.6296075e-05  -4.1773179e-06  4.0357360e-05  1.0287458e-05  -2.6770618e-05  
-0.00019430922  4.5808514e-05  0.0000000   -0.0021840877  -0.0039255174  -0.00063656645  -0.00044354738  0.0032832871  -0.00065279743  -2.7396509e-07  
6.2174971e-06  -4.0204252e-05  0.0021840877  0.0000000   -0.0010922342  -0.00010570613  -0.00011720896  0.00057001280  -5.7413516e-05  -1.5334051e-05  
-0.00013738397  2.5457144e-05  0.0039255174  0.0010922342  0.0000000   0.00038942107  0.0015811227  -0.0021330718  0.0019064234  -1.1650639e-05  
-1.6670765e-05  3.6296075e-05  0.00063656645  0.00010570613  -0.00038942107  0.0000000   -0.00019269502  0.0018079496  3.6520637e-05  3.9745689e-05  
-0.00022751038  4.1773179e-06  0.00044354738  0.00011720896  -0.0015811227  0.00019269502  0.0000000   -0.00046099994  -0.00011371480  0.0023298968  
0.00033560314  -4.0357360e-05  -0.0032832871  -0.00057001280  0.0021330718  -0.0018079496  0.00046099994  0.0000000   0.00057949527  1.1101962e-05  
0.00019949741  -1.0287458e-05  0.00065279743  5.7413516e-05  -0.0019064234  -3.6520637e-05  0.00011371480  -0.00057949527  0.0000000   0.0012676103  
-2.2840824e-05  2.6770618e-05  2.7396509e-07  1.5334051e-05  1.1650639e-05  -3.9745689e-05  -0.0023298968  -1.1101962e-05  -0.0012676103  0.0000000   
