0.0000000   -1.6428164e-06  -0.00032493345  0.00020316126  2.6088926e-06  -2.9374495e-05  4.7035941e-06  -7.4632554e-06  -2.6350769e-05  8.0758380e-06  
1.6428164e-06  0.0000000   -7.5960522e-06  3.3295549e-06  0.00013327741  1.3948883e-06  1.6481786e-06  -0.00024982704  -2.6669959e-06  -3.0798223e-06  
0.00032493345  7.5960522e-06  0.0000000   -0.0010846449  -3.2117268e-06  -0.00013317600  3.4476475e-07  -5.4554954e-06  0.00024946739  2.4639985e-07  
-0.00020316126  -3.3295549e-06  0.0010846449  0.0000000   4.5389189e-06  -3.4089552e-07  -0.00013309222  -1.3344485e-06  -3.1341495e-07  0.00024948326  
-2.6088926e-06  -0.00013327741  3.2117268e-06  -4.5389189e-06  0.0000000   -6.9310039e-06  3.1098555e-06  -0.0013951567  -1.4423010e-05  -1.7344088e-05  
2.9374495e-05  -1.3948883e-06  0.00013317600  3.4089552e-07  6.9310039e-06  0.0000000   -0.0010831207  -1.5052186e-05  0.0013939051  -2.5166804e-07  
-4.7035941e-06  -1.6481786e-06  -3.4476475e-07  0.00013309222  -3.1098555e-06  0.0010831207  0.0000000   -1.7187789e-05  -2.7772613e-07  0.0013933902  
7.4632554e-06  0.00024982704  5.4554954e-06  1.3344485e-06  0.0013951567  1.5052186e-05  1.7187789e-05  0.0000000   -7.1244729e-06  3.1066850e-06  
2.6350769e-05  2.6669959e-06  -0.00024946739  3.1341495e-07  1.4423010e-05  -0.0013939051  2.7772613e-07  7.1244729e-06  0.0000000   -0.0010832213  
-8.0758380e-06  3.0798223e-06  -2.4639985e-07  -0.00024948326  1.7344088e-05  2.5166804e-07  -0.0013933902  -3.1066850e-06  0.0010832213  0.0000000   
