0.0000000   3.0408214e-05  -0.00013488368  -7.9962210e-06  -0.00028137030  -3.6719768e-06  6.8744859e-07  -0.00017352994  -2.2789188e-05  9.1837538e-06  
-3.0408214e-05  0.0000000   -3.2806717e-05  -0.00015325748  9.5116043e-05  -0.00024667272  -0.00054982877  0.00013657870  -0.00034903612  0.00040088894  
0.00013488368  3.2806717e-05  0.0000000   0.0013928198  -0.0016995694  -0.00049205269  -0.00060550610  -0.00087561293  -0.00091851595  0.00052508196  
7.9962210e-06  0.00015325748  -0.0013928198  0.0000000   -0.00077282730  -0.00050154744  -0.00082653279  -0.0032234983  -0.00091021478  0.00065852009  
0.00028137030  -9.5116043e-05  0.0016995694  0.00077282730  0.0000000   0.00029656321  0.00033234934  0.0034535169  0.0011467097  -0.00065360504  
3.6719768e-06  0.00024667272  0.00049205269  0.00050154744  -0.00029656321  0.0000000   -0.00060866053  0.00068372810  0.0017385881  -0.00045185775  
-6.8744859e-07  0.00054982877  0.00060550610  0.00082653279  -0.00033234934  0.00060866053  0.0000000   0.00074204211  -0.00037028151  0.0010053704  
0.00017352994  -0.00013657870  0.00087561293  0.0032234983  -0.0034535169  -0.00068372810  -0.00074204211  0.0000000   -0.0016236836  0.00076596201  
2.2789188e-05  0.00034903612  0.00091851595  0.00091021478  -0.0011467097  -0.0017385881  0.00037028151  0.0016236836  0.0000000   -0.0036029393  
-9.1837538e-06  -0.00040088894  -0.00052508196  -0.00065852009  0.00065360504  0.00045185775  -0.0010053704  -0.00076596201  0.0036029393  0.0000000   
