0.0000000   -1.3495879e-05  -1.5747141e-05  4.1155888e-05  1.2290109e-05  -2.5413986e-05  -0.00016686732  -4.6741819e-05  0.00015660127  3.5291287e-06  
1.3495879e-05  0.0000000   0.00023140675  3.7626652e-05  4.3259460e-06  6.2301345e-05  -7.2818363e-08  -0.00036287193  -2.7533073e-06  -9.9385409e-06  
1.5747141e-05  -0.00023140675  0.0000000   0.00051008948  -0.00052535097  -8.6217305e-07  -3.6300265e-05  0.00018382792  -7.8232488e-05  4.3194491e-06  
-4.1155888e-05  -3.7626652e-05  -0.00051008948  0.0000000   7.3647445e-06  -1.6117630e-06  -0.00040975132  -8.1016853e-06  -1.7869252e-05  -4.5464473e-05  
-1.2290109e-05  -4.3259460e-06  0.00052535097  -7.3647445e-06  0.0000000   6.3089894e-06  0.00052172683  -0.00040770212  0.00081599396  -2.9145229e-05  
2.5413986e-05  -6.2301345e-05  8.6217305e-07  1.6117630e-06  -6.3089894e-06  0.0000000   1.5966274e-05  0.00081177419  -0.00021426358  -4.3366035e-05  
0.00016686732  7.2818363e-08  3.6300265e-05  0.00040975132  -0.00052172683  -1.5966274e-05  0.0000000   -6.7743175e-05  5.8244785e-05  0.00082632759  
4.6741819e-05  0.00036287193  -0.00018382792  8.1016853e-06  0.00040770212  -0.00081177419  6.7743175e-05  0.0000000   5.0047078e-05  -7.7359447e-06  
-0.00015660127  2.7533073e-06  7.8232488e-05  1.7869252e-05  -0.00081599396  0.00021426358  -5.8244785e-05  -5.0047078e-05  0.0000000   0.00049514143  
-3.5291287e-06  9.9385409e-06  -4.3194491e-06  4.5464473e-05  2.9145229e-05  4.3366035e-05  -0.00082632759  7.7359447e-06  -0.00049514143  0.0000000   
