0.0000000   -1.3694194e-06  -9.8145568e-06  2.4994406e-05  1.3412831e-05  1.2790786e-05  -6.8419367e-07  2.3369580e-05  4.9691162e-07  2.5627915e-05  
1.3694194e-06  0.0000000   0.00030024144  -0.00022430884  0.00017158477  -5.1155106e-05  2.9275913e-06  4.7517629e-05  8.9675017e-05  0.00012262824  
9.8145568e-06  -0.00030024144  0.0000000   -0.0080067221  -0.012994531  0.00025336764  -0.0017423392  -0.0099206508  0.0029990796  -0.00028545786  
-2.4994406e-05  0.00022430884  0.0080067221  0.0000000   0.011561179  9.2482192e-05  -0.00028651598  0.0090526797  0.0010265095  0.00055374676  
-1.3412831e-05  -0.00017158477  0.012994531  -0.011561179  0.0000000   -0.0012486440  -3.2075052e-05  -0.00063684740  0.00054365458  -0.00048512570  
-1.2790786e-05  5.1155106e-05  -0.00025336764  -9.2482192e-05  0.0012486440  0.0000000   -0.0023086382  0.0016181151  0.0034155200  0.00066154670  
6.8419367e-07  -2.9275913e-06  0.0017423392  0.00028651598  3.2075052e-05  0.0023086382  0.0000000   4.6148101e-05  0.00021792767  0.0042968822  
-2.3369580e-05  -4.7517629e-05  0.0099206508  -0.0090526797  0.00063684740  -0.0016181151  -4.6148101e-05  0.0000000   0.00049860709  0.00015477966  
-4.9691162e-07  -8.9675017e-05  -0.0029990796  -0.0010265095  -0.00054365458  -0.0034155200  -0.00021792767  -0.00049860709  0.0000000   0.0054226274  
-2.5627915e-05  -0.00012262824  0.00028545786  -0.00055374676  0.00048512570  -0.00066154670  -0.0042968822  -0.00015477966  -0.0054226274  0.0000000   
