0.0000000   -2.5431828e-05  0.00012512651  5.1854717e-05  -0.00016410265  2.5204507e-05  3.9943195e-05  8.6860310e-05  2.8001924e-05  -1.3416658e-05  
2.5431828e-05  0.0000000   0.00051693201  0.00040607772  0.00038903148  -2.2986136e-07  -1.1553041e-07  -0.00057411589  -1.2594756e-07  -1.9683273e-07  
-0.00012512651  -0.00051693201  0.0000000   0.00044854548  2.0173661e-07  0.00038897890  -2.3374683e-07  1.6568559e-07  -0.00057406448  -6.2035634e-08  
-5.1854717e-05  -0.00040607772  -0.00044854548  0.0000000   1.9978034e-07  1.3807421e-07  0.00038894237  4.6012374e-08  2.0278598e-07  -0.00057398705  
0.00016410265  -0.00038903148  -2.0173661e-07  -1.9978034e-07  0.0000000   0.00051682929  0.00040597597  -0.00077956205  1.1619125e-07  -3.7756586e-08  
-2.5204507e-05  2.2986136e-07  -0.00038897890  -1.3807421e-07  -0.00051682929  0.0000000   0.00044845674  -4.6782067e-08  -0.00077950819  1.6801250e-07  
-3.9943195e-05  1.1553041e-07  2.3374683e-07  -0.00038894237  -0.00040597597  -0.00044845674  0.0000000   -1.8232698e-07  1.3918127e-08  -0.00077939650  
-8.6860310e-05  0.00057411589  -1.6568559e-07  -4.6012374e-08  0.00077956205  4.6782067e-08  1.8232698e-07  0.0000000   0.00051675791  0.00040592880  
-2.8001924e-05  1.2594756e-07  0.00057406448  -2.0278598e-07  -1.1619125e-07  0.00077950819  -1.3918127e-08  -0.00051675791  0.0000000   0.00044840319  
1.3416658e-05  1.9683273e-07  6.2035634e-08  0.00057398705  3.7756586e-08  -1.6801250e-07  0.00077939650  -0.00040592880  -0.00044840319  0.0000000   
