0.0000000   4.7481405e-05  5.0651274e-05  7.9139473e-05  -9.5420460e-05  2.8732617e-05  0.00012450993  0.00011844500  0.00014563117  -1.4758316e-05  
-4.7481405e-05  0.0000000   -0.00069515666  -0.00053403696  -0.00070376849  8.5130617e-07  -3.4711598e-07  0.00041536381  3.6647906e-07  8.7369414e-07  
-5.0651274e-05  0.00069515666  0.0000000   -0.0016579964  7.3940415e-08  -0.00070227457  1.0876050e-06  -9.0323798e-07  0.00041450139  1.4451997e-06  
-7.9139473e-05  0.00053403696  0.0016579964  0.0000000   -9.2045885e-07  -7.5803693e-07  -0.00070228939  -1.1578154e-07  -1.6193478e-06  0.00041449311  
9.5420460e-05  0.00070376849  -7.3940415e-08  9.2045885e-07  0.0000000   -0.00069407240  -0.00053320362  0.0014198721  -1.1447870e-06  1.1270680e-06  
-2.8732617e-05  -8.5130617e-07  0.00070227457  7.5803693e-07  0.00069407240  0.0000000   -0.0016554217  -7.5753326e-07  0.0014168598  -7.5276082e-07  
-0.00012450993  3.4711598e-07  -1.0876050e-06  0.00070228939  0.00053320362  0.0016554217  0.0000000   1.4343969e-06  1.4245500e-07  0.0014168839  
-0.00011844500  -0.00041536381  9.0323798e-07  1.1578154e-07  -0.0014198721  7.5753326e-07  -1.4343969e-06  0.0000000   -0.00069423817  -0.00053332137  
-0.00014563117  -3.6647906e-07  -0.00041450139  1.6193478e-06  1.1447870e-06  -0.0014168598  -1.4245500e-07  0.00069423817  0.0000000   -0.0016558223  
1.4758316e-05  -8.7369414e-07  -1.4451997e-06  -0.00041449311  -1.1270680e-06  7.5276082e-07  -0.0014168839  0.00053332137  0.0016558223  0.0000000   
