0.0000000   2.0930628e-05  -3.5477829e-05  9.0832961e-05  -0.00010774626  -6.9019023e-05  -2.3529873e-05  -2.5032882e-06  -2.5768388e-05  -5.1009775e-06  
-2.0930628e-05  0.0000000   -0.00010776372  0.00037539879  -0.00059357972  -0.00027385922  -1.5075917e-05  -0.0016525969  0.00088360801  0.0031775742  
3.5477829e-05  0.00010776372  0.0000000   0.0033859771  0.00023791044  -0.00031497652  0.00070720854  -8.1994109e-05  0.00024803314  0.00013184943  
-9.0832961e-05  -0.00037539879  -0.0033859771  0.0000000   -0.010782559  -0.0066661092  -0.00070185984  0.00086570857  0.00040160982  -0.0011858211  
0.00010774626  0.00059357972  -0.00023791044  0.010782559  0.0000000   -7.5094834e-05  -0.00024660975  -0.00021557097  0.00085041618  0.00027991578  
6.9019023e-05  0.00027385922  0.00031497652  0.0066661092  7.5094834e-05  0.0000000   7.9974932e-06  0.00042093209  -5.2718057e-06  0.00029987025  
2.3529873e-05  1.5075917e-05  -0.00070720854  0.00070185984  0.00024660975  -7.9974932e-06  0.0000000   0.00023252447  -0.022120486  -0.0092041562  
2.5032882e-06  0.0016525969  8.1994109e-05  -0.00086570857  0.00021557097  -0.00042093209  -0.00023252447  0.0000000   -0.00063760550  -0.00028680802  
2.5768388e-05  -0.00088360801  -0.00024803314  -0.00040160982  -0.00085041618  5.2718057e-06  0.022120486  0.00063760550  0.0000000   0.00068366629  
5.1009775e-06  -0.0031775742  -0.00013184943  0.0011858211  -0.00027991578  -0.00029987025  0.0092041562  0.00028680802  -0.00068366629  0.0000000   
