0.0000000   -1.1862257e-05  -0.00015010974  2.4398950e-05  -2.0890124e-05  -1.1425772e-05  -8.5723203e-05  -4.9443491e-06  -3.1034578e-08  -8.1091814e-06  
1.1862257e-05  0.0000000   0.00015590063  -7.3827066e-05  0.00014104377  -0.00024353471  4.6333832e-06  -4.9728806e-05  6.2342014e-06  -2.9486304e-06  
0.00015010974  -0.00015590063  0.0000000   -9.4896308e-05  0.00022993574  -4.8031117e-05  0.00040783627  1.7064447e-05  1.3841694e-05  5.6724273e-06  
-2.4398950e-05  7.3827066e-05  9.4896308e-05  0.0000000   -0.00037180513  0.00073813770  -0.00011675975  0.00013864877  -7.6641690e-05  0.00014794674  
2.0890124e-05  -0.00014104377  -0.00022993574  0.00037180513  0.0000000   0.0017131152  0.00065017714  0.00018451295  -8.2635852e-07  9.0180049e-06  
1.1425772e-05  0.00024353471  4.8031117e-05  -0.00073813770  -0.0017131152  0.0000000   0.00038088892  -9.8206421e-05  6.9996442e-05  5.8862684e-05  
8.5723203e-05  -4.6333832e-06  -0.00040783627  0.00011675975  -0.00065017714  -0.00038088892  0.0000000   0.00021721292  0.00023317268  9.4551160e-05  
4.9443491e-06  4.9728806e-05  -1.7064447e-05  -0.00013864877  -0.00018451295  9.8206421e-05  -0.00021721292  0.0000000   -0.00035407134  -0.00097567630  
3.1034578e-08  -6.2342014e-06  -1.3841694e-05  7.6641690e-05  8.2635852e-07  -6.9996442e-05  -0.00023317268  0.00035407134  0.0000000   6.5805498e-05  
8.1091814e-06  2.9486304e-06  -5.6724273e-06  -0.00014794674  -9.0180049e-06  -5.8862684e-05  -9.4551160e-05  0.00097567630  -6.5805498e-05  0.0000000   
