0.0000000   2.2515801e-08  9.1582097e-07  8.8919410e-05  1.7103242e-06  -1.3959117e-05  0.00013869473  -1.3742493e-06  0.00014115801  -2.3591144e-05  
-2.2515801e-08  0.0000000   -1.2264710e-06  -1.6773156e-06  -0.00050764453  -9.8636307e-06  5.0606107e-06  -0.00021017892  -4.2365327e-06  2.1799123e-06  
-9.1582097e-07  1.2264710e-06  0.0000000   0.00012271080  -9.8781568e-06  0.00050761206  9.5579810e-08  -4.0954549e-06  0.00021015916  1.8128834e-08  
-8.8919410e-05  1.6773156e-06  -0.00012271080  0.0000000   5.2069815e-06  8.6616217e-08  0.00050754385  1.6271285e-06  5.8814471e-08  0.00021014016  
-1.7103242e-06  0.00050764453  9.8781568e-06  -5.2069815e-06  0.0000000   -1.2254542e-06  -1.5877748e-06  0.00035059263  6.8191706e-06  -3.5942455e-06  
1.3959117e-05  9.8636307e-06  -0.00050761206  -8.6616217e-08  1.2254542e-06  0.0000000   0.00012273566  6.9049623e-06  -0.00035056570  -7.4724503e-08  
-0.00013869473  -5.0606107e-06  -9.5579810e-08  -0.00050754385  1.5877748e-06  -0.00012273566  0.0000000   -4.4177691e-06  -8.0964906e-08  -0.00035052813  
1.3742493e-06  0.00021017892  4.0954549e-06  -1.6271285e-06  -0.00035059263  -6.9049623e-06  4.4177691e-06  0.0000000   -3.8835628e-07  -1.7254172e-06  
-0.00014115801  4.2365327e-06  -0.00021015916  -5.8814471e-08  -6.8191706e-06  0.00035056570  8.0964906e-08  3.8835628e-07  0.0000000   0.00012276707  
2.3591144e-05  -2.1799123e-06  -1.8128834e-08  -0.00021014016  3.5942455e-06  7.4724503e-08  0.00035052813  1.7254172e-06  -0.00012276707  0.0000000   
