0.0000000   -1.8766870e-05  0.00024730913  -6.9008210e-05  0.00026728262  -2.1840118e-05  1.5079459e-05  -1.9749002e-05  1.6634793e-05  -9.6749268e-06  
1.8766870e-05  0.0000000   5.8772445e-05  -0.00012299234  3.2435983e-05  -1.4959092e-08  -3.0029250e-09  2.0763651e-05  -8.5457118e-09  -1.1327981e-08  
-0.00024730913  -5.8772445e-05  0.0000000   -0.0044199514  -8.5816377e-08  3.1884380e-05  9.9595778e-08  -7.0407865e-08  2.0420296e-05  -1.8095906e-07  
6.9008210e-05  0.00012299234  0.0044199514  0.0000000   -2.7805402e-07  -1.0515847e-07  3.1875700e-05  3.9251230e-08  1.7146307e-07  2.0408563e-05  
-0.00026728262  -3.2435983e-05  8.5816377e-08  2.7805402e-07  0.0000000   5.8663274e-05  -0.00012277650  0.0013988156  -6.2737668e-07  -2.9504508e-07  
2.1840118e-05  1.4959092e-08  -3.1884380e-05  1.0515847e-07  -5.8663274e-05  0.0000000   -0.0044125118  -6.3684226e-07  0.0013752855  -1.1839273e-07  
-1.5079459e-05  3.0029250e-09  -9.9595778e-08  -3.1875700e-05  0.00012277650  0.0044125118  0.0000000   -3.2741457e-07  -4.2760098e-07  0.0013749744  
1.9749002e-05  -2.0763651e-05  7.0407865e-08  -3.9251230e-08  -0.0013988156  6.3684226e-07  3.2741457e-07  0.0000000   5.8689912e-05  -0.00012277891  
-1.6634793e-05  8.5457118e-09  -2.0420296e-05  -1.7146307e-07  6.2737668e-07  -0.0013752855  4.2760098e-07  -5.8689912e-05  0.0000000   -0.0044130440  
9.6749268e-06  1.1327981e-08  1.8095906e-07  -2.0408563e-05  2.9504508e-07  1.1839273e-07  -0.0013749744  0.00012277891  0.0044130440  0.0000000   
