0.0000000   -1.5055901e-05  0.00019257598  -0.00017484124  -0.00027050522  -5.9781941e-05  -0.00013178158  -4.3390096e-05  -0.00011959151  5.4553249e-05  
1.5055901e-05  0.0000000   -4.4313138e-06  -2.8040047e-05  9.7085470e-05  -3.5745369e-08  -9.6065536e-09  9.6836601e-05  -2.7455553e-08  9.1711886e-09  
-0.00019257598  4.4313138e-06  0.0000000   -0.0055880886  1.8821390e-07  9.4611222e-05  1.9277812e-07  3.7699920e-08  9.4247954e-05  3.2837030e-07  
0.00017484124  2.8040047e-05  0.0055880886  0.0000000   2.5921857e-07  -2.0818059e-07  9.4616442e-05  9.5583262e-09  -3.4378648e-07  9.4226773e-05  
0.00027050522  -9.7085470e-05  -1.8821390e-07  -2.5921857e-07  0.0000000   -4.5711008e-06  -2.7936352e-05  0.00058136147  -6.5345980e-08  1.1314603e-07  
5.9781941e-05  3.5745369e-08  -9.4611222e-05  2.0818059e-07  4.5711008e-06  0.0000000   -0.0055869826  -1.2972679e-07  0.00056567819  -2.4425510e-07  
0.00013178158  9.6065536e-09  -1.9277812e-07  -9.4616442e-05  2.7936352e-05  0.0055869826  0.0000000   -6.0517580e-08  3.0610696e-08  0.00056554539  
4.3390096e-05  -9.6836601e-05  -3.7699920e-08  -9.5583262e-09  -0.00058136147  1.2972679e-07  6.0517580e-08  0.0000000   -4.4024413e-06  -2.7994609e-05  
0.00011959151  2.7455553e-08  -9.4247954e-05  3.4378648e-07  6.5345980e-08  -0.00056567819  -3.0610696e-08  4.4024413e-06  0.0000000   -0.0055876856  
-5.4553249e-05  -9.1711886e-09  -3.2837030e-07  -9.4226773e-05  -1.1314603e-07  2.4425510e-07  -0.00056554539  2.7994609e-05  0.0055876856  0.0000000   
