0.0000000   2.4956566e-05  1.7870377e-07  1.2442775e-05  -3.0222097e-06  -3.7812540e-06  4.9359737e-05  5.7866145e-06  -6.2084551e-05  5.3450627e-06  
-2.4956566e-05  0.0000000   8.8054376e-06  -0.00014005065  -1.4276932e-06  0.00021611183  0.00016589132  -1.5358889e-05  3.2328244e-06  -1.4170336e-06  
-1.7870377e-07  -8.8054376e-06  0.0000000   -3.0144362e-05  0.00015166989  9.3491288e-06  0.00016821384  0.0011272576  0.00042980780  -0.00085713277  
-1.2442775e-05  0.00014005065  3.0144362e-05  0.0000000   6.6834727e-05  1.7350439e-05  -0.00030546225  -0.00055802646  0.0025003355  0.00016623731  
3.0222097e-06  1.4276932e-06  -0.00015166989  -6.6834727e-05  0.0000000   1.1173487e-05  0.00067863725  -0.00029677961  6.4050860e-05  -0.00094313959  
3.7812540e-06  -0.00021611183  -9.3491288e-06  -1.7350439e-05  -1.1173487e-05  0.0000000   -1.4331836e-05  3.9918079e-05  -0.00040646057  6.4335601e-05  
-4.9359737e-05  -0.00016589132  -0.00016821384  0.00030546225  -0.00067863725  1.4331836e-05  0.0000000   0.0048058916  -0.023148363  -0.00080403957  
-5.7866145e-06  1.5358889e-05  -0.0011272576  0.00055802646  0.00029677961  -3.9918079e-05  -0.0048058916  0.0000000   -0.00092530497  -0.00019596193  
6.2084551e-05  -3.2328244e-06  -0.00042980780  -0.0025003355  -6.4050860e-05  0.00040646057  0.023148363  0.00092530497  0.0000000   0.00076605488  
-5.3450627e-06  1.4170336e-06  0.00085713277  -0.00016623731  0.00094313959  -6.4335601e-05  0.00080403957  0.00019596193  -0.00076605488  0.0000000   
