0.0000000   5.2954143e-05  -0.00015191624  -8.9093118e-06  -0.00016715331  -2.5428970e-05  7.8920292e-05  5.1681361e-05  0.00010705423  1.3994752e-06  
-5.2954143e-05  0.0000000   3.3596385e-05  -0.00016482657  -0.00013635684  5.0001131e-08  -3.9844334e-08  -0.00023097057  6.2215044e-08  3.9169046e-08  
0.00015191624  -3.3596385e-05  0.0000000   -0.0015109984  9.1826145e-09  -0.00013610506  -3.8781939e-07  3.7911716e-08  -0.00023053645  2.7458718e-07  
8.9093118e-06  0.00016482657  0.0015109984  0.0000000   1.0161967e-08  3.9659628e-07  -0.00013605135  -1.0303364e-08  -2.4598753e-07  -0.00023049627  
0.00016715331  0.00013635684  -9.1826145e-09  -1.0161967e-08  0.0000000   3.3520703e-05  -0.00016445978  0.0015827301  -4.5558529e-07  -5.8129282e-08  
2.5428970e-05  -5.0001131e-08  0.00013610506  -3.9659628e-07  -3.3520703e-05  0.0000000   -0.0015078231  -4.4768072e-07  0.0015796952  4.7263003e-08  
-7.8920292e-05  3.9844334e-08  3.8781939e-07  0.00013605135  0.00016445978  0.0015078231  0.0000000   -5.0255639e-08  -6.5677675e-08  0.0015794348  
-5.1681361e-05  0.00023097057  -3.7911716e-08  1.0303364e-08  -0.0015827301  4.4768072e-07  5.0255639e-08  0.0000000   3.3510042e-05  -0.00016447501  
-0.00010705423  -6.2215044e-08  0.00023053645  2.4598753e-07  4.5558529e-07  -0.0015796952  6.5677675e-08  -3.3510042e-05  0.0000000   -0.0015079197  
-1.3994752e-06  -3.9169046e-08  -2.7458718e-07  0.00023049627  5.8129282e-08  -4.7263003e-08  -0.0015794348  0.00016447501  0.0015079197  0.0000000   
