0.0000000   -2.1821173e-05  -5.4691723e-05  1.4515723e-05  5.9955436e-05  -3.8341094e-05  -9.1151034e-05  -1.9037556e-05  -7.2272287e-05  3.1832478e-05  
2.1821173e-05  0.0000000   -0.00020887303  -0.00033522365  -4.7071537e-05  -9.0091429e-08  -2.9172364e-08  0.00029840811  3.6268855e-07  -2.4122767e-07  
5.4691723e-05  0.00020887303  0.0000000   0.0042767587  -2.1827158e-08  -4.6313334e-05  7.8255074e-07  3.5278944e-07  0.00029369599  -2.2696955e-07  
-1.4515723e-05  0.00033522365  -0.0042767587  0.0000000   8.7831914e-08  -7.6050254e-07  -4.6287511e-05  -2.5403593e-07  7.2210877e-08  0.00029355877  
-5.9955436e-05  4.7071537e-05  2.1827158e-08  -8.7831914e-08  0.0000000   -0.00020884734  -0.00033514503  -0.00061383180  -7.1445099e-07  5.5875584e-07  
3.8341094e-05  9.0091429e-08  4.6313334e-05  7.6050254e-07  0.00020884734  0.0000000   0.0042759373  -7.6920463e-07  -0.00060416180  -2.8814560e-07  
9.1151034e-05  2.9172364e-08  -7.8255074e-07  4.6287511e-05  0.00033514503  -0.0042759373  0.0000000   4.7543881e-07  6.1689917e-07  -0.00060388955  
1.9037556e-05  -0.00029840811  -3.5278944e-07  2.5403593e-07  0.00061383180  7.6920463e-07  -4.7543881e-07  0.0000000   -0.00020888976  -0.00033525804  
7.2272287e-05  -3.6268855e-07  -0.00029369599  -7.2210877e-08  7.1445099e-07  0.00060416180  -6.1689917e-07  0.00020888976  0.0000000   0.0042771711  
-3.1832478e-05  2.4122767e-07  2.2696955e-07  -0.00029355877  -5.5875584e-07  2.8814560e-07  0.00060388955  0.00033525804  -0.0042771711  0.0000000   
