0.0000000   -3.7601708e-05  -0.00013696508  0.00016610993  -0.00018919537  -6.2864996e-05  -1.8204625e-05  0.00012885409  -4.9302261e-05  6.2022883e-05  
3.7601708e-05  0.0000000   -0.00041408685  0.00024866088  0.00049878261  2.6886035e-07  3.7340843e-07  -0.00029933935  -7.1573318e-08  -2.7092473e-07  
0.00013696508  0.00041408685  0.0000000   -0.0021292167  1.4780007e-07  0.00049682390  2.0618227e-07  -1.6194387e-07  -0.00029819066  3.8020071e-07  
-0.00016610993  -0.00024866088  0.0021292167  0.0000000   3.4854639e-07  -1.5607629e-07  0.00049687539  -1.6498336e-07  -4.0198924e-07  -0.00029821145  
0.00018919537  -0.00049878261  -1.4780007e-07  -3.4854639e-07  0.0000000   -0.00041404892  0.00024864607  -0.00040822244  -2.2701754e-07  -2.7858328e-07  
6.2864996e-05  -2.6886035e-07  -0.00049682390  1.5607629e-07  0.00041404892  0.0000000   -0.0021289904  -1.5556751e-07  -0.00040664918  -2.4181634e-07  
1.8204625e-05  -3.7340843e-07  -2.0618227e-07  -0.00049687539  -0.00024864607  0.0021289904  0.0000000   -3.1662328e-07  2.0215487e-07  -0.00040669263  
-0.00012885409  0.00029933935  1.6194387e-07  1.6498336e-07  0.00040822244  1.5556751e-07  3.1662328e-07  0.0000000   -0.00041413358  0.00024865875  
4.9302261e-05  7.1573318e-08  0.00029819066  4.0198924e-07  2.2701754e-07  0.00040664918  -2.0215487e-07  0.00041413358  0.0000000   -0.0021294271  
-6.2022883e-05  2.7092473e-07  -3.8020071e-07  0.00029821145  2.7858328e-07  2.4181634e-07  0.00040669263  -0.00024865875  0.0021294271  0.0000000   
