0.0000000   1.2509338e-05  -0.00024099197  0.00023725061  -0.00026178257  0.00018842542  -1.0284465e-05  -0.00019056585  1.5891042e-05  -3.9798261e-06  
-1.2509338e-05  0.0000000   -0.00066036807  0.00015185958  0.00075894223  -0.00017234360  -8.4153290e-05  -0.00026955876  3.1513574e-05  1.3707557e-05  
0.00024099197  0.00066036807  0.0000000   -0.0027072085  -0.013340333  -4.6049187e-05  -0.0015994296  0.0032067159  -0.00092411739  3.0275585e-05  
-0.00023725061  -0.00015185958  0.0027072085  0.0000000   0.0039491032  3.5377554e-05  0.0012738851  0.00013866175  0.00025220671  0.00010658984  
0.00026178257  -0.00075894223  0.013340333  -0.0039491032  0.0000000   -0.00098933452  0.00014565138  0.019264074  7.3452104e-05  5.1111127e-05  
-0.00018842542  0.00017234360  4.6049187e-05  -3.5377554e-05  0.00098933452  0.0000000   -2.1562111e-05  0.00015658338  -0.0013016316  -0.00041359206  
1.0284465e-05  8.4153290e-05  0.0015994296  -0.0012738851  -0.00014565138  2.1562111e-05  0.0000000   -0.0020760069  0.00094916412  0.0023741935  
0.00019056585  0.00026955876  -0.0032067159  -0.00013866175  -0.019264074  -0.00015658338  0.0020760069  0.0000000   0.00094177956  -5.1739246e-06  
-1.5891042e-05  -3.1513574e-05  0.00092411739  -0.00025220671  -7.3452104e-05  0.0013016316  -0.00094916412  -0.00094177956  0.0000000   0.0024585028  
3.9798261e-06  -1.3707557e-05  -3.0275585e-05  -0.00010658984  -5.1111127e-05  0.00041359206  -0.0023741935  5.1739246e-06  -0.0024585028  0.0000000   
