0.0000000   1.8789303e-05  0.00018138758  -0.00017057948  0.00020808620  -1.4209464e-05  -9.1235471e-05  0.00017394962  -9.9033926e-05  5.8559451e-06  
-1.8789303e-05  0.0000000   -0.00095822272  9.7665420e-05  0.00093095299  -3.2326712e-07  -3.7480280e-06  -2.5332475e-05  1.8269756e-06  -8.0349679e-08  
-0.00018138758  0.00095822272  0.0000000   0.0048389671  -3.1052663e-07  0.00091183500  -1.6448466e-07  -1.5972422e-06  -2.4887201e-05  -9.1716849e-06  
0.00017057948  -9.7665420e-05  -0.0048389671  0.0000000   -3.5106671e-06  1.0518710e-07  0.00091259453  3.2152119e-07  9.1210692e-06  -2.4882214e-05  
-0.00020808620  -0.00093095299  3.1052663e-07  3.5106671e-06  0.0000000   -0.00095385952  9.7248910e-05  -0.0023279306  7.9247384e-07  9.4032852e-06  
1.4209464e-05  3.2326712e-07  -0.00091183500  -1.0518710e-07  0.00095385952  0.0000000   0.0048169991  9.1142940e-07  -0.0022804235  2.5433868e-07  
9.1235471e-05  3.7480280e-06  1.6448466e-07  -0.00091259453  -9.7248910e-05  -0.0048169991  0.0000000   9.2680196e-06  -1.1363931e-07  -0.0022825099  
-0.00017394962  2.5332475e-05  1.5972422e-06  -3.2152119e-07  0.0023279306  -9.1142940e-07  -9.2680196e-06  0.0000000   -0.00095441123  9.7335341e-05  
9.9033926e-05  -1.8269756e-06  2.4887201e-05  -9.1210692e-06  -7.9247384e-07  0.0022804235  1.1363931e-07  0.00095441123  0.0000000   0.0048202938  
-5.8559451e-06  8.0349679e-08  9.1716849e-06  2.4882214e-05  -9.4032852e-06  -2.5433868e-07  0.0022825099  -9.7335341e-05  -0.0048202938  0.0000000   
