0.0000000   -1.3697205e-05  0.00010233090  1.8635136e-05  2.9640427e-06  2.6702263e-05  9.8431566e-05  -4.4309116e-06  1.6674936e-05  -5.8795552e-06  
1.3697205e-05  0.0000000   0.00018340858  -0.00058026675  -0.00011914525  -0.00014493242  -1.1094393e-05  0.00011818074  -2.6238486e-05  -9.2619299e-06  
-0.00010233090  -0.00018340858  0.0000000   -0.00017228825  0.00026384939  0.00020030567  -0.00044095855  -1.7277224e-05  -1.9933350e-05  -3.8351652e-05  
-1.8635136e-05  0.00058026675  0.00017228825  0.0000000   -0.00042441397  0.00055513322  8.7990318e-05  -0.00014451132  -0.00014448483  0.00021604976  
-2.9640427e-06  0.00011914525  -0.00026384939  0.00042441397  0.0000000   -0.0035990164  -0.00015867416  -5.7125332e-05  -0.00013903329  1.8010752e-05  
-2.6702263e-05  0.00014493242  -0.00020030567  -0.00055513322  0.0035990164  0.0000000   -9.5097089e-05  -2.3038062e-05  0.00013390835  0.00024609230  
-9.8431566e-05  1.1094393e-05  0.00044095855  -8.7990318e-05  0.00015867416  9.5097089e-05  0.0000000   2.6536804e-05  -4.4096423e-05  -0.00013199062  
4.4309116e-06  -0.00011818074  1.7277224e-05  0.00014451132  5.7125332e-05  2.3038062e-05  -2.6536804e-05  0.0000000   -0.0014887263  0.00019498224  
-1.6674936e-05  2.6238486e-05  1.9933350e-05  0.00014448483  0.00013903329  -0.00013390835  4.4096423e-05  0.0014887263  0.0000000   0.0056076659  
5.8795552e-06  9.2619299e-06  3.8351652e-05  -0.00021604976  -1.8010752e-05  -0.00024609230  0.00013199062  -0.00019498224  -0.0056076659  0.0000000   
