0.0000000   2.2742600e-06  -3.7654211e-05  -1.6504198e-05  1.1221501e-06  2.5693122e-05  -9.1078000e-06  4.4061975e-07  -4.0593928e-06  7.3042675e-06  
-2.2742600e-06  0.0000000   -0.00078996598  0.00097917657  -0.00039506252  -0.00074595450  3.8776883e-06  0.00015405223  -0.00028643581  -7.6680383e-05  
3.7654211e-05  0.00078996598  0.0000000   -0.0078767296  0.0029117530  -0.00046101716  0.00020339839  -0.00077626528  -0.00045492495  0.00036928335  
1.6504198e-05  -0.00097917657  0.0078767296  0.0000000   0.0018805478  -0.0060262033  -0.00027313085  -0.00074627447  0.00056322325  7.9285603e-05  
-1.1221501e-06  0.00039506252  -0.0029117530  -0.0018805478  0.0000000   0.0034026452  2.9567365e-05  0.00078944751  0.00049395759  -4.6778148e-05  
-2.5693122e-05  0.00074595450  0.00046101716  0.0060262033  -0.0034026452  0.0000000   -6.0516254e-05  0.00066463170  0.00067572527  -0.00033167765  
9.1078000e-06  -3.8776883e-06  -0.00020339839  0.00027313085  -2.9567365e-05  6.0516254e-05  0.0000000   0.00010940764  0.00031394282  0.0020763071  
-4.4061975e-07  -0.00015405223  0.00077626528  0.00074627447  -0.00078944751  -0.00066463170  -0.00010940764  0.0000000   0.00028270768  0.00042951770  
4.0593928e-06  0.00028643581  0.00045492495  -0.00056322325  -0.00049395759  -0.00067572527  -0.00031394282  -0.00028270768  0.0000000   -3.3693656e-05  
-7.3042675e-06  7.6680383e-05  -0.00036928335  -7.9285603e-05  4.6778148e-05  0.00033167765  -0.0020763071  -0.00042951770  3.3693656e-05  0.0000000   
