0.0000000   -4.2962250e-05  0.00011763988  1.0845918e-05  -3.9442807e-06  5.3975904e-06  -1.6147220e-05  -0.00016914606  -1.8818993e-05  6.7013376e-06  
4.2962250e-05  0.0000000   1.4155194e-06  -5.9516863e-05  5.5813469e-06  -0.00043691464  0.00090848586  0.00011804712  -8.5474366e-05  0.00024390836  
-0.00011763988  -1.4155194e-06  0.0000000   0.0043068100  0.014507049  -1.1810587e-05  -0.0013905691  0.00055357654  -0.00055479817  -5.8449150e-05  
-1.0845918e-05  5.9516863e-05  -0.0043068100  0.0000000   0.00058228994  8.7464438e-07  -8.5137218e-07  -0.0016691433  0.00019976943  -0.00027370798  
3.9442807e-06  -5.5813469e-06  -0.014507049  -0.00058228994  0.0000000   -0.00034349009  0.00042057438  0.016301375  -0.00098231321  0.00049980792  
-5.3975904e-06  0.00043691464  1.1810587e-05  -8.7464438e-07  0.00034349009  0.0000000   -0.0030547493  -0.00040753332  -0.0016692911  0.017120645  
1.6147220e-05  -0.00090848586  0.0013905691  8.5137218e-07  -0.00042057438  0.0030547493  0.0000000   -0.0012938461  -0.023183334  0.00085450315  
0.00016914606  -0.00011804712  -0.00055357654  0.0016691433  -0.016301375  0.00040753332  0.0012938461  0.0000000   0.00044241468  0.00041678308  
1.8818993e-05  8.5474366e-05  0.00055479817  -0.00019976943  0.00098231321  0.0016692911  0.023183334  -0.00044241468  0.0000000   0.0046628185  
-6.7013376e-06  -0.00024390836  5.8449150e-05  0.00027370798  -0.00049980792  -0.017120645  -0.00085450315  -0.00041678308  -0.0046628185  0.0000000   
