0.0000000   -3.1523899e-06  0.00024741530  0.00027604368  0.00037992579  -4.9124368e-05  0.00011486791  -0.00017866456  0.00010147754  5.1383568e-05  
3.1523899e-06  0.0000000   0.00022445593  0.00018285423  -0.00023811435  2.9605334e-08  -1.8559072e-08  4.8328062e-05  4.0989088e-09  1.2515144e-08  
-0.00024741530  -0.00022445593  0.0000000   0.00057124637  -1.5230636e-08  -0.00023797471  3.8365269e-09  2.4197402e-09  4.8307151e-05  -2.3226207e-08  
-0.00027604368  -0.00018285423  -0.00057124637  0.0000000   5.1981151e-08  2.6344476e-08  -0.00023801937  -4.4421342e-08  1.4303658e-08  4.8298357e-05  
-0.00037992579  0.00023811435  1.5230636e-08  -5.1981151e-08  0.0000000   0.00022448776  0.00018286736  0.00014391237  -1.9280668e-09  -2.8704791e-08  
4.9124368e-05  -2.9605334e-08  0.00023797471  -2.6344476e-08  -0.00022448776  0.0000000   0.00057141075  -1.2007262e-08  0.00014383235  -1.3753380e-08  
-0.00011486791  1.8559072e-08  -3.8365269e-09  0.00023801937  -0.00018286736  -0.00057141075  0.0000000   1.1694204e-08  -4.4607014e-09  0.00014385782  
0.00017866456  -4.8328062e-05  -2.4197402e-09  4.4421342e-08  -0.00014391237  1.2007262e-08  -1.1694204e-08  0.0000000   0.00022443547  0.00018285875  
-0.00010147754  -4.0989088e-09  -4.8307151e-05  -1.4303658e-08  1.9280668e-09  -0.00014383235  4.4607014e-09  -0.00022443547  0.0000000   0.00057131171  
-5.1383568e-05  -1.2515144e-08  2.3226207e-08  -4.8298357e-05  2.8704791e-08  1.3753380e-08  -0.00014385782  -0.00018285875  -0.00057131171  0.0000000   
