0.0000000   -3.4467045e-05  -0.00044900126  2.4059764e-05  3.3315067e-05  -6.2422523e-06  -0.00020772838  -0.00039111650  -1.6229752e-05  8.5597645e-05  
3.4467045e-05  0.0000000   7.4168265e-05  -0.00012445680  -6.1218732e-06  -4.9156050e-06  -0.00014265899  -6.1670871e-05  -7.8093612e-06  0.00015633946  
0.00044900126  -7.4168265e-05  0.0000000   0.0031092521  0.00083454389  5.6474171e-05  -1.4367750e-05  -0.0012866936  8.6920747e-06  -0.00016747531  
-2.4059764e-05  0.00012445680  -0.0031092521  0.0000000   0.0011122949  -0.00028513794  0.00015368750  -0.00094369667  -0.00033500786  -5.7196672e-06  
-3.3315067e-05  6.1218732e-06  -0.00083454389  -0.0011122949  0.0000000   0.0033232977  0.00017684302  -0.00086416361  0.0022471820  -2.5361983e-05  
6.2422523e-06  4.9156050e-06  -5.6474171e-05  0.00028513794  -0.0033232977  0.0000000   0.0016275506  0.00025292479  -0.0011817141  0.00060157058  
0.00020772838  0.00014265899  1.4367750e-05  -0.00015368750  -0.00017684302  -0.0016275506  0.0000000   -0.0021378923  -0.0019221246  -0.0021483534  
0.00039111650  6.1670871e-05  0.0012866936  0.00094369667  0.00086416361  -0.00025292479  0.0021378923  0.0000000   -0.00013072175  -0.00012386349  
1.6229752e-05  7.8093612e-06  -8.6920747e-06  0.00033500786  -0.0022471820  0.0011817141  0.0019221246  0.00013072175  0.0000000   -0.0018805853  
-8.5597645e-05  -0.00015633946  0.00016747531  5.7196672e-06  2.5361983e-05  -0.00060157058  0.0021483534  0.00012386349  0.0018805853  0.0000000   
