0.0000000   -1.7687345e-05  -8.5988343e-06  -0.00021740818  7.9645183e-06  0.00011753670  -3.4408448e-06  -7.2893522e-07  -0.00021743300  1.7070674e-07  
1.7687345e-05  0.0000000   -2.0843560e-05  -0.00045224562  1.7631081e-05  -8.5902089e-05  4.5845489e-06  -3.1466399e-05  3.6282709e-05  -3.7756919e-07  
8.5988343e-06  2.0843560e-05  0.0000000   -2.7600456e-05  -0.00096657896  7.1416264e-05  -0.00019473563  0.00025856284  1.4482687e-05  -0.00023294164  
0.00021740818  0.00045224562  2.7600456e-05  0.0000000   6.9943929e-05  0.00038957701  2.5984678e-05  -7.6810316e-06  9.5999925e-05  4.3914816e-06  
-7.9645183e-06  -1.7631081e-05  0.00096657896  -6.9943929e-05  0.0000000   -4.9465221e-06  0.00085525210  6.6339363e-05  -2.1132892e-05  -0.00018966962  
-0.00011753670  8.5902089e-05  -7.1416264e-05  -0.00038957701  4.9465221e-06  0.0000000   -1.6570669e-05  -2.0995392e-05  -0.00041059436  2.7827142e-05  
3.4408448e-06  -4.5845489e-06  0.00019473563  -2.5984678e-05  -0.00085525210  1.6570669e-05  0.0000000   -0.0021328193  -2.6512570e-05  -0.00058590146  
7.2893522e-07  3.1466399e-05  -0.00025856284  7.6810316e-06  -6.6339363e-05  2.0995392e-05  0.0021328193  0.0000000   2.1226182e-05  0.0015057551  
0.00021743300  -3.6282709e-05  -1.4482687e-05  -9.5999925e-05  2.1132892e-05  0.00041059436  2.6512570e-05  -2.1226182e-05  0.0000000   1.7578972e-05  
-1.7070674e-07  3.7756919e-07  0.00023294164  -4.3914816e-06  0.00018966962  -2.7827142e-05  0.00058590146  -0.0015057551  -1.7578972e-05  0.0000000   
