0.0000000   1.6233010e-07  2.7820135e-07  4.5634486e-07  -4.8340292e-05  3.6585965e-05  3.1264972e-05  2.7958325e-06  -1.4435347e-07  -1.7893896e-06  
-1.6233010e-07  0.0000000   0.00047150463  -0.00042565686  -7.2499865e-06  9.6553476e-06  -8.7918251e-06  -0.00027339154  -4.1876001e-07  9.6519580e-08  
-2.7820135e-07  -0.00047150463  0.0000000   0.0010734214  -9.5825445e-06  -7.3834473e-06  2.2000652e-05  1.4354078e-07  -0.00027311626  -6.4392657e-07  
-4.5634486e-07  0.00042565686  -0.0010734214  0.0000000   8.5528225e-06  -2.1927985e-05  -7.1653832e-06  -4.0578537e-07  6.4424537e-07  -0.00027310296  
4.8340292e-05  7.2499865e-06  9.5825445e-06  -8.5528225e-06  0.0000000   -0.00047102943  0.00042521968  -7.1406675e-06  2.3149853e-05  -2.0852841e-05  
-3.6585965e-05  -9.6553476e-06  7.3834473e-06  2.1927985e-05  0.00047102943  0.0000000   -0.0010723383  -2.2988631e-05  -7.0525252e-06  5.2562278e-05  
-3.1264972e-05  8.7918251e-06  -2.2000652e-05  7.1653832e-06  -0.00042521968  0.0010723383  0.0000000   2.0921714e-05  -5.2600180e-05  -6.9952118e-06  
-2.7958325e-06  0.00027339154  -1.4354078e-07  4.0578537e-07  7.1406675e-06  2.2988631e-05  -2.0921714e-05  0.0000000   0.00047107612  -0.00042526678  
1.4435347e-07  4.1876001e-07  0.00027311626  -6.4424537e-07  -2.3149853e-05  7.0525252e-06  5.2600180e-05  -0.00047107612  0.0000000   0.0010724538  
1.7893896e-06  -9.6519580e-08  6.4392657e-07  0.00027310296  2.0852841e-05  -5.2562278e-05  6.9952118e-06  0.00042526678  -0.0010724538  0.0000000   
