0.0000000   -2.1822610e-05  -5.4682573e-05  1.4472875e-05  5.9955031e-05  -3.8363195e-05  -9.1108263e-05  -1.9031121e-05  -7.2375289e-05  3.1743004e-05  
2.1822610e-05  0.0000000   -0.00020886670  -0.00033522058  -4.7060338e-05  -8.4364483e-08  -1.9307430e-08  0.00029841809  3.6052444e-07  -2.4669070e-07  
5.4682573e-05  0.00020886670  0.0000000   0.0042765682  -2.8249563e-08  -4.6295041e-05  7.0514326e-07  3.5600077e-07  0.00029368456  -1.5894184e-07  
-1.4472875e-05  0.00033522058  -0.0042765682  0.0000000   8.1778039e-08  -6.7799020e-07  -4.6272204e-05  -2.4725481e-07  -1.3007052e-08  0.00029355631  
-5.9955031e-05  4.7060338e-05  2.8249563e-08  -8.1778039e-08  0.0000000   -0.00020884694  -0.00033514700  -0.00061385052  -7.2170887e-07  5.3436752e-07  
3.8363195e-05  8.4364483e-08  4.6295041e-05  6.7799020e-07  0.00020884694  0.0000000   0.0042758402  -7.5697297e-07  -0.00060414240  -1.8103846e-08  
9.1108263e-05  1.9307430e-08  -7.0514326e-07  4.6272204e-05  0.00033514700  -0.0042758402  0.0000000   4.9236814e-07  3.8496483e-07  -0.00060388164  
1.9031121e-05  -0.00029841809  -3.5600077e-07  2.4725481e-07  0.00061385052  7.5697297e-07  -4.9236814e-07  0.0000000   -0.00020888775  -0.00033525811  
7.2375289e-05  -3.6052444e-07  -0.00029368456  1.3007052e-08  7.2170887e-07  0.00060414240  -3.8496483e-07  0.00020888775  0.0000000   0.0042770367  
-3.1743004e-05  2.4669070e-07  1.5894184e-07  -0.00029355631  -5.3436752e-07  1.8103846e-08  0.00060388164  0.00033525811  -0.0042770367  0.0000000   
