0.0000000   7.3871918e-06  5.8346547e-05  -4.3775408e-05  -2.8721616e-05  3.7807001e-05  0.00013085089  8.9802430e-05  6.4892256e-05  -3.5755395e-05  
-7.3871918e-06  0.0000000   0.00036046732  0.00023732292  -3.8627350e-05  0.00034486913  -3.8392635e-05  -0.00013141532  -2.5618370e-05  1.5379022e-05  
-5.8346547e-05  -0.00036046732  0.0000000   0.0017201352  0.00054122103  -5.6023104e-06  -0.00014734697  6.5411569e-05  -0.00026580255  0.00020015291  
4.3775408e-05  -0.00023732292  -0.0017201352  0.0000000   -0.00060139336  -3.1868374e-07  0.00032387128  0.00016469320  5.7659819e-05  0.00021776089  
2.8721616e-05  3.8627350e-05  -0.00054122103  0.00060139336  0.0000000   -3.3985353e-05  -0.0010366525  -0.00010484212  7.8611518e-05  0.00043475669  
-3.7807001e-05  -0.00034486913  5.6023104e-06  3.1868374e-07  3.3985353e-05  0.0000000   0.00012489534  -0.00037196420  -0.00075104992  -0.00024634557  
-0.00013085089  3.8392635e-05  0.00014734697  -0.00032387128  0.0010366525  -0.00012489534  0.0000000   0.00025052082  0.0031572426  0.0023160006  
-8.9802430e-05  0.00013141532  -6.5411569e-05  -0.00016469320  0.00010484212  0.00037196420  -0.00025052082  0.0000000   0.00012266989  8.6137018e-05  
-6.4892256e-05  2.5618370e-05  0.00026580255  -5.7659819e-05  -7.8611518e-05  0.00075104992  -0.0031572426  -0.00012266989  0.0000000   0.0015407308  
3.5755395e-05  -1.5379022e-05  -0.00020015291  -0.00021776089  -0.00043475669  0.00024634557  -0.0023160006  -8.6137018e-05  -0.0015407308  0.0000000   
