0.0000000   1.8495662e-05  -6.3222288e-05  6.2794270e-05  -6.3996727e-05  7.4388256e-05  0.00012370393  -4.0819804e-05  -9.4127671e-05  -2.8766814e-05  
-1.8495662e-05  0.0000000   -0.00056594574  9.4748215e-05  0.00063250676  -6.4005164e-05  3.2568450e-05  1.4504371e-05  1.6091821e-05  1.7254651e-05  
6.3222288e-05  0.00056594574  0.0000000   -0.0039891117  0.00045221863  2.1630037e-05  3.7612012e-05  -0.00031875708  2.9140531e-06  -1.8289348e-05  
-6.2794270e-05  -9.4748215e-05  0.0039891117  0.0000000   -0.00068623928  -1.5182863e-05  0.00068799557  6.9473442e-05  2.4699821e-05  2.0791878e-05  
6.3996727e-05  -0.00063250676  -0.00045221863  0.00068623928  0.0000000   -0.0010985570  2.7625208e-05  0.00015151602  -3.2474839e-06  1.6473381e-05  
-7.4388256e-05  6.4005164e-05  -2.1630037e-05  1.5182863e-05  0.0010985570  0.0000000   -7.8784367e-06  -1.0471396e-06  -0.00069771806  -0.00018692074  
-0.00012370393  -3.2568450e-05  -3.7612012e-05  -0.00068799557  -2.7625208e-05  7.8784367e-06  0.0000000   -0.0032705066  0.00020315657  0.0011890636  
4.0819804e-05  -1.4504371e-05  0.00031875708  -6.9473442e-05  -0.00015151602  1.0471396e-06  0.0032705066  0.0000000   0.0011332196  -6.7857895e-06  
9.4127671e-05  -1.6091821e-05  -2.9140531e-06  -2.4699821e-05  3.2474839e-06  0.00069771806  -0.00020315657  -0.0011332196  0.0000000   0.0033099587  
2.8766814e-05  -1.7254651e-05  1.8289348e-05  -2.0791878e-05  -1.6473381e-05  0.00018692074  -0.0011890636  6.7857895e-06  -0.0033099587  0.0000000   
