0.0000000   -3.6358063e-05  -0.00015637549  1.6190665e-05  -3.5472340e-07  -9.6223339e-06  8.3456607e-05  -2.5289583e-05  5.6269815e-06  7.2146334e-06  
3.6358063e-05  0.0000000   0.00024853572  0.00024737373  0.00014827354  -0.00011636914  -7.2511785e-06  -1.0395801e-05  -2.6949252e-06  1.0504574e-05  
0.00015637549  -0.00024853572  0.0000000   -0.00020954832  0.00020960209  -9.1539132e-05  0.00014220646  -4.7156645e-05  2.8435956e-05  -3.2602725e-05  
-1.6190665e-05  -0.00024737373  0.00020954832  0.0000000   0.00037751928  0.00062404986  0.00014267893  9.1976992e-05  -0.00010221965  -0.00020035859  
3.5472340e-07  -0.00014827354  -0.00020960209  -0.00037751928  0.0000000   0.0016884231  -0.00028848251  -8.1772493e-05  -1.3811802e-05  3.2308091e-05  
9.6223339e-06  0.00011636914  9.1539132e-05  -0.00062404986  -0.0016884231  0.0000000   3.9211568e-05  -0.00011610489  -8.3596624e-05  0.00020752625  
-8.3456607e-05  7.2511785e-06  -0.00014220646  -0.00014267893  0.00028848251  -3.9211568e-05  0.0000000   9.8603363e-05  -1.0880296e-06  -5.4181530e-05  
2.5289583e-05  1.0395801e-05  4.7156645e-05  -9.1976992e-05  8.1772493e-05  0.00011610489  -9.8603363e-05  0.0000000   -0.0010458873  8.6517669e-05  
-5.6269815e-06  2.6949252e-06  -2.8435956e-05  0.00010221965  1.3811802e-05  8.3596624e-05  1.0880296e-06  0.0010458873  0.0000000   0.0041251823  
-7.2146334e-06  -1.0504574e-05  3.2602725e-05  0.00020035859  -3.2308091e-05  -0.00020752625  5.4181530e-05  -8.6517669e-05  -0.0041251823  0.0000000   
