0.0000000   -2.8563586e-06  -1.8085407e-05  -7.3293227e-06  1.1823473e-05  -2.5914944e-06  2.8031336e-06  -7.4282986e-06  -1.0735882e-05  1.1256550e-05  
2.8563586e-06  0.0000000   7.9985977e-05  2.9127535e-05  0.00023594905  0.00015944174  8.3874969e-05  0.0010536533  -0.0030025723  -0.0038585848  
1.8085407e-05  -7.9985977e-05  0.0000000   -2.3695641e-06  -0.00021189219  -0.00019542270  -4.8092158e-05  0.0010253999  -0.00098223738  0.00016095295  
7.3293227e-06  -2.9127535e-05  2.3695641e-06  0.0000000   0.00013704171  -0.00014950416  0.00076698663  -0.0025563708  0.00075990814  -0.00046726804  
-1.1823473e-05  -0.00023594905  0.00021189219  -0.00013704171  0.0000000   -0.00023817686  0.00096574486  -0.017629148  -0.0013017673  0.0014142520  
2.5914944e-06  -0.00015944174  0.00019542270  0.00014950416  0.00023817686  0.0000000   0.0019453529  -0.00080104377  0.0025970439  -0.022673910  
-2.8031336e-06  -8.3874969e-05  4.8092158e-05  -0.00076698663  -0.00096574486  -0.0019453529  0.0000000   -0.00036844132  0.023095003  0.00093263936  
7.4282986e-06  -0.0010536533  -0.0010253999  0.0025563708  0.017629148  0.00080104377  0.00036844132  0.0000000   0.00088273453  0.00067188363  
1.0735882e-05  0.0030025723  0.00098223738  -0.00075990814  0.0013017673  -0.0025970439  -0.023095003  -0.00088273453  0.0000000   -0.0023134838  
-1.1256550e-05  0.0038585848  -0.00016095295  0.00046726804  -0.0014142520  0.022673910  -0.00093263936  -0.00067188363  0.0023134838  0.0000000   
