0.0000000   4.5388316e-05  -0.00015291994  5.6731060e-05  0.00010866658  2.1171601e-05  6.4870319e-05  -3.9243165e-05  7.2015758e-05  -5.0453953e-05  
-4.5388316e-05  0.0000000   0.00038274022  -5.1376012e-05  0.00031278901  7.0951800e-08  4.4420351e-07  7.6929900e-06  -3.8798499e-08  -3.7825499e-10  
0.00015291994  -0.00038274022  0.0000000   0.0044427971  4.5257183e-08  0.00030741560  -7.7395891e-08  3.7217460e-08  7.5735544e-06  -3.5744816e-07  
-5.6731060e-05  5.1376012e-05  -0.0044427971  0.0000000   3.7603314e-07  7.2933089e-08  0.00030741289  3.2950927e-08  3.6037077e-07  7.5748296e-06  
-0.00010866658  -0.00031278901  -4.5257183e-08  -3.7603314e-07  0.0000000   0.00038274973  -5.1408549e-05  -8.9281559e-05  -3.6809353e-08  -1.5772577e-07  
-2.1171601e-05  -7.0951800e-08  -0.00030741560  -7.2933089e-08  -0.00038274973  0.0000000   0.0044427605  -1.2852904e-08  -8.7786389e-05  4.4591289e-08  
-6.4870319e-05  -4.4420351e-07  7.7395891e-08  -0.00030741289  5.1408549e-05  -0.0044427605  0.0000000   -1.2267273e-07  -5.2359534e-08  -8.7787663e-05  
3.9243165e-05  -7.6929900e-06  -3.7217460e-08  -3.2950927e-08  8.9281559e-05  1.2852904e-08  1.2267273e-07  0.0000000   0.00038276810  -5.1395295e-05  
-7.2015758e-05  3.8798499e-08  -7.5735544e-06  -3.6037077e-07  3.6809353e-08  8.7786389e-05  5.2359534e-08  -0.00038276810  0.0000000   0.0044431860  
5.0453953e-05  3.7825499e-10  3.5744816e-07  -7.5748296e-06  1.5772577e-07  -4.4591289e-08  8.7787663e-05  5.1395295e-05  -0.0044431860  0.0000000   
