0.0000000   5.0246452e-05  1.4704880e-05  2.0223699e-06  1.3708117e-05  7.4372510e-06  -1.2182875e-05  -1.4507614e-05  -0.00013619043  0.00011882751  
-5.0246452e-05  0.0000000   -9.8203031e-05  9.8609447e-05  -6.8660410e-05  0.00017221564  0.00033628272  -0.00014294962  0.00049775289  -0.00027298988  
-1.4704880e-05  9.8203031e-05  0.0000000   -0.00096520817  -0.00047370265  7.4930698e-05  0.00015638219  -0.0015302560  0.00010674015  -5.2962242e-05  
-2.0223699e-06  -9.8609447e-05  0.00096520817  0.0000000   -0.0013061569  5.4633642e-05  -0.00024762214  -0.00018322506  -0.00011390053  -3.0800264e-06  
-1.3708117e-05  6.8660410e-05  0.00047370265  0.0013061569  0.0000000   0.00025889222  0.00028576498  8.8273743e-05  -0.00013638858  -7.3498346e-05  
-7.4372510e-06  -0.00017221564  -7.4930698e-05  -5.4633642e-05  -0.00025889222  0.0000000   0.0018189421  -0.00025644405  0.00019941178  -0.0020322077  
1.2182875e-05  -0.00033628272  -0.00015638219  0.00024762214  -0.00028576498  -0.0018189421  0.0000000   7.8402466e-05  -0.0010906187  -0.0030848963  
1.4507614e-05  0.00014294962  0.0015302560  0.00018322506  -8.8273743e-05  0.00025644405  -7.8402466e-05  0.0000000   0.00023733617  -2.7834522e-06  
0.00013619043  -0.00049775289  -0.00010674015  0.00011390053  0.00013638858  -0.00019941178  0.0010906187  -0.00023733617  0.0000000   -0.0017315269  
-0.00011882751  0.00027298988  5.2962242e-05  3.0800264e-06  7.3498346e-05  0.0020322077  0.0030848963  2.7834522e-06  0.0017315269  0.0000000   
