0.0000000   -2.5196539e-05  2.7453553e-06  -0.00016972930  -0.00020301926  -0.00014585140  6.6809906e-05  4.3311495e-06  2.4794195e-05  0.00012010394  
2.5196539e-05  0.0000000   -0.00010537059  0.00011829802  -0.00012943040  -3.7251436e-07  -1.2115784e-07  0.00013050847  3.7272409e-07  3.7284442e-07  
-2.7453553e-06  0.00010537059  0.0000000   -0.020737443  5.6198809e-07  -6.5715907e-05  -1.6874442e-05  3.8259480e-07  6.6728599e-05  -1.2972311e-05  
0.00016972930  -0.00011829802  0.020737443  0.0000000   -4.1322156e-07  1.6933147e-05  -6.5520283e-05  4.5058771e-07  1.3181609e-05  6.6624282e-05  
0.00020301926  0.00012943040  -5.6198809e-07  4.1322156e-07  0.0000000   -0.00010074895  0.00011457143  -0.0066989688  -1.6490964e-05  -1.7080909e-05  
0.00014585140  3.7251436e-07  6.5715907e-05  -1.6933147e-05  0.00010074895  0.0000000   -0.019923658  -1.7139007e-05  -0.0034308683  -1.1224023e-07  
-6.6809906e-05  1.2115784e-07  1.6874442e-05  6.5520283e-05  -0.00011457143  0.019923658  0.0000000   -1.6912763e-05  5.3381600e-08  -0.0034300803  
-4.3311495e-06  -0.00013050847  -3.8259480e-07  -4.5058771e-07  0.0066989688  1.7139007e-05  1.6912763e-05  0.0000000   -0.00010110919  0.00011377590  
-2.4794195e-05  -3.7272409e-07  -6.6728599e-05  -1.3181609e-05  1.6490964e-05  0.0034308683  -5.3381600e-08  0.00010110919  0.0000000   -0.019919708  
-0.00012010394  -3.7284442e-07  1.2972311e-05  -6.6624282e-05  1.7080909e-05  1.1224023e-07  0.0034300803  -0.00011377590  0.019919708  0.0000000   
