0.0000000   -8.2916964e-06  -0.00040522788  7.7702891e-05  -0.00037959089  -2.0664668e-05  -5.6316644e-05  0.00014866120  -7.0865653e-05  3.5215176e-05  
8.2916964e-06  0.0000000   -3.5694048e-05  -0.00041636146  -0.00032570649  -6.1147182e-07  2.2551816e-07  -0.00043119389  -8.4550466e-07  -1.1353327e-07  
0.00040522788  3.5694048e-05  0.0000000   0.0054208082  -4.2798610e-07  -0.00031727706  -2.2477639e-06  -7.2159923e-07  -0.00042016253  2.0648850e-06  
-7.7702891e-05  0.00041636146  -0.0054208082  0.0000000   5.9619902e-07  2.3773896e-06  -0.00031714306  -9.4705030e-08  -1.9839366e-06  -0.00042000809  
0.00037959089  0.00032570649  4.2798610e-07  -5.9619902e-07  0.0000000   -3.5552884e-05  -0.00041595742  -0.0011685249  -2.2630135e-06  8.9753268e-08  
2.0664668e-05  6.1147182e-07  0.00031727706  -2.3773896e-06  3.5552884e-05  0.0000000   0.0054165200  -2.2109536e-06  -0.0011389229  -8.3195356e-07  
5.6316644e-05  -2.2551816e-07  2.2477639e-06  0.00031714306  0.00041595742  -0.0054165200  0.0000000   1.0614349e-07  1.1637635e-06  -0.0011383115  
-0.00014866120  0.00043119389  7.2159923e-07  9.4705030e-08  0.0011685249  2.2109536e-06  -1.0614349e-07  0.0000000   -3.5701629e-05  -0.00041581469  
7.0865653e-05  8.4550466e-07  0.00042016253  1.9839366e-06  2.2630135e-06  0.0011389229  -1.1637635e-06  3.5701629e-05  0.0000000   0.0054157098  
-3.5215176e-05  1.1353327e-07  -2.0648850e-06  0.00042000809  -8.9753268e-08  8.3195356e-07  0.0011383115  0.00041581469  -0.0054157098  0.0000000   
