0.0000000   -1.0857544e-05  -6.5511093e-05  -6.0217464e-05  3.0434189e-05  8.9051001e-05  2.6673861e-05  -2.5938317e-05  3.3006462e-05  4.0913934e-05  
1.0857544e-05  0.0000000   -0.00018557767  3.0352144e-05  9.7977843e-05  -0.00010715563  -0.00011995079  2.1733499e-05  -9.6960487e-05  -4.1641084e-05  
6.5511093e-05  0.00018557767  0.0000000   0.0019220091  -0.00053771947  2.7641285e-05  -0.00057213343  -0.0029458441  0.00069050444  1.2039543e-05  
6.0217464e-05  -3.0352144e-05  -0.0019220091  0.0000000   -0.00066912048  6.8782936e-05  0.00017825799  0.0013222342  -0.00011932252  2.4850754e-05  
-3.0434189e-05  -9.7977843e-05  0.00053771947  0.00066912048  0.0000000   -7.7662290e-05  -0.00070881481  -0.0041854922  0.00068699765  3.8229333e-05  
-8.9051001e-05  0.00010715563  -2.7641285e-05  -6.8782936e-05  7.7662290e-05  0.0000000   -0.00033443933  -6.6422013e-05  -0.00091188962  -7.3535737e-05  
-2.6673861e-05  0.00011995079  0.00057213343  -0.00017825799  0.00070881481  0.00033443933  0.0000000   -0.00037148511  -3.8704057e-05  0.00093817804  
2.5938317e-05  -2.1733499e-05  0.0029458441  -0.0013222342  0.0041854922  6.6422013e-05  0.00037148511  0.0000000   -0.00014667111  7.6596769e-05  
-3.3006462e-05  9.6960487e-05  -0.00069050444  0.00011932252  -0.00068699765  0.00091188962  3.8704057e-05  0.00014667111  0.0000000   -0.00037350904  
-4.0913934e-05  4.1641084e-05  -1.2039543e-05  -2.4850754e-05  -3.8229333e-05  7.3535737e-05  -0.00093817804  -7.6596769e-05  0.00037350904  0.0000000   
