0.0000000   -6.3009441e-05  3.5263931e-05  -9.9279140e-05  -4.5335233e-05  -7.4427955e-05  -0.00019708497  -5.5238285e-05  -0.00018132543  5.9497693e-05  
6.3009441e-05  0.0000000   -0.00046067756  -0.00033248738  -0.00027974168  5.9763009e-07  7.7203030e-08  0.00041950693  4.0136621e-08  5.5071387e-07  
-3.5263931e-05  0.00046067756  0.0000000   -0.0020401712  -2.3696712e-07  -0.00027876226  1.9207879e-06  -5.8919481e-07  0.00041807522  1.3822852e-06  
9.9279140e-05  0.00033248738  0.0020401712  0.0000000   -5.0224871e-07  -1.7977743e-06  -0.00027878049  7.3036992e-08  -1.5051758e-06  0.00041809500  
4.5335233e-05  0.00027974168  2.3696712e-07  5.0224871e-07  0.0000000   -0.00045788344  -0.00033046953  0.0026946803  -1.8013026e-06  2.0237237e-06  
7.4427955e-05  -5.9763009e-07  0.00027876226  1.7977743e-06  0.00045788344  0.0000000   -0.0020278082  -1.7236580e-06  0.0026852813  -6.2968840e-07  
0.00019708497  -7.7203030e-08  -1.9207879e-06  0.00027878049  0.00033046953  0.0020278082  0.0000000   2.0457148e-06  -3.0079275e-07  0.0026856489  
5.5238285e-05  -0.00041950693  5.8919481e-07  -7.3036992e-08  -0.0026946803  1.7236580e-06  -2.0457148e-06  0.0000000   -0.00045780530  -0.00033044042  
0.00018132543  -4.0136621e-08  -0.00041807522  1.5051758e-06  1.8013026e-06  -0.0026852813  3.0079275e-07  0.00045780530  0.0000000   -0.0020276319  
-5.9497693e-05  -5.5071387e-07  -1.3822852e-06  -0.00041809500  -2.0237237e-06  6.2968840e-07  -0.0026856489  0.00033044042  0.0020276319  0.0000000   
