0.0000000   7.8375795e-06  -0.00032095251  -6.4088763e-06  0.00012545191  -7.6503084e-05  -0.00019833967  -6.3533833e-06  1.1925190e-05  3.4320001e-06  
-7.8375795e-06  0.0000000   -4.5752947e-05  0.00038252371  0.00030631622  0.00054130172  -4.7596100e-05  -9.1475795e-05  -2.4433970e-05  -3.7241477e-05  
0.00032095251  4.5752947e-05  0.0000000   -0.00015583412  0.00017423695  3.1207351e-05  0.0010576058  -6.2533510e-05  -3.3574163e-05  4.0308081e-05  
6.4088763e-06  -0.00038252371  0.00015583412  0.0000000   -0.00015914385  0.00044922487  0.00032002616  0.00043818898  3.4647404e-05  -0.00021873885  
-0.00012545191  -0.00030631622  -0.00017423695  0.00015914385  0.0000000   -0.00082928022  -0.0013255024  0.00027507607  -5.3352613e-06  -0.00010180959  
7.6503084e-05  -0.00054130172  -3.1207351e-05  -0.00044922487  0.00082928022  0.0000000   0.00043555511  0.00043797809  -0.00018572580  -0.00011183209  
0.00019833967  4.7596100e-05  -0.0010576058  -0.00032002616  0.0013255024  -0.00043555511  0.0000000   9.6684950e-05  -4.0136499e-05  5.2666541e-06  
6.3533833e-06  9.1475795e-05  6.2533510e-05  -0.00043818898  -0.00027507607  -0.00043797809  -9.6684950e-05  0.0000000   0.00085071855  -0.00046665703  
-1.1925190e-05  2.4433970e-05  3.3574163e-05  -3.4647404e-05  5.3352613e-06  0.00018572580  4.0136499e-05  -0.00085071855  0.0000000   0.00074835459  
-3.4320001e-06  3.7241477e-05  -4.0308081e-05  0.00021873885  0.00010180959  0.00011183209  -5.2666541e-06  0.00046665703  -0.00074835459  0.0000000   
