0.0000000   5.4201909e-05  -0.00022118242  0.00021411543  1.2197032e-05  -1.7579258e-05  -7.9702010e-05  -7.0261477e-05  -0.00012914947  0.00010681093  
-5.4201909e-05  0.0000000   0.00033174285  -0.0010020643  -0.00046719371  0.00079420388  0.0010402593  -0.00085419788  0.00024231588  0.0011923432  
0.00022118242  -0.00033174285  0.0000000   -0.0032239750  -0.0022466543  0.00093646058  0.0039913637  0.0065043803  0.0045457844  -0.00026556323  
-0.00021411543  0.0010020643  0.0032239750  0.0000000   0.0066144245  -0.0013999596  0.0015357060  8.8576830e-05  0.0024480600  0.0022311303  
-1.2197032e-05  0.00046719371  0.0022466543  -0.0066144245  0.0000000   -0.00031411979  0.0060192585  -0.0010066961  0.0041467454  0.00072866686  
1.7579258e-05  -0.00079420388  -0.00093646058  0.0013999596  0.00031411979  0.0000000   0.0014180301  0.0049830662  0.0013751618  -0.00045844571  
7.9702010e-05  -0.0010402593  -0.0039913637  -0.0015357060  -0.0060192585  -0.0014180301  0.0000000   0.0019434487  0.00037087733  -0.0028775974  
7.0261477e-05  0.00085419788  -0.0065043803  -8.8576830e-05  0.0010066961  -0.0049830662  -0.0019434487  0.0000000   -0.0027392002  0.0017050255  
0.00012914947  -0.00024231588  -0.0045457844  -0.0024480600  -0.0041467454  -0.0013751618  -0.00037087733  0.0027392002  0.0000000   -0.0025284296  
-0.00010681093  -0.0011923432  0.00026556323  -0.0022311303  -0.00072866686  0.00045844571  0.0028775974  -0.0017050255  0.0025284296  0.0000000   
