0.0000000   6.1140659e-07  -4.2197803e-05  -1.1572189e-05  3.4814438e-05  -3.5107584e-05  -8.8295700e-05  -3.4294008e-05  -9.4438040e-05  -3.1297561e-06  
-6.1140659e-07  0.0000000   -0.00011272908  -0.00010596843  -0.00011971728  -1.6144597e-08  7.0692617e-09  4.4492217e-05  6.7939916e-10  -3.0009437e-09  
4.2197803e-05  0.00011272908  0.0000000   0.0010768711  -2.6102570e-08  -0.00011956307  -5.8983021e-08  6.6478610e-09  4.4441707e-05  -6.4865716e-09  
1.1572189e-05  0.00010596843  -0.0010768711  0.0000000   1.1366789e-09  6.8036358e-08  -0.00011956528  -2.6007764e-09  -3.2958161e-09  4.4435081e-05  
-3.4814438e-05  0.00011971728  2.6102570e-08  -1.1366789e-09  0.0000000   -0.00011274497  -0.00010597626  0.00010457760  1.5412445e-08  -2.9560423e-10  
3.5107584e-05  1.6144597e-08  0.00011956307  -6.8036358e-08  0.00011274497  0.0000000   0.0010769664  9.6982659e-09  0.00010443125  -1.4312724e-08  
8.8295700e-05  -7.0692617e-09  5.8983021e-08  0.00011956528  0.00010597626  -0.0010769664  0.0000000   -5.5884154e-09  1.2293546e-08  0.00010442751  
3.4294008e-05  -4.4492217e-05  -6.6478610e-09  2.6007764e-09  -0.00010457760  -9.6982659e-09  5.5884154e-09  0.0000000   -0.00011274909  -0.00010599862  
9.4438040e-05  -6.7939916e-10  -4.4441707e-05  3.2958161e-09  -1.5412445e-08  -0.00010443125  -1.2293546e-08  0.00011274909  0.0000000   0.0010771149  
3.1297561e-06  3.0009437e-09  6.4865716e-09  -4.4435081e-05  2.9560423e-10  1.4312724e-08  -0.00010442751  0.00010599862  -0.0010771149  0.0000000   
