0.0000000   4.2733512e-05  1.9677589e-05  3.8973660e-05  -9.0718160e-05  3.7264131e-05  2.5902429e-05  -4.7924218e-06  6.5506883e-06  8.5005540e-07  
-4.2733512e-05  0.0000000   4.0357665e-05  -1.3852701e-05  2.0363497e-05  -0.00048249691  -1.8706266e-05  5.4480260e-05  -1.0748932e-05  3.6368736e-05  
-1.9677589e-05  -4.0357665e-05  0.0000000   1.6241425e-05  0.00026287016  5.7221450e-05  -0.00019154293  4.1448705e-05  -2.7418959e-06  4.8653537e-06  
-3.8973660e-05  1.3852701e-05  -1.6241425e-05  0.0000000   5.4499127e-05  0.00033209972  -0.00012563686  -4.3261264e-05  0.00019701367  -8.3945761e-05  
9.0718160e-05  -2.0363497e-05  -0.00026287016  -5.4499127e-05  0.0000000   0.0023392602  0.00017693316  -0.00011823805  9.3641801e-05  3.9293471e-05  
-3.7264131e-05  0.00048249691  -5.7221450e-05  -0.00033209972  -0.0023392602  0.0000000   2.4756932e-05  -0.00065502563  6.9705766e-06  0.00011081949  
-2.5902429e-05  1.8706266e-05  0.00019154293  0.00012563686  -0.00017693316  -2.4756932e-05  0.0000000   -0.00018793028  -7.1226466e-05  -0.00027970618  
4.7924218e-06  -5.4480260e-05  -4.1448705e-05  4.3261264e-05  0.00011823805  0.00065502563  0.00018793028  0.0000000   -0.00050037830  0.00058001989  
-6.5506883e-06  1.0748932e-05  2.7418959e-06  -0.00019701367  -9.3641801e-05  -6.9705766e-06  7.1226466e-05  0.00050037830  0.0000000   0.0068799720  
-8.5005540e-07  -3.6368736e-05  -4.8653537e-06  8.3945761e-05  -3.9293471e-05  -0.00011081949  0.00027970618  -0.00058001989  -0.0068799720  0.0000000   
