0.0000000   3.6364631e-05  -0.00036931693  -4.6267342e-05  0.00037663698  -6.8145034e-07  -0.00010068344  -3.4263512e-05  -8.5381551e-05  -5.1732424e-06  
-3.6364631e-05  0.0000000   8.2344976e-05  -0.00044115245  0.00012355143  2.9521244e-08  -4.4016277e-08  0.00040178499  8.0059874e-08  1.1422456e-08  
0.00036931693  -8.2344976e-05  0.0000000   0.00049694778  3.9218118e-08  0.00012357110  8.1038764e-11  6.4271640e-08  0.00040164730  1.9899812e-08  
4.6267342e-05  0.00044115245  -0.00049694778  0.0000000   -3.6589130e-08  -5.6408314e-08  0.00012349229  -1.8914412e-08  2.0981715e-08  0.00040151207  
-0.00037663698  -0.00012355143  -3.9218118e-08  3.6589130e-08  0.0000000   8.2325298e-05  -0.00044122999  -0.00020304701  6.8839682e-09  -4.3950581e-09  
6.8145034e-07  -2.9521244e-08  -0.00012357110  5.6408314e-08  -8.2325298e-05  0.0000000   0.00049715345  -3.1637755e-08  -0.00020303079  -5.3342835e-08  
0.00010068344  4.4016277e-08  -8.1038764e-11  -0.00012349229  0.00044122999  -0.00049715345  0.0000000   -5.1490494e-08  6.3701292e-08  -0.00020290305  
3.4263512e-05  -0.00040178499  -6.4271640e-08  1.8914412e-08  0.00020304701  3.1637755e-08  5.1490494e-08  0.0000000   8.2344009e-05  -0.00044119856  
8.5381551e-05  -8.0059874e-08  -0.00040164730  -2.0981715e-08  -6.8839682e-09  0.00020303079  -6.3701292e-08  -8.2344009e-05  0.0000000   0.00049709659  
5.1732424e-06  -1.1422456e-08  -1.9899812e-08  -0.00040151207  4.3950581e-09  5.3342835e-08  0.00020290305  0.00044119856  -0.00049709659  0.0000000   
