0.0000000   -3.4307554e-05  9.6023955e-06  2.7926671e-06  -7.9354467e-06  2.0892411e-06  -0.00015410803  1.1334216e-05  -0.00014525782  0.00014809994  
3.4307554e-05  0.0000000   0.00022715195  0.00015642422  -0.00015669169  0.00018733875  -1.2474671e-05  0.00049863624  -4.9094981e-05  -0.00039958597  
-9.6023955e-06  -0.00022715195  0.0000000   0.0049694967  0.0012095883  0.00013651085  -0.00079263332  -0.00076195345  0.00093727438  -4.1484145e-05  
-2.7926671e-06  -0.00015642422  -0.0049694967  0.0000000   0.0010883885  -0.00097339002  0.00034919239  -0.00029528326  -0.00096034983  -0.00047442304  
7.9354467e-06  0.00015669169  -0.0012095883  -0.0010883885  0.0000000   0.0015727359  -0.00060393610  -0.0014474854  0.0010953899  0.00057615967  
-2.0892411e-06  -0.00018733875  -0.00013651085  0.00097339002  -0.0015727359  0.0000000   0.00098634056  0.0013650702  0.00078495668  -0.00068462230  
0.00015410803  1.2474671e-05  0.00079263332  -0.00034919239  0.00060393610  -0.00098634056  0.0000000   0.0015666247  0.00039018653  0.0016779440  
-1.1334216e-05  -0.00049863624  0.00076195345  0.00029528326  0.0014474854  -0.0013650702  -0.0015666247  0.0000000   0.0010115240  -0.0010197723  
0.00014525782  4.9094981e-05  -0.00093727438  0.00096034983  -0.0010953899  -0.00078495668  -0.00039018653  -0.0010115240  0.0000000   0.0016459815  
-0.00014809994  0.00039958597  4.1484145e-05  0.00047442304  -0.00057615967  0.00068462230  -0.0016779440  0.0010197723  -0.0016459815  0.0000000   
