0.0000000   -2.6321152e-05  0.00018894664  3.3345676e-05  -0.00021206511  -3.4953760e-06  6.0405188e-06  -7.6978805e-06  1.4487411e-06  1.0563149e-05  
2.6321152e-05  0.0000000   0.00021679614  -0.00018821775  0.00024282373  9.8776782e-08  3.4933957e-08  0.00019236086  7.5845962e-09  9.1658977e-08  
-0.00018894664  -0.00021679614  0.0000000   0.0015768667  4.1533084e-08  0.00024229559  2.7258438e-07  6.5036300e-08  0.00019193407  -3.2012455e-07  
-3.3345676e-05  0.00018821775  -0.0015768667  0.0000000   4.5174801e-08  -2.4118238e-07  0.00024229139  6.8761835e-09  3.3145485e-07  0.00019194053  
0.00021206511  -0.00024282373  -4.1533084e-08  -4.5174801e-08  0.0000000   0.00021667334  -0.00018811165  -0.00091482774  -2.3662324e-07  -2.2991776e-07  
3.4953760e-06  -9.8776782e-08  -0.00024229559  2.4118238e-07  -0.00021667334  0.0000000   0.0015759866  -2.3555989e-07  -0.00091288747  -9.1357146e-08  
-6.0405188e-06  -3.4933957e-08  -2.7258438e-07  -0.00024229139  0.00018811165  -0.0015759866  0.0000000   -2.5245947e-07  -3.0790682e-08  -0.00091288306  
7.6978805e-06  -0.00019236086  -6.5036300e-08  -6.8761835e-09  0.00091482774  2.3555989e-07  2.5245947e-07  0.0000000   0.00021665545  -0.00018809012  
-1.4487411e-06  -7.5845962e-09  -0.00019193407  -3.3145485e-07  2.3662324e-07  0.00091288747  3.0790682e-08  -0.00021665545  0.0000000   0.0015758205  
-1.0563149e-05  -9.1658977e-08  3.2012455e-07  -0.00019194053  2.2991776e-07  9.1357146e-08  0.00091288306  0.00018809012  -0.0015758205  0.0000000   
