0.0000000   -4.5902308e-05  0.00012728920  -7.0739121e-05  0.00011924997  1.8845098e-05  1.1450439e-05  0.00010140723  1.4440269e-05  -4.2335724e-05  
4.5902308e-05  0.0000000   0.00036887291  0.00034204603  -0.00041312170  1.1574736e-06  -5.0018874e-07  0.00053785502  -7.2719342e-07  1.3644460e-06  
-0.00012728920  -0.00036887291  0.0000000   0.0064064543  4.3025582e-07  -0.00039834932  6.5336857e-06  -1.2415068e-06  0.00051859506  4.7720597e-06  
7.0739121e-05  -0.00034204603  -0.0064064543  0.0000000   -1.0849014e-06  -6.4225235e-06  -0.00039828778  9.0801877e-07  -4.8829521e-06  0.00051852501  
-0.00011924997  0.00041312170  -4.3025582e-07  1.0849014e-06  0.0000000   0.00036744932  0.00034069467  -0.0021798455  4.1846305e-06  -4.4134323e-06  
-1.8845098e-05  -1.1574736e-06  0.00039834932  6.4225235e-06  -0.00036744932  0.0000000   0.0063819335  4.0757508e-06  -0.0021019826  1.5682696e-06  
-1.1450439e-05  5.0018874e-07  -6.5336857e-06  0.00039828778  -0.00034069467  -0.0063819335  0.0000000   -4.5343089e-06  -1.0540861e-06  -0.0021016292  
-0.00010140723  -0.00053785502  1.2415068e-06  -9.0801877e-07  0.0021798455  -4.0757508e-06  4.5343089e-06  0.0000000   0.00036741049  0.00034071128  
-1.4440269e-05  7.2719342e-07  -0.00051859506  4.8829521e-06  -4.1846305e-06  0.0021019826  1.0540861e-06  -0.00036741049  0.0000000   0.0063821731  
4.2335724e-05  -1.3644460e-06  -4.7720597e-06  -0.00051852501  4.4134323e-06  -1.5682696e-06  0.0021016292  -0.00034071128  -0.0063821731  0.0000000   
