0.0000000   4.3074402e-05  -4.4062036e-05  -1.3270118e-05  1.7007825e-05  6.3368654e-06  -0.00020893155  3.3056673e-05  8.5329168e-06  4.3853569e-06  
-4.3074402e-05  0.0000000   0.00012945826  -0.00051349724  -0.00011753838  0.00013294643  2.6370011e-05  8.1960119e-05  3.8487673e-05  3.1523911e-06  
4.4062036e-05  -0.00012945826  0.0000000   0.00024734789  -0.00038410430  0.00010751813  0.00046792895  -9.4757456e-06  -3.0728519e-05  -1.1037272e-05  
1.3270118e-05  0.00051349724  -0.00024734789  0.0000000   0.00019688249  -0.0010456234  0.00023599522  -8.6502281e-05  0.00039103697  -5.8932411e-05  
-1.7007825e-05  0.00011753838  0.00038410430  -0.00019688249  0.0000000   -0.0021963346  -0.00059866219  -5.5083691e-05  0.00021816113  -3.9882475e-05  
-6.3368654e-06  -0.00013294643  -0.00010751813  0.0010456234  0.0021963346  0.0000000   -5.8364599e-06  2.2928910e-05  0.00010249087  -0.00035148791  
0.00020893155  -2.6370011e-05  -0.00046792895  -0.00023599522  0.00059866219  5.8364599e-06  0.0000000   -4.6538931e-05  0.00012460095  1.0774389e-05  
-3.3056673e-05  -8.1960119e-05  9.4757456e-06  8.6502281e-05  5.5083691e-05  -2.2928910e-05  4.6538931e-05  0.0000000   0.00025880229  -0.0016136482  
-8.5329168e-06  -3.8487673e-05  3.0728519e-05  -0.00039103697  -0.00021816113  -0.00010249087  -0.00012460095  -0.00025880229  0.0000000   0.0011102656  
-4.3853569e-06  -3.1523911e-06  1.1037272e-05  5.8932411e-05  3.9882475e-05  0.00035148791  -1.0774389e-05  0.0016136482  -0.0011102656  0.0000000   
