0.0000000   3.3191554e-06  -0.00015373271  0.00011945633  3.8205321e-05  6.0199811e-05  3.7679712e-06  4.5165997e-06  3.9589580e-06  -4.1187767e-06  
-3.3191554e-06  0.0000000   -3.0469146e-05  0.00015542170  0.00015564574  0.00060260141  0.00010991144  4.8793293e-06  0.0017096043  0.00012157820  
0.00015373271  3.0469146e-05  0.0000000   -0.0018979548  0.00084760426  -0.019689804  -0.00056310377  -0.00010814598  -4.2348551e-05  0.00016729023  
-0.00011945633  -0.00015542170  0.0018979548  0.0000000   -0.0010087677  0.0068076272  -0.00025732427  -2.3680574e-05  -0.00016621867  0.00031596145  
-3.8205321e-05  -0.00015564574  -0.00084760426  0.0010087677  0.0000000   0.0074752967  -0.00083354167  6.3735347e-05  -0.00045150404  -0.00014165982  
-6.0199811e-05  -0.00060260141  0.019689804  -0.0068076272  -0.0074752967  0.0000000   6.7775255e-05  0.00032550691  -6.5913579e-05  -5.4302546e-05  
-3.7679712e-06  -0.00010991144  0.00056310377  0.00025732427  0.00083354167  -6.7775255e-05  0.0000000   -1.3636819e-05  0.00014229056  -2.5458415e-05  
-4.5165997e-06  -4.8793293e-06  0.00010814598  2.3680574e-05  -6.3735347e-05  -0.00032550691  1.3636819e-05  0.0000000   -0.00032577920  0.00078734819  
-3.9589580e-06  -0.0017096043  4.2348551e-05  0.00016621867  0.00045150404  6.5913579e-05  -0.00014229056  0.00032577920  0.0000000   2.6304362e-05  
4.1187767e-06  -0.00012157820  -0.00016729023  -0.00031596145  0.00014165982  5.4302546e-05  2.5458415e-05  -0.00078734819  -2.6304362e-05  0.0000000   
