0.0000000   3.1973173e-05  -0.00039549235  -0.00013104032  -4.0080211e-05  1.9129567e-05  0.00012217888  0.00022937671  9.7960301e-05  -5.9653515e-06  
-3.1973173e-05  0.0000000   0.00083258840  6.9060294e-05  0.00052549392  -0.00012020645  -0.00063975239  -9.9359589e-05  -0.00055380853  -0.00011603097  
0.00039549235  -0.00083258840  0.0000000   -0.0012467636  -0.00071888046  1.7366672e-05  -0.00040774884  -0.0013903116  0.00072359165  -1.4645326e-05  
0.00013104032  -6.9060294e-05  0.0012467636  0.0000000   -0.0019983798  0.00031218397  -0.00011734491  0.0023749537  -0.00028495879  -0.00024520863  
4.0080211e-05  -0.00052549392  0.00071888046  0.0019983798  0.0000000   0.00023533000  0.00049303152  3.2774544e-05  -0.00068224645  -2.5642812e-05  
-1.9129567e-05  0.00012020645  -1.7366672e-05  -0.00031218397  -0.00023533000  0.0000000   0.00091560797  0.00010059279  -0.00096915609  -0.00078905564  
-0.00012217888  0.00063975239  0.00040774884  0.00011734491  -0.00049303152  -0.00091560797  0.0000000   0.00094809478  -0.00060104043  -0.0034601288  
-0.00022937671  9.9359589e-05  0.0013903116  -0.0023749537  -3.2774544e-05  -0.00010059279  -0.00094809478  0.0000000   0.00074478792  0.00010099905  
-9.7960301e-05  0.00055380853  -0.00072359165  0.00028495879  0.00068224645  0.00096915609  0.00060104043  -0.00074478792  0.0000000   0.0042521766  
5.9653515e-06  0.00011603097  1.4645326e-05  0.00024520863  2.5642812e-05  0.00078905564  0.0034601288  -0.00010099905  -0.0042521766  0.0000000   
