0.0000000   2.7229971e-05  3.6824336e-05  -5.2515517e-05  -1.2974006e-05  1.0487024e-05  5.3252663e-05  5.0844529e-05  -8.7564639e-05  1.6836748e-05  
-2.7229971e-05  0.0000000   0.00035847947  -0.00034569790  0.00017605642  -7.8404308e-08  -6.4181858e-08  -0.00032843617  8.2455367e-08  1.7526560e-07  
-3.6824336e-05  -0.00035847947  0.0000000   -0.0011755774  -4.1089843e-08  0.00017582605  5.2104665e-08  1.3218444e-07  -0.00032800562  9.6130324e-08  
5.2515517e-05  0.00034569790  0.0011755774  0.0000000   -9.2690532e-08  -5.6841167e-08  0.00017583318  1.1678793e-07  -7.6702483e-08  -0.00032802913  
1.2974006e-05  -0.00017605642  4.1089843e-08  9.2690532e-08  0.0000000   0.00035856007  -0.00034577651  -0.00021925143  1.0709131e-07  6.1821478e-08  
-1.0487024e-05  7.8404308e-08  -0.00017582605  5.6841167e-08  -0.00035856007  0.0000000   -0.0011758402  3.7954887e-08  -0.00021897893  -1.2150907e-07  
-5.3252663e-05  6.4181858e-08  -5.2104665e-08  -0.00017583318  0.00034577651  0.0011758402  0.0000000   1.3542202e-07  1.2729242e-07  -0.00021897887  
-5.0844529e-05  0.00032843617  -1.3218444e-07  -1.1678793e-07  0.00021925143  -3.7954887e-08  -1.3542202e-07  0.0000000   0.00035853178  -0.00034575363  
8.7564639e-05  -8.2455367e-08  0.00032800562  7.6702483e-08  -1.0709131e-07  0.00021897893  -1.2729242e-07  -0.00035853178  0.0000000   -0.0011757693  
-1.6836748e-05  -1.7526560e-07  -9.6130324e-08  0.00032802913  -6.1821478e-08  1.2150907e-07  0.00021897887  0.00034575363  0.0011757693  0.0000000   
