0.0000000   1.7200671e-05  0.00020423370  -7.3435692e-05  3.1655193e-05  7.4455648e-05  8.3134623e-05  -0.00017731682  6.1098830e-05  -1.0449810e-05  
-1.7200671e-05  0.0000000   -0.00037657494  0.00010388687  -4.2831745e-06  -5.5800330e-05  1.5748916e-05  -0.00026412867  1.0267431e-05  -9.5359246e-07  
-0.00020423370  0.00037657494  0.0000000   0.0010188416  0.00084719415  2.4439868e-05  -8.2514627e-05  -0.00071681253  -4.1941787e-05  -7.4887283e-07  
7.3435692e-05  -0.00010388687  -0.0010188416  0.0000000   -4.5832196e-05  -1.0445904e-05  0.00036440612  0.00019090039  -6.0019873e-07  4.5452766e-05  
-3.1655193e-05  4.2831745e-06  -0.00084719415  4.5832196e-05  0.0000000   -1.5441100e-05  0.00081408688  0.00023953181  -0.00035001136  -1.1511634e-05  
-7.4455648e-05  5.5800330e-05  -2.4439868e-05  1.0445904e-05  1.5441100e-05  0.0000000   -6.3246852e-05  -0.00034040922  -0.00011874946  0.00020843032  
-8.3134623e-05  -1.5748916e-05  8.2514627e-05  -0.00036440612  -0.00081408688  6.3246852e-05  0.0000000   4.5689394e-05  -0.0010302106  -0.00072204067  
0.00017731682  0.00026412867  0.00071681253  -0.00019090039  -0.00023953181  0.00034040922  -4.5689394e-05  0.0000000   3.1761929e-05  1.5155267e-06  
-6.1098830e-05  -1.0267431e-05  4.1941787e-05  6.0019873e-07  0.00035001136  0.00011874946  0.0010302106  -3.1761929e-05  0.0000000   -0.0015694502  
1.0449810e-05  9.5359246e-07  7.4887283e-07  -4.5452766e-05  1.1511634e-05  -0.00020843032  0.00072204067  -1.5155267e-06  0.0015694502  0.0000000   
