0.0000000   1.7788980e-05  4.9816041e-05  9.2995538e-07  -8.1446325e-07  4.8966005e-06  -1.9808384e-06  -5.1875134e-05  -1.5270457e-07  -2.5036142e-06  
-1.7788980e-05  0.0000000   -0.0011745504  1.4116400e-05  2.5044831e-05  2.9609883e-06  -1.5093466e-05  -0.00019454710  1.4119699e-05  2.8306206e-05  
-4.9816041e-05  0.0011745504  0.0000000   -0.0041137723  0.018895660  -5.9698349e-05  -0.00071087563  0.00090497549  0.0011709613  -1.5562343e-05  
-9.2995538e-07  -1.4116400e-05  0.0041137723  0.0000000   -0.00065444349  0.00028248612  0.00025777400  0.0030120363  -0.00034385944  0.00011816597  
8.1446325e-07  -2.5044831e-05  -0.018895660  0.00065444349  0.0000000   0.00057097882  -6.0942157e-05  -0.013938994  -3.3257511e-05  0.00036289319  
-4.8966005e-06  -2.9609883e-06  5.9698349e-05  -0.00028248612  -0.00057097882  0.0000000   -0.0022894688  5.3607567e-06  -0.00057260961  0.00025236506  
1.9808384e-06  1.5093466e-05  0.00071087563  -0.00025777400  6.0942157e-05  0.0022894688  0.0000000   0.00054980604  0.00023075078  -0.0010191027  
5.1875134e-05  0.00019454710  -0.00090497549  -0.0030120363  0.013938994  -5.3607567e-06  -0.00054980604  0.0000000   0.00095875370  1.6943615e-05  
1.5270457e-07  -1.4119699e-05  -0.0011709613  0.00034385944  3.3257511e-05  0.00057260961  -0.00023075078  -0.00095875370  0.0000000   -0.0048197425  
2.5036142e-06  -2.8306206e-05  1.5562343e-05  -0.00011816597  -0.00036289319  -0.00025236506  0.0010191027  -1.6943615e-05  0.0048197425  0.0000000   
