0.0000000   -1.4459201e-05  1.4088285e-05  -1.9319478e-06  2.1121823e-05  3.1162622e-06  2.4578431e-05  -0.00011507057  -1.4654471e-05  -4.2931432e-06  
1.4459201e-05  0.0000000   -8.9620913e-05  2.5869388e-05  -9.1492849e-05  1.0435117e-05  0.00031429868  -1.4882040e-05  -7.9284742e-05  -0.0038770730  
-1.4088285e-05  8.9620913e-05  0.0000000   -0.0025566164  0.0012851974  -0.00031801741  -0.00061847302  0.00071771784  -0.0021819709  0.00044836967  
1.9319478e-06  -2.5869388e-05  0.0025566164  0.0000000   0.0034316454  0.00017652111  0.00038529630  0.0010101666  -0.0021670406  0.00064344722  
-2.1121823e-05  9.1492849e-05  -0.0012851974  -0.0034316454  0.0000000   -0.00044988385  -0.00072520875  -6.8254299e-05  0.00060707016  0.00024304706  
-3.1162622e-06  -1.0435117e-05  0.00031801741  -0.00017652111  0.00044988385  0.0000000   0.00079361370  -0.00016703616  0.00041505563  0.015426204  
-2.4578431e-05  -0.00031429868  0.00061847302  -0.00038529630  0.00072520875  -0.00079361370  0.0000000   -0.0046840389  -0.00046134235  -0.0012006246  
0.00011507057  1.4882040e-05  -0.00071771784  -0.0010101666  6.8254299e-05  0.00016703616  0.0046840389  0.0000000   -6.9940781e-05  7.8821071e-05  
1.4654471e-05  7.9284742e-05  0.0021819709  0.0021670406  -0.00060707016  -0.00041505563  0.00046134235  6.9940781e-05  0.0000000   -0.0015668946  
4.2931432e-06  0.0038770730  -0.00044836967  -0.00064344722  -0.00024304706  -0.015426204  0.0012006246  -7.8821071e-05  0.0015668946  0.0000000   
