0.0000000   1.2016704e-05  0.00016758709  3.8364358e-06  -0.00010222259  1.4394406e-05  2.1987497e-05  7.9506414e-05  1.6130167e-06  2.1843347e-05  
-1.2016704e-05  0.0000000   -7.5538239e-06  1.4998873e-05  -3.3740802e-05  -8.8264533e-05  -1.1672168e-06  -5.8471564e-06  5.4730841e-07  8.5571706e-06  
-0.00016758709  7.5538239e-06  0.0000000   -0.00084183656  -0.0013767893  2.1744233e-05  -5.3011951e-05  3.3996860e-05  -0.00010451792  -1.1373716e-06  
-3.8364358e-06  -1.4998873e-05  0.00084183656  0.0000000   -4.2464965e-05  -3.9875526e-09  -1.6929760e-05  -1.6074989e-05  -1.9282777e-06  8.5359503e-05  
0.00010222259  3.3740802e-05  0.0013767893  4.2464965e-05  0.0000000   0.00037715310  -0.00048126027  -0.024054465  -0.00036361062  1.2219539e-05  
-1.4394406e-05  8.8264533e-05  -2.1744233e-05  3.9875526e-09  -0.00037715310  0.0000000   7.5118560e-06  0.00035935181  -1.0684271e-05  -5.3434528e-05  
-2.1987497e-05  1.1672168e-06  5.3011951e-05  1.6929760e-05  0.00048126027  -7.5118560e-06  0.0000000   0.00050926788  -6.8214452e-05  0.00051956230  
-7.9506414e-05  5.8471564e-06  -3.3996860e-05  1.6074989e-05  0.024054465  -0.00035935181  -0.00050926788  0.0000000   -0.00039343914  -1.0066048e-05  
-1.6130167e-06  -5.4730841e-07  0.00010451792  1.9282777e-06  0.00036361062  1.0684271e-05  6.8214452e-05  0.00039343914  0.0000000   0.00075447136  
-2.1843347e-05  -8.5571706e-06  1.1373716e-06  -8.5359503e-05  -1.2219539e-05  5.3434528e-05  -0.00051956230  1.0066048e-05  -0.00075447136  0.0000000   
