0.0000000   5.9765418e-06  -8.4039220e-07  -0.00010915218  -1.7328260e-05  -1.3565971e-06  -2.3604800e-05  2.7692821e-05  -8.8819653e-05  1.8899009e-05  
-5.9765418e-06  0.0000000   -0.00064193386  -0.00022434853  0.00036456112  0.00041801091  0.0018718493  0.00076506986  0.0025468899  -0.00012524980  
8.4039220e-07  0.00064193386  0.0000000   0.0022322904  0.011414739  0.00064957252  0.00024660871  -0.012415915  -0.00034179842  0.00056121290  
0.00010915218  0.00022434853  -0.0022322904  0.0000000   -0.019199562  -0.00042704695  0.00066524287  -0.0050811108  8.2673756e-05  -0.00031331849  
1.7328260e-05  -0.00036456112  -0.011414739  0.019199562  0.0000000   0.0034302727  0.0050082832  0.0022444505  -0.0030599291  0.0028016697  
1.3565971e-06  -0.00041801091  -0.00064957252  0.00042704695  -0.0034302727  0.0000000   0.0010416518  -0.00036412266  -0.00048799718  -0.0022888437  
2.3604800e-05  -0.0018718493  -0.00024660871  -0.00066524287  -0.0050082832  -0.0010416518  0.0000000   -0.00073238685  0.00068138525  0.00095233501  
-2.7692821e-05  -0.00076506986  0.012415915  0.0050811108  -0.0022444505  0.00036412266  0.00073238685  0.0000000   0.00041196749  0.00030863049  
8.8819653e-05  -0.0025468899  0.00034179842  -8.2673756e-05  0.0030599291  0.00048799718  -0.00068138525  -0.00041196749  0.0000000   -0.00061711082  
-1.8899009e-05  0.00012524980  -0.00056121290  0.00031331849  -0.0028016697  0.0022888437  -0.00095233501  -0.00030863049  0.00061711082  0.0000000   
