0.0000000   4.8908786e-05  -1.4399141e-06  2.1231837e-05  4.1289093e-07  2.7917274e-06  -3.6260204e-06  -6.4794766e-06  -9.8180379e-07  2.1166337e-06  
-4.8908786e-05  0.0000000   -1.3703670e-05  0.00016828848  -0.00016202051  0.00011172361  0.00050275050  0.00020910404  0.00023910878  1.0433949e-05  
1.4399141e-06  1.3703670e-05  0.0000000   -0.0074889344  -0.00092086484  0.00014573040  0.0025680068  0.00046109547  0.0014468637  -0.00018625575  
-2.1231837e-05  -0.00016828848  0.0074889344  0.0000000   -0.0014725984  0.00038500141  -0.00081370962  -9.8069395e-05  -0.0010002689  -1.6917133e-05  
-4.1289093e-07  0.00016202051  0.00092086484  0.0014725984  0.0000000   -0.00032174102  0.0022008428  -0.00067013673  0.00095700354  0.00025453487  
-2.7917274e-06  -0.00011172361  -0.00014573040  -0.00038500141  0.00032174102  0.0000000   -0.0016467988  -0.0012166523  -0.00089584333  -0.00074998051  
3.6260204e-06  -0.00050275050  -0.0025680068  0.00081370962  -0.0022008428  0.0016467988  0.0000000   -0.0018763461  0.00034177808  -0.0030159658  
6.4794766e-06  -0.00020910404  -0.00046109547  9.8069395e-05  0.00067013673  0.0012166523  0.0018763461  0.0000000   0.0012670851  -0.00061126760  
9.8180379e-07  -0.00023910878  -0.0014468637  0.0010002689  -0.00095700354  0.00089584333  -0.00034177808  -0.0012670851  0.0000000   -0.00083326062  
-2.1166337e-06  -1.0433949e-05  0.00018625575  1.6917133e-05  -0.00025453487  0.00074998051  0.0030159658  0.00061126760  0.00083326062  0.0000000   
