0.0000000   1.6026493e-05  5.3820767e-05  4.0797023e-05  -0.00019605298  5.0541459e-05  -2.2583465e-05  0.00014137190  1.9533773e-05  2.8369607e-05  
-1.6026493e-05  0.0000000   -0.00035460243  -0.00018074868  0.00024585355  -0.00032147916  -0.00090783240  -0.00011060890  0.00034219825  -0.00018536862  
-5.3820767e-05  0.00035460243  0.0000000   -0.011073844  0.0014966269  0.00039601724  -0.0010389525  0.0021075921  0.00085239563  0.00044364678  
-4.0797023e-05  0.00018074868  0.011073844  0.0000000   0.0015680298  0.00011877604  0.0012331365  -0.0013045541  -0.0011376799  0.00030439976  
0.00019605298  -0.00024585355  -0.0014966269  -0.0015680298  0.0000000   -0.00080379346  0.0010198863  -0.0048722713  -0.00064280610  -0.00058107666  
-5.0541459e-05  0.00032147916  -0.00039601724  -0.00011877604  0.00080379346  0.0000000   0.0015608647  2.1256785e-05  0.0033436895  0.00011021916  
2.2583465e-05  0.00090783240  0.0010389525  -0.0012331365  -0.0010198863  -0.0015608647  0.0000000   0.00044556747  9.0410575e-05  0.0032214380  
-0.00014137190  0.00011060890  -0.0021075921  0.0013045541  0.0048722713  -2.1256785e-05  -0.00044556747  0.0000000   0.00033911472  -0.00053160007  
-1.9533773e-05  -0.00034219825  -0.00085239563  0.0011376799  0.00064280610  -0.0033436895  -9.0410575e-05  -0.00033911472  0.0000000   0.0067425687  
-2.8369607e-05  0.00018536862  -0.00044364678  -0.00030439976  0.00058107666  -0.00011021916  -0.0032214380  0.00053160007  -0.0067425687  0.0000000   
