0.0000000   1.1471088e-06  -3.4419206e-05  -2.8590576e-05  6.1402512e-05  8.0880899e-06  -0.00028794305  -7.5394635e-06  1.3233472e-05  2.0368789e-05  
-1.1471088e-06  0.0000000   2.2296389e-05  0.00011001534  -3.0610526e-05  0.00037790403  -1.2744785e-05  -0.00018103072  -1.8185779e-06  -6.4736923e-05  
3.4419206e-05  -2.2296389e-05  0.0000000   8.0467827e-05  -6.1801463e-05  -1.5251211e-07  -1.1312850e-05  -3.4179428e-05  2.2789294e-06  1.0372466e-05  
2.8590576e-05  -0.00011001534  -8.0467827e-05  0.0000000   -0.00078567064  -0.00026275470  0.00037519373  4.8058049e-05  0.00015929264  9.9152903e-05  
-6.1402512e-05  3.0610526e-05  6.1801463e-05  0.00078567064  0.0000000   0.00015987402  -0.0010286957  -1.9679002e-05  0.00012005001  -4.4613517e-06  
-8.0880899e-06  -0.00037790403  1.5251211e-07  0.00026275470  -0.00015987402  0.0000000   6.8762478e-05  0.00035192462  0.00010413401  -0.00010591907  
0.00028794305  1.2744785e-05  1.1312850e-05  -0.00037519373  0.0010286957  -6.8762478e-05  0.0000000   -2.1145464e-05  5.5655082e-05  9.0795474e-06  
7.5394635e-06  0.00018103072  3.4179428e-05  -4.8058049e-05  1.9679002e-05  -0.00035192462  2.1145464e-05  0.0000000   -0.00033948306  0.00059019129  
-1.3233472e-05  1.8185779e-06  -2.2789294e-06  -0.00015929264  -0.00012005001  -0.00010413401  -5.5655082e-05  0.00033948306  0.0000000   -0.0067520905  
-2.0368789e-05  6.4736923e-05  -1.0372466e-05  -9.9152903e-05  4.4613517e-06  0.00010591907  -9.0795474e-06  -0.00059019129  0.0067520905  0.0000000   
