0.0000000   -3.3603854e-05  -1.5477917e-07  -1.2658761e-06  3.8730058e-05  0.00021541275  9.4308325e-06  -1.2750498e-05  -0.00012902029  -0.00010539592  
3.3603854e-05  0.0000000   1.6599014e-06  1.4897919e-06  0.00015304354  0.00010149230  -0.00010160069  -5.2092199e-05  -8.7591064e-05  -7.4400488e-05  
1.5477917e-07  -1.6599014e-06  0.0000000   -0.00022360891  5.2826575e-07  -1.5985408e-05  -9.0613285e-06  2.7630189e-06  -2.6460560e-06  -4.5940471e-06  
1.2658761e-06  -1.4897919e-06  0.00022360891  0.0000000   -1.0147480e-05  8.6339667e-06  -2.9023667e-06  -2.1574724e-06  1.2158887e-05  1.1815905e-05  
-3.8730058e-05  -0.00015304354  -5.2826575e-07  1.0147480e-05  0.0000000   -0.0011902116  -0.00034799132  4.5344927e-05  -8.0229785e-05  -0.00019571447  
-0.00021541275  -0.00010149230  1.5985408e-05  -8.6339667e-06  0.0011902116  0.0000000   0.00018008417  2.3527893e-05  -0.00014298683  -0.00015875952  
-9.4308325e-06  0.00010160069  9.0613285e-06  2.9023667e-06  0.00034799132  -0.00018008417  0.0000000   0.00090093277  0.00017426810  -0.00026123796  
1.2750498e-05  5.2092199e-05  -2.7630189e-06  2.1574724e-06  -4.5344927e-05  -2.3527893e-05  -0.00090093277  0.0000000   -0.00014927439  -2.9865412e-05  
0.00012902029  8.7591064e-05  2.6460560e-06  -1.2158887e-05  8.0229785e-05  0.00014298683  -0.00017426810  0.00014927439  0.0000000   0.0027488822  
0.00010539592  7.4400488e-05  4.5940471e-06  -1.1815905e-05  0.00019571447  0.00015875952  0.00026123796  2.9865412e-05  -0.0027488822  0.0000000   
