0.0000000   2.0572589e-05  0.00024930274  -2.7430479e-05  0.00023364806  -2.7066659e-06  2.3117540e-05  6.2793122e-06  -2.1539722e-05  -6.9062526e-07  
-2.0572589e-05  0.0000000   -3.2324485e-05  -0.00024522636  6.7644663e-05  2.9795414e-08  2.9166606e-08  -0.00031531884  -1.0966531e-07  2.6700247e-08  
-0.00024930274  3.2324485e-05  0.0000000   0.0017480591  2.6052513e-08  6.7483569e-05  -1.9302444e-07  -9.6129893e-08  -0.00031445452  -6.7590548e-08  
2.7430479e-05  0.00024522636  -0.0017480591  0.0000000   6.2860735e-08  2.2704735e-07  6.7456396e-05  8.6825739e-09  1.0229099e-08  -0.00031439892  
-0.00023364806  -6.7644663e-05  -2.6052513e-08  -6.2860735e-08  0.0000000   -3.2304124e-05  -0.00024521768  -0.00038786415  -1.3458073e-07  2.1709268e-08  
2.7066659e-06  -2.9795414e-08  -6.7483569e-05  -2.2704735e-07  3.2304124e-05  0.0000000   0.0017482948  -1.3450254e-07  -0.00038682004  1.3598546e-07  
-2.3117540e-05  -2.9166606e-08  1.9302444e-07  -6.7456396e-05  0.00024521768  -0.0017482948  0.0000000   4.6497691e-08  -2.2911522e-07  -0.00038673934  
-6.2793122e-06  0.00031531884  9.6129893e-08  -8.6825739e-09  0.00038786415  1.3450254e-07  -4.6497691e-08  0.0000000   -3.2317909e-05  -0.00024520411  
2.1539722e-05  1.0966531e-07  0.00031445452  -1.0229099e-08  1.3458073e-07  0.00038682004  2.2911522e-07  3.2317909e-05  0.0000000   0.0017480677  
6.9062526e-07  -2.6700247e-08  6.7590548e-08  0.00031439892  -2.1709268e-08  -1.3598546e-07  0.00038673934  0.00024520411  -0.0017480677  0.0000000   
