0.0000000   6.6944302e-07  0.00011369857  1.3070015e-05  -2.7666238e-06  7.7378182e-06  -0.00021214647  -1.0505974e-05  -0.00022761230  -1.2090610e-05  
-6.6944302e-07  0.0000000   1.9551143e-05  2.9440124e-05  -0.00052397896  1.0347016e-05  -6.0498988e-06  -0.00010182743  1.7739070e-06  -1.1847667e-06  
-0.00011369857  -1.9551143e-05  0.0000000   0.0032523698  9.6289738e-06  0.00051911894  3.3286577e-07  2.3342801e-06  0.00010085050  -3.9223852e-06  
-1.3070015e-05  -2.9440124e-05  -0.0032523698  0.0000000   -5.9404203e-06  -2.3134733e-07  0.00051925533  -1.0702940e-06  3.9051079e-06  0.00010091431  
2.7666238e-06  0.00052397896  -9.6289738e-06  5.9404203e-06  0.0000000   1.9403116e-05  2.7972150e-05  0.0023714701  -4.8206863e-05  2.6425869e-05  
-7.7378182e-06  -1.0347016e-05  -0.00051911894  2.3134733e-07  -1.9403116e-05  0.0000000   0.0032371282  -4.6771363e-05  -0.0023496937  -4.8907971e-07  
0.00021214647  6.0498988e-06  -3.3286577e-07  -0.00051925533  -2.7972150e-05  -0.0032371282  0.0000000   2.5935357e-05  -3.0217810e-07  -0.0023505301  
1.0505974e-05  0.00010182743  -2.3342801e-06  1.0702940e-06  -0.0023714701  4.6771363e-05  -2.5935357e-05  0.0000000   1.9964444e-05  2.9325582e-05  
0.00022761230  -1.7739070e-06  -0.00010085050  -3.9051079e-06  4.8206863e-05  0.0023496937  3.0217810e-07  -1.9964444e-05  0.0000000   0.0032376601  
1.2090610e-05  1.1847667e-06  3.9223852e-06  -0.00010091431  -2.6425869e-05  4.8907971e-07  0.0023505301  -2.9325582e-05  -0.0032376601  0.0000000   
