0.0000000   4.7785099e-05  1.6276954e-06  6.8354347e-05  -1.6261602e-05  -1.7934305e-05  3.5111129e-07  7.5464128e-06  -0.00021526179  3.3984904e-06  
-4.7785099e-05  0.0000000   -3.5181950e-06  -0.00015271333  4.0874449e-05  4.2645922e-05  -4.7192437e-06  -1.4817347e-05  0.00018267941  1.1356828e-06  
-1.6276954e-06  3.5181950e-06  0.0000000   -1.3501488e-05  -4.1952156e-05  2.1209826e-05  0.00040177415  1.0886926e-05  6.6850003e-06  6.7409261e-05  
-6.8354347e-05  0.00015271333  1.3501488e-05  0.0000000   -0.00039604597  -0.00039884134  -1.8626413e-05  8.6532737e-05  0.00019868173  -7.5456792e-06  
1.6261602e-05  -4.0874449e-05  4.1952156e-05  0.00039604597  0.0000000   -2.2357708e-06  -0.00012963052  8.7659060e-06  -8.7919746e-05  8.2350440e-05  
1.7934305e-05  -4.2645922e-05  -2.1209826e-05  0.00039884134  2.2357708e-06  0.0000000   0.00014127483  1.4426170e-05  -9.4058384e-05  -0.00010335390  
-3.5111129e-07  4.7192437e-06  -0.00040177415  1.8626413e-05  0.00012963052  -0.00014127483  0.0000000   -2.3318674e-06  4.3746104e-06  0.00057997842  
-7.5464128e-06  1.4817347e-05  -1.0886926e-05  -8.6532737e-05  -8.7659060e-06  -1.4426170e-05  2.3318674e-06  0.0000000   0.00012736617  1.3371600e-05  
0.00021526179  -0.00018267941  -6.6850003e-06  -0.00019868173  8.7919746e-05  9.4058384e-05  -4.3746104e-06  -0.00012736617  0.0000000   -2.2666033e-06  
-3.3984904e-06  -1.1356828e-06  -6.7409261e-05  7.5456792e-06  -8.2350440e-05  0.00010335390  -0.00057997842  -1.3371600e-05  2.2666033e-06  0.0000000   
