0.0000000   1.2408235e-05  0.00018912932  -8.7485513e-06  5.7145774e-05  1.9211049e-05  -0.00013004745  8.3106491e-06  -2.4554621e-06  -1.5326314e-06  
-1.2408235e-05  0.0000000   -9.4820383e-05  0.00081349153  0.00011221403  0.00041212525  1.0226508e-06  -2.2276088e-05  1.3661073e-05  2.1495315e-05  
-0.00018912932  9.4820383e-05  0.0000000   0.00013074038  -0.00032808458  -7.8600810e-05  0.00023856367  -3.2055691e-05  4.7129029e-06  4.0703039e-05  
8.7485513e-06  -0.00081349153  -0.00013074038  0.0000000   0.00038713845  -0.00067005129  -0.00019506004  0.00016041167  0.00021813291  -0.00033520717  
-5.7145774e-05  -0.00011221403  0.00032808458  -0.00038713845  0.0000000   -0.00082544051  0.00051703926  -0.00010957974  0.00010493362  3.9154289e-05  
-1.9211049e-05  -0.00041212525  7.8600810e-05  0.00067005129  0.00082544051  0.0000000   0.00029751803  0.00050403851  4.7159895e-05  -0.00047756047  
0.00013004745  -1.0226508e-06  -0.00023856367  0.00019506004  -0.00051703926  -0.00029751803  0.0000000   -7.4097520e-05  -0.00016479919  7.9015290e-05  
-8.3106491e-06  2.2276088e-05  3.2055691e-05  -0.00016041167  0.00010957974  -0.00050403851  7.4097520e-05  0.0000000   0.00079424600  0.00072074200  
2.4554621e-06  -1.3661073e-05  -4.7129029e-06  -0.00021813291  -0.00010493362  -4.7159895e-05  0.00016479919  -0.00079424600  0.0000000   -0.00068414600  
1.5326314e-06  -2.1495315e-05  -4.0703039e-05  0.00033520717  -3.9154289e-05  0.00047756047  -7.9015290e-05  -0.00072074200  0.00068414600  0.0000000   
