0.0000000   4.8621445e-05  0.00020499424  5.6454587e-05  0.00015155621  -3.4937838e-05  4.0203666e-05  -7.6130504e-05  5.2653675e-05  3.0847327e-05  
-4.8621445e-05  0.0000000   0.00058689972  -0.00039382331  -0.00063166210  -3.3889181e-07  -2.9962916e-07  -0.00028434828  7.3187210e-08  -2.8308746e-07  
-0.00020499424  -0.00058689972  0.0000000   0.0012932710  -1.8677500e-07  -0.00063082729  -2.5732415e-07  -2.8819365e-07  -0.00028393667  3.5033784e-07  
-5.6454587e-05  0.00039382331  -0.0012932710  0.0000000   -3.5788841e-07  7.1846887e-08  -0.00063079263  -5.0147352e-08  -4.1637486e-07  -0.00028396046  
-0.00015155621  0.00063166210  1.8677500e-07  3.5788841e-07  0.0000000   0.00058681953  -0.00039375743  -0.00048560116  -2.5838456e-07  -2.2198347e-07  
3.4937838e-05  3.3889181e-07  0.00063082729  -7.1846887e-08  -0.00058681953  0.0000000   0.0012931346  -1.1965887e-07  -0.00048498447  -2.5110073e-07  
-4.0203666e-05  2.9962916e-07  2.5732415e-07  0.00063079263  0.00039375743  -0.0012931346  0.0000000   -3.2402238e-07  1.3023583e-07  -0.00048495331  
7.6130504e-05  0.00028434828  2.8819365e-07  5.0147352e-08  0.00048560116  1.1965887e-07  3.2402238e-07  0.0000000   0.00058704835  -0.00039391908  
-5.2653675e-05  -7.3187210e-08  0.00028393667  4.1637486e-07  2.5838456e-07  0.00048498447  -1.3023583e-07  -0.00058704835  0.0000000   0.0012936826  
-3.0847327e-05  2.8308746e-07  -3.5033784e-07  0.00028396046  2.2198347e-07  2.5110073e-07  0.00048495331  0.00039391908  -0.0012936826  0.0000000   
