0.0000000   -3.4148813e-05  0.00011121061  -1.8033614e-05  4.2228417e-05  -9.7737498e-05  1.3284793e-05  4.7070195e-06  9.3327488e-06  -7.1026429e-07  
3.4148813e-05  0.0000000   7.4751315e-05  0.00043533567  1.6979200e-05  -0.00019783146  -0.0027503181  -0.0057792367  -0.00029903084  0.00039226015  
-0.00011121061  -7.4751315e-05  0.0000000   0.014016067  4.7753764e-05  8.6723810e-05  0.0012112072  -0.0012189092  -0.00018686985  -0.00020392204  
1.8033614e-05  -0.00043533567  -0.014016067  0.0000000   -0.0054876867  0.012232725  -0.00021755880  -4.6520783e-05  0.00020324755  -0.0013580111  
-4.2228417e-05  -1.6979200e-05  -4.7753764e-05  0.0054876867  0.0000000   0.00032439601  -0.0023606789  0.0012152771  -0.00033931412  -0.00019238589  
9.7737498e-05  0.00019783146  -8.6723810e-05  -0.012232725  -0.00032439601  0.0000000   -0.0017472606  0.00034871165  -0.00030575452  -5.8009317e-05  
-1.3284793e-05  0.0027503181  -0.0012112072  0.00021755880  0.0023606789  0.0017472606  0.0000000   -5.8511502e-06  -0.016117974  0.016026145  
-4.7070195e-06  0.0057792367  0.0012189092  4.6520783e-05  -0.0012152771  -0.00034871165  5.8511502e-06  0.0000000   -0.015511178  -0.016065646  
-9.3327488e-06  0.00029903084  0.00018686985  -0.00020324755  0.00033931412  0.00030575452  0.016117974  0.015511178  0.0000000   2.7136237e-05  
7.1026429e-07  -0.00039226015  0.00020392204  0.0013580111  0.00019238589  5.8009317e-05  -0.016026145  0.016065646  -2.7136237e-05  0.0000000   
