0.0000000   2.3719063e-06  2.9369327e-05  0.00011984039  -5.4530482e-05  4.2799601e-05  2.7839551e-05  -0.00014793368  2.5377578e-05  8.6371777e-06  
-2.3719063e-06  0.0000000   -0.00038741530  0.00073823019  0.00072413090  -1.0150788e-06  -2.1628135e-07  0.00021928791  1.6346308e-07  -9.6252335e-07  
-2.9369327e-05  0.00038741530  0.0000000   0.0020178643  -7.5719842e-07  0.00072190470  7.2010880e-07  -6.7105270e-07  0.00021861100  -2.2322482e-06  
-0.00011984039  -0.00073823019  -0.0020178643  0.0000000   -6.5589178e-07  -5.1710682e-07  0.00072150668  6.7509115e-07  2.2888328e-06  0.00021850472  
5.4530482e-05  -0.00072413090  7.5719842e-07  6.5589178e-07  0.0000000   -0.00038648501  0.00073643875  -0.0016980479  2.1317024e-06  9.7810806e-07  
-4.2799601e-05  1.0150788e-06  -0.00072190470  5.1710682e-07  0.00038648501  0.0000000   0.0020130031  2.0652247e-06  -0.0016928850  -4.0950517e-07  
-2.7839551e-05  2.1628135e-07  -7.2010880e-07  -0.00072150668  -0.00073643875  -0.0020130031  0.0000000   1.0911607e-06  -8.0174535e-08  -0.0016919374  
0.00014793368  -0.00021928791  6.7105270e-07  -6.7509115e-07  0.0016980479  -2.0652247e-06  -1.0911607e-06  0.0000000   -0.00038663533  0.00073675514  
-2.5377578e-05  -1.6346308e-07  -0.00021861100  -2.2888328e-06  -2.1317024e-06  0.0016928850  8.0174535e-08  0.00038663533  0.0000000   0.0020138909  
-8.6371777e-06  9.6252335e-07  2.2322482e-06  -0.00021850472  -9.7810806e-07  4.0950517e-07  0.0016919374  -0.00073675514  -0.0020138909  0.0000000   
