0.0000000   3.5998530e-08  -0.00013480002  3.3163428e-05  -7.0706670e-05  2.1377160e-05  -0.00030550922  7.8651201e-05  0.00028784274  8.3976273e-07  
-3.5998530e-08  0.0000000   -0.00012601411  0.00046742336  -1.3867859e-05  -0.00034095706  -1.2265835e-05  6.3299534e-05  1.0394484e-05  5.9333256e-06  
0.00013480002  0.00012601411  0.0000000   -0.0021164327  -0.011896026  -0.00036227541  0.00064236883  -0.011401817  0.00012319357  -3.7864335e-05  
-3.3163428e-05  -0.00046742336  0.0021164327  0.0000000   0.0025643081  0.00011013455  -4.8768691e-05  0.0025083751  -0.00019983131  0.00043776494  
7.0706670e-05  1.3867859e-05  0.011896026  -0.0025643081  0.0000000   -0.0015935744  0.00064957623  -0.0084352623  0.00029151045  -4.3634197e-06  
-2.1377160e-05  0.00034095706  0.00036227541  -0.00011013455  0.0015935744  0.0000000   0.00018287328  -0.00048683394  -0.00040825038  -0.00055384510  
0.00030550922  1.2265835e-05  -0.00064236883  4.8768691e-05  -0.00064957623  -0.00018287328  0.0000000   -0.0015806551  -0.00021033115  0.0015319677  
-7.8651201e-05  -6.3299534e-05  0.011401817  -0.0025083751  0.0084352623  0.00048683394  0.0015806551  0.0000000   0.0016758042  3.9070023e-05  
-0.00028784274  -1.0394484e-05  -0.00012319357  0.00019983131  -0.00029151045  0.00040825038  0.00021033115  -0.0016758042  0.0000000   0.0020124852  
-8.3976273e-07  -5.9333256e-06  3.7864335e-05  -0.00043776494  4.3634197e-06  0.00055384510  -0.0015319677  -3.9070023e-05  -0.0020124852  0.0000000   
