0.0000000   -5.5768430e-07  -1.8076596e-05  0.00016064982  -0.00012310127  -4.9951433e-05  -8.5970080e-05  -6.3335464e-05  -8.8084529e-05  6.1336861e-05  
5.5768430e-07  0.0000000   0.00066117130  -0.00037581474  -0.00075076947  5.9763651e-07  1.6031459e-06  0.00021500338  -1.0100179e-06  1.8329544e-08  
1.8076596e-05  -0.00066117130  0.0000000   -0.0033557495  9.7788041e-07  -0.00074349742  9.5993690e-07  5.1452140e-07  0.00021287436  4.0148693e-06  
-0.00016064982  0.00037581474  0.0033557495  0.0000000   1.3363731e-06  -1.1884859e-06  -0.00074376060  -8.4579667e-07  -3.9472596e-06  0.00021295791  
0.00012310127  0.00075076947  -9.7788041e-07  -1.3363731e-06  0.0000000   0.00065931528  -0.00037477787  0.0018544987  -1.9128593e-06  -3.6663970e-06  
4.9951433e-05  -5.9763651e-07  0.00074349742  1.1884859e-06  -0.00065931528  0.0000000   -0.0033465054  -2.0982345e-06  0.0018365088  -1.8871945e-07  
8.5970080e-05  -1.6031459e-06  -9.5993690e-07  0.00074376060  0.00037477787  0.0033465054  0.0000000   -3.6104697e-06  7.2600963e-07  0.0018372185  
6.3335464e-05  -0.00021500338  -5.1452140e-07  8.4579667e-07  -0.0018544987  2.0982345e-06  3.6104697e-06  0.0000000   0.00065969638  -0.00037495504  
8.8084529e-05  1.0100179e-06  -0.00021287436  3.9472596e-06  1.9128593e-06  -0.0018365088  -7.2600963e-07  -0.00065969638  0.0000000   -0.0033482052  
-6.1336861e-05  -1.8329544e-08  -4.0148693e-06  -0.00021295791  3.6663970e-06  1.8871945e-07  -0.0018372185  0.00037495504  0.0033482052  0.0000000   
