0.0000000   3.2637959e-06  -6.4997122e-05  6.6138598e-05  -1.4797836e-05  3.6984520e-05  -3.8860465e-05  -8.7152896e-05  -1.0069765e-05  -2.6610775e-05  
-3.2637959e-06  0.0000000   0.00012030784  0.00061425009  -0.00044940758  2.5853411e-07  2.1790356e-07  0.00029145040  -5.7863067e-08  4.2175916e-07  
6.4997122e-05  -0.00012030784  0.0000000   0.00091388208  1.4272913e-07  -0.00044907543  4.4718442e-07  -2.0169752e-07  0.00029123289  5.4829572e-07  
-6.6138598e-05  -0.00061425009  -0.00091388208  0.0000000   -3.2884150e-07  -3.8969623e-07  -0.00044907208  -3.4424274e-07  -5.8422892e-07  0.00029123174  
1.4797836e-05  0.00044940758  -1.4272913e-07  3.2884150e-07  0.0000000   0.00012004379  0.00061293364  -0.0016768246  7.9231973e-07  -8.8064590e-08  
-3.6984520e-05  -2.5853411e-07  0.00044907543  3.8969623e-07  -0.00012004379  0.0000000   0.00091191186  7.2931627e-07  -0.0016756120  3.1077522e-07  
3.8860465e-05  -2.1790356e-07  -4.4718442e-07  0.00044907208  -0.00061293364  -0.00091191186  0.0000000   -3.6022451e-07  -8.8141144e-08  -0.0016755782  
8.7152896e-05  -0.00029145040  2.0169752e-07  3.4424274e-07  0.0016768246  -7.2931627e-07  3.6022451e-07  0.0000000   0.00012005277  0.00061298027  
1.0069765e-05  5.7863067e-08  -0.00029123289  5.8422892e-07  -7.9231973e-07  0.0016756120  8.8141144e-08  -0.00012005277  0.0000000   0.00091200064  
2.6610775e-05  -4.2175916e-07  -5.4829572e-07  -0.00029123174  8.8064590e-08  -3.1077522e-07  0.0016755782  -0.00061298027  -0.00091200064  0.0000000   
