0.0000000   -1.4731588e-05  5.3012504e-05  -2.2378427e-05  -4.0815424e-05  -4.8702658e-05  -0.00025588438  -1.2022203e-06  -7.2706855e-07  -8.6142458e-07  
1.4731588e-05  0.0000000   5.3984093e-05  1.4025230e-05  5.5201750e-05  1.4876169e-08  2.3563462e-09  9.6223578e-06  -3.0417108e-07  -2.1754726e-08  
-5.3012504e-05  -5.3984093e-05  0.0000000   -0.0018392704  1.5307901e-08  5.5047617e-05  -2.1451785e-08  1.7186461e-07  1.0102860e-05  5.5937554e-06  
2.2378427e-05  -1.4025230e-05  0.0018392704  0.0000000   1.8837247e-08  5.8264508e-09  5.5044085e-05  4.4937268e-08  -5.8791270e-06  9.6217915e-06  
4.0815424e-05  -5.5201750e-05  -1.5307901e-08  -1.8837247e-08  0.0000000   5.3832522e-05  1.3977740e-05  -4.9322740e-06  3.5542573e-06  1.0756570e-06  
4.8702658e-05  -1.4876169e-08  -5.5047617e-05  -5.8264508e-09  -5.3832522e-05  0.0000000   -0.0018342683  -3.9501579e-06  -5.3819821e-06  -0.00013439300  
0.00025588438  -2.3563462e-09  2.1451785e-08  -5.5044085e-05  -1.3977740e-05  0.0018342683  0.0000000   -1.0396631e-06  0.00013200944  -4.5906984e-06  
1.2022203e-06  -9.6223578e-06  -1.7186461e-07  -4.4937268e-08  4.9322740e-06  3.9501579e-06  1.0396631e-06  0.0000000   -5.3855220e-05  -1.3989729e-05  
7.2706855e-07  3.0417108e-07  -1.0102860e-05  5.8791270e-06  -3.5542573e-06  5.3819821e-06  -0.00013200944  5.3855220e-05  0.0000000   0.0018345867  
8.6142458e-07  2.1754726e-08  -5.5937554e-06  -9.6217915e-06  -1.0756570e-06  0.00013439300  4.5906984e-06  1.3989729e-05  -0.0018345867  0.0000000   
