0.0000000   -1.3263335e-05  0.00013568473  6.5646428e-05  -3.7315650e-05  -1.5835097e-05  -7.5583744e-05  -0.00012781057  -4.3445310e-05  7.0214471e-05  
1.3263335e-05  0.0000000   0.00031521553  9.1888297e-05  -1.0947130e-05  0.00013777759  2.9037199e-06  0.00025811665  -6.4865130e-06  2.0396958e-05  
-0.00013568473  -0.00031521553  0.0000000   -0.0026630244  0.00053376055  1.2484640e-05  1.6827583e-05  9.5764217e-06  -3.0249566e-05  -9.3857193e-05  
-6.5646428e-05  -9.1888297e-05  0.0026630244  0.0000000   0.00033460364  1.1596930e-05  -0.00027089845  -3.7539418e-05  0.00012599909  2.5099336e-05  
3.7315650e-05  1.0947130e-05  -0.00053376055  -0.00033460364  0.0000000   2.1756738e-05  0.0023484437  -0.00020559870  -1.9986890e-05  0.0024980938  
1.5835097e-05  -0.00013777759  -1.2484640e-05  -1.1596930e-05  -2.1756738e-05  0.0000000   -0.00024159423  0.0024926896  -0.00055628240  0.00011467303  
7.5583744e-05  -2.9037199e-06  -1.6827583e-05  0.00027089845  -0.0023484437  0.00024159423  0.0000000   0.00011119633  0.0035583325  -0.00078456062  
0.00012781057  -0.00025811665  -9.5764217e-06  3.7539418e-05  0.00020559870  -0.0024926896  -0.00011119633  0.0000000   -4.1615479e-05  -1.0464622e-05  
4.3445310e-05  6.4865130e-06  3.0249566e-05  -0.00012599909  1.9986890e-05  0.00055628240  -0.0035583325  4.1615479e-05  0.0000000   -0.0027646386  
-7.0214471e-05  -2.0396958e-05  9.3857193e-05  -2.5099336e-05  -0.0024980938  -0.00011467303  0.00078456062  1.0464622e-05  0.0027646386  0.0000000   
