0.0000000   -3.5445925e-05  0.00016316522  -6.8802784e-05  3.6082877e-05  3.9770170e-06  8.7731774e-05  -0.00015811375  5.4485855e-05  1.4604613e-05  
3.5445925e-05  0.0000000   0.00014351215  -2.4466349e-05  8.4494445e-06  4.4949789e-05  1.3383354e-05  2.8325893e-05  2.9993896e-05  -1.8114171e-05  
-0.00016316522  -0.00014351215  0.0000000   -0.00078002391  0.00016775928  -4.1212202e-06  -1.4222435e-05  5.3840739e-05  4.7147221e-05  2.3364494e-05  
6.8802784e-05  2.4466349e-05  0.00078002391  0.0000000   -0.00011675837  5.3797073e-06  3.4011426e-05  -2.6021199e-06  -3.1350696e-05  4.7206947e-05  
-3.6082877e-05  -8.4494445e-06  -0.00016775928  0.00011675837  0.0000000   -9.9735590e-06  0.00055307000  0.00012336924  -0.00041565767  2.2402219e-05  
-3.9770170e-06  -4.4949789e-05  4.1212202e-06  -5.3797073e-06  9.9735590e-06  0.0000000   -0.00066975923  -0.00030204608  0.00037745885  -0.00090243730  
-8.7731774e-05  -1.3383354e-05  1.4222435e-05  -3.4011426e-05  -0.00055307000  0.00066975923  0.0000000   1.5131026e-05  0.010085043  -0.010819902  
0.00015811375  -2.8325893e-05  -5.3840739e-05  2.6021199e-06  -0.00012336924  0.00030204608  -1.5131026e-05  0.0000000   1.1072157e-05  1.0007053e-06  
-5.4485855e-05  -2.9993896e-05  -4.7147221e-05  3.1350696e-05  0.00041565767  -0.00037745885  -0.010085043  -1.1072157e-05  0.0000000   -0.010629429  
-1.4604613e-05  1.8114171e-05  -2.3364494e-05  -4.7206947e-05  -2.2402219e-05  0.00090243730  0.010819902  -1.0007053e-06  0.010629429  0.0000000   
