0.0000000   -1.3870629e-05  -6.0251249e-05  2.8639447e-05  2.8870002e-05  -3.1014131e-05  8.8548977e-06  -4.0971995e-05  -1.1650857e-05  1.8212427e-05  
1.3870629e-05  0.0000000   0.00035807466  5.9477700e-05  0.00029861480  1.3504618e-07  -7.9790888e-07  -0.00015551691  -6.3104070e-08  4.2038534e-07  
6.0251249e-05  -0.00035807466  0.0000000   -0.0085454930  1.1187079e-07  0.00027930377  -3.1140859e-07  -6.7832216e-08  -0.00014545610  9.4594833e-08  
-2.8639447e-05  -5.9477700e-05  0.0085454930  0.0000000   -7.9269020e-07  2.8790758e-07  0.00027928786  4.0045005e-07  -7.4112602e-08  -0.00014545190  
-2.8870002e-05  -0.00029861480  -1.1187079e-07  7.9269020e-07  0.0000000   0.00035810445  5.9468801e-05  -2.7170854e-05  2.6457637e-08  7.4377986e-08  
3.1014131e-05  -1.3504618e-07  -0.00027930377  -2.8790758e-07  -0.00035810445  0.0000000   -0.0085463703  -5.4312224e-08  -2.5410604e-05  -9.7966762e-07  
-8.8548977e-06  7.9790888e-07  3.1140859e-07  -0.00027928786  -5.9468801e-05  0.0085463703  0.0000000   5.3357504e-08  9.8399662e-07  -2.5409097e-05  
4.0971995e-05  0.00015551691  6.7832216e-08  -4.0045005e-07  2.7170854e-05  5.4312224e-08  -5.3357504e-08  0.0000000   0.00035812934  5.9488781e-05  
1.1650857e-05  6.3104070e-08  0.00014545610  7.4112602e-08  -2.6457637e-08  2.5410604e-05  -9.8399662e-07  -0.00035812934  0.0000000   -0.0085468053  
-1.8212427e-05  -4.2038534e-07  -9.4594833e-08  0.00014545190  -7.4377986e-08  9.7966762e-07  2.5409097e-05  -5.9488781e-05  0.0085468053  0.0000000   
