0.0000000   2.9602850e-06  -3.2838649e-06  -4.9304479e-05  -0.00014097937  -1.6929923e-05  2.1335169e-06  0.00017872932  4.5746184e-06  9.8411380e-06  
-2.9602850e-06  0.0000000   -0.00067917149  1.2169109e-06  -8.8961929e-06  0.00088231745  0.00015535685  1.2661999e-05  -0.00021622571  -7.5035479e-05  
3.2838649e-06  0.00067917149  0.0000000   -2.1279403e-05  -6.6352411e-05  3.7317894e-05  0.0011512184  3.7076618e-05  8.2718007e-06  -0.00032553815  
4.9304479e-05  -1.2169109e-06  2.1279403e-05  0.0000000   0.00096022367  0.00035372015  2.1490737e-05  -0.00035979401  0.00096795401  0.00013989786  
0.00014097937  8.8961929e-06  6.6352411e-05  -0.00096022367  0.0000000   0.00026716895  6.1720594e-05  -0.0030874291  -0.0022412357  -2.4756920e-05  
1.6929923e-05  -0.00088231745  -3.7317894e-05  -0.00035372015  -0.00026716895  0.0000000   -0.0025874996  0.00081190201  0.00015868200  -0.016847188  
-2.1335169e-06  -0.00015535685  -0.0011512184  -2.1490737e-05  -6.1720594e-05  0.0025874996  0.0000000   2.6891125e-05  -0.00065496613  -0.00025347274  
-0.00017872932  -1.2661999e-05  -3.7076618e-05  0.00035979401  0.0030874291  -0.00081190201  -2.6891125e-05  0.0000000   -0.00064372142  9.0623105e-05  
-4.5746184e-06  0.00021622571  -8.2718007e-06  -0.00096795401  0.0022412357  -0.00015868200  0.00065496613  0.00064372142  0.0000000   0.0047600519  
-9.8411380e-06  7.5035479e-05  0.00032553815  -0.00013989786  2.4756920e-05  0.016847188  0.00025347274  -9.0623105e-05  -0.0047600519  0.0000000   
