0.0000000   6.3269573e-07  -0.00016340844  0.00012031903  0.00018374357  6.6234590e-06  6.1828993e-06  9.6855328e-06  3.6256309e-05  6.1159981e-06  
-6.3269573e-07  0.0000000   0.00016201124  -8.2846511e-06  0.00012706816  -4.9029892e-08  1.2969312e-07  -0.00019872805  -3.3119974e-08  -1.9431612e-07  
0.00016340844  -0.00016201124  0.0000000   0.0060154376  -5.5942887e-08  0.00012297832  -1.9525311e-06  -2.6720946e-08  -0.00019242260  -1.3012742e-06  
-0.00012031903  8.2846511e-06  -0.0060154376  0.0000000   -5.3618244e-08  1.9282596e-06  0.00012295019  -1.6916896e-07  1.3157073e-06  -0.00019236543  
-0.00018374357  -0.00012706816  5.5942887e-08  5.3618244e-08  0.0000000   0.00016120468  -8.2707653e-06  -0.0024971066  -3.8316416e-08  -2.4858365e-06  
-6.6234590e-06  4.9029892e-08  -0.00012297832  -1.9282596e-06  -0.00016120468  0.0000000   0.0059845455  -3.7936407e-08  -0.0024175382  1.0764100e-07  
-6.1828993e-06  -1.2969312e-07  1.9525311e-06  -0.00012295019  8.2707653e-06  -0.0059845455  0.0000000   -2.4747741e-06  3.8617956e-07  -0.0024170453  
-9.6855328e-06  0.00019872805  2.6720946e-08  1.6916896e-07  0.0024971066  3.7936407e-08  2.4747741e-06  0.0000000   0.00016122272  -8.2664607e-06  
-3.6256309e-05  3.3119974e-08  0.00019242260  -1.3157073e-06  3.8316416e-08  0.0024175382  -3.8617956e-07  -0.00016122272  0.0000000   0.0059858201  
-6.1159981e-06  1.9431612e-07  1.3012742e-06  0.00019236543  2.4858365e-06  -1.0764100e-07  0.0024170453  8.2664607e-06  -0.0059858201  0.0000000   
