0.0000000   -5.2403917e-05  0.00021825317  -0.00010421747  -5.5666438e-05  4.8782314e-05  -5.6093403e-05  8.9298309e-05  -0.00010998203  -4.3210944e-05  
5.2403917e-05  0.0000000   0.00011629795  9.9638515e-05  -0.00033115927  0.00016344069  9.7513874e-06  -0.00015022444  -0.00063520021  -0.0012848297  
-0.00021825317  -0.00011629795  0.0000000   1.0599708e-05  -0.00020144326  0.00018714854  2.1162803e-05  0.013568860  0.0011503966  -0.00026014756  
0.00010421747  -9.9638515e-05  -1.0599708e-05  0.0000000   0.00027130005  -0.00010425965  -1.6812288e-05  0.0096025300  -0.0017278501  -0.0013148161  
5.5666438e-05  0.00033115927  0.00020144326  -0.00027130005  0.0000000   0.00013782302  5.4614197e-05  0.016133788  0.0030355470  -0.00049104922  
-4.8782314e-05  -0.00016344069  -0.00018714854  0.00010425965  -0.00013782302  0.0000000   -2.7907997e-05  -0.00017554254  -0.0062022821  -0.013820862  
5.6093403e-05  -9.7513874e-06  -2.1162803e-05  1.6812288e-05  -5.4614197e-05  2.7907997e-05  0.0000000   0.0032326504  -0.018790215  0.012378973  
-8.9298309e-05  0.00015022444  -0.013568860  -0.0096025300  -0.016133788  0.00017554254  -0.0032326504  0.0000000   4.2280042e-05  -0.00017005005  
0.00010998203  0.00063520021  -0.0011503966  0.0017278501  -0.0030355470  0.0062022821  0.018790215  -4.2280042e-05  0.0000000   7.6237554e-05  
4.3210944e-05  0.0012848297  0.00026014756  0.0013148161  0.00049104922  0.013820862  -0.012378973  0.00017005005  -7.6237554e-05  0.0000000   
