0.0000000   3.4767272e-06  -0.00015805341  -5.4279247e-05  -0.00015080157  -1.0848808e-06  6.4815022e-05  4.9274896e-05  8.5103440e-05  -1.3552450e-05  
-3.4767272e-06  0.0000000   -0.00025055370  -2.8693956e-05  0.00022142431  1.3979990e-08  -6.7968972e-08  -3.5165198e-05  -2.5018664e-10  1.1998048e-08  
0.00015805341  0.00025055370  0.0000000   0.0013300976  3.0811015e-09  0.00022101741  -6.7399470e-08  1.5748011e-09  -3.5096060e-05  -3.4802527e-08  
5.4279247e-05  2.8693956e-05  -0.0013300976  0.0000000   -3.6633507e-08  2.7703984e-08  0.00022104241  3.9201157e-09  2.3059881e-08  -3.5103506e-05  
0.00015080157  -0.00022142431  -3.0811015e-09  3.6633507e-08  0.0000000   -0.00025062736  -2.8695321e-05  -8.9624641e-05  2.1519787e-08  2.2175280e-08  
1.0848808e-06  -1.3979990e-08  -0.00022101741  -2.7703984e-08  0.00025062736  0.0000000   0.0013304586  -1.7976938e-08  -8.9474752e-05  -7.6919883e-08  
-6.4815022e-05  6.7968972e-08  6.7399470e-08  -0.00022104241  2.8695321e-05  -0.0013304586  0.0000000   2.2949859e-08  9.8556566e-08  -8.9486808e-05  
-4.9274896e-05  3.5165198e-05  -1.5748011e-09  -3.9201157e-09  8.9624641e-05  1.7976938e-08  -2.2949859e-08  0.0000000   -0.00025059880  -2.8701670e-05  
-8.5103440e-05  2.5018664e-10  3.5096060e-05  -2.3059881e-08  -2.1519787e-08  8.9474752e-05  -9.8556566e-08  0.00025059880  0.0000000   0.0013303303  
1.3552450e-05  -1.1998048e-08  3.4802527e-08  3.5103506e-05  -2.2175280e-08  7.6919883e-08  8.9486808e-05  2.8701670e-05  -0.0013303303  0.0000000   
