0.0000000   8.5433167e-06  -0.00019809353  0.00026352279  -0.00025050780  -2.7705579e-06  0.00010346767  -0.00023616077  0.00010437557  -1.0923884e-05  
-8.5433167e-06  0.0000000   0.00090242345  -0.00016850731  -0.00084116352  -1.0127561e-07  -8.4118575e-07  7.8364531e-05  3.3366549e-07  1.7377817e-08  
0.00019809353  -0.00090242345  0.0000000   0.0013559752  -1.0972668e-07  -0.00083974700  3.2083862e-08  -2.1353809e-07  7.8158662e-05  5.0454785e-07  
-0.00026352279  0.00016850731  -0.0013559752  0.0000000   -7.7536627e-07  -3.3856711e-09  -0.00084006215  1.6997403e-07  -4.4451929e-07  7.8233297e-05  
0.00025050780  0.00084116352  1.0972668e-07  7.7536627e-07  0.0000000   0.00090219627  -0.00016851401  -0.00047071460  -7.0020890e-08  -4.4479022e-07  
2.7705579e-06  1.0127561e-07  0.00083974700  3.3856711e-09  -0.00090219627  0.0000000   0.0013557963  -1.1621303e-07  -0.00046993959  1.1552272e-07  
-0.00010346767  8.4118575e-07  -3.2083862e-08  0.00084006215  0.00016851401  -0.0013557963  0.0000000   -4.2647079e-07  -7.5300358e-08  -0.00047013840  
0.00023616077  -7.8364531e-05  2.1353809e-07  -1.6997403e-07  0.00047071460  1.1621303e-07  4.2647079e-07  0.0000000   0.00090287312  -0.00016857265  
-0.00010437557  -3.3366549e-07  -7.8158662e-05  4.4451929e-07  7.0020890e-08  0.00046993959  7.5300358e-08  -0.00090287312  0.0000000   0.0013568315  
1.0923884e-05  -1.7377817e-08  -5.0454785e-07  -7.8233297e-05  4.4479022e-07  -1.1552272e-07  0.00047013840  0.00016857265  -0.0013568315  0.0000000   
