0.0000000   2.5503941e-05  3.5059677e-06  1.5549224e-05  9.3941184e-05  -8.8845421e-05  -1.3195557e-06  9.5733488e-06  -8.1033409e-07  -6.3482324e-06  
-2.5503941e-05  0.0000000   -0.00016889485  -4.1294745e-05  0.00046629188  -0.0091434157  -0.00015311469  0.00026251372  0.00014354871  1.3213993e-05  
-3.5059677e-06  0.00016889485  0.0000000   -0.0032710823  -0.00022103763  -1.9552434e-05  0.00038061069  -0.0036236882  -7.4359337e-05  -0.00028146651  
-1.5549224e-05  4.1294745e-05  0.0032710823  0.0000000   -0.00010145749  -0.00011246692  -0.00055998271  -0.00018479922  -7.4927677e-05  -0.00012500680  
-9.3941184e-05  -0.00046629188  0.00022103763  0.00010145749  0.0000000   0.00063842511  6.3118270e-05  1.7641043e-05  -0.0026295814  0.00024827913  
8.8845421e-05  0.0091434157  1.9552434e-05  0.00011246692  -0.00063842511  0.0000000   -0.00023416964  0.00045518612  0.00070826284  -0.015274700  
1.3195557e-06  0.00015311469  -0.00038061069  0.00055998271  -6.3118270e-05  0.00023416964  0.0000000   -0.00034339201  7.0480905e-05  -0.00022777368  
-9.5733488e-06  -0.00026251372  0.0036236882  0.00018479922  -1.7641043e-05  -0.00045518612  0.00034339201  0.0000000   0.00026282382  0.00044392631  
8.1033409e-07  -0.00014354871  7.4359337e-05  7.4927677e-05  0.0026295814  -0.00070826284  -7.0480905e-05  -0.00026282382  0.0000000   -0.0011886909  
6.3482324e-06  -1.3213993e-05  0.00028146651  0.00012500680  -0.00024827913  0.015274700  0.00022777368  -0.00044392631  0.0011886909  0.0000000   
