0.0000000   1.7379064e-05  -3.7613033e-06  -2.8903920e-05  -0.00020771747  -5.7284606e-06  -0.00019321864  3.2940610e-05  4.2325892e-06  2.6706559e-05  
-1.7379064e-05  0.0000000   -3.5955489e-05  -0.00047867613  -0.00011720873  -5.5768016e-07  -2.8410917e-07  -0.00040002883  -1.7017541e-06  2.0494676e-07  
3.7613033e-06  3.5955489e-05  0.0000000   -3.0067011e-06  1.0523976e-06  0.00011589805  -1.6681507e-05  -2.1170125e-06  0.00039529239  -6.2108880e-05  
2.8903920e-05  0.00047867613  3.0067011e-06  0.0000000   2.7253956e-07  -1.8164482e-05  -0.00011590667  8.7247724e-08  -6.2164309e-05  -0.00039515511  
0.00020771747  0.00011720873  -1.0523976e-06  -2.7253956e-07  0.0000000   -3.6141436e-05  -0.00047729250  0.0018688036  6.8446747e-06  -6.1158124e-07  
5.7284606e-06  5.5768016e-07  -0.00011589805  1.8164482e-05  3.6141436e-05  0.0000000   -3.0727902e-06  8.6686973e-06  -0.0018470995  0.00028920920  
0.00019321864  2.8410917e-07  1.6681507e-05  0.00011590667  0.00047729250  3.0727902e-06  0.0000000   -7.5489872e-07  0.00028750656  0.0018462994  
-3.2940610e-05  0.00040002883  2.1170125e-06  -8.7247724e-08  -0.0018688036  -8.6686973e-06  7.5489872e-07  0.0000000   -3.5694893e-05  -0.00047735701  
-4.2325892e-06  1.7017541e-06  -0.00039529239  6.2164309e-05  -6.8446747e-06  0.0018470995  -0.00028750656  3.5694893e-05  0.0000000   -3.4580443e-06  
-2.6706559e-05  -2.0494676e-07  6.2108880e-05  0.00039515511  6.1158124e-07  -0.00028920920  -0.0018462994  0.00047735701  3.4580443e-06  0.0000000   
