0.0000000   1.7729688e-05  -3.3444362e-05  3.7032992e-05  9.6210304e-06  -1.2250637e-06  -2.8349212e-05  1.8072928e-05  -3.1204808e-05  -1.0479336e-06  
-1.7729688e-05  0.0000000   0.00014474144  0.00010663486  0.00024598835  -1.0782769e-07  7.1601265e-08  -0.00016574065  7.3451629e-09  -9.4485521e-08  
3.3444362e-05  -0.00014474144  0.0000000   0.0032824847  -4.4185771e-08  0.00024368242  -7.2340673e-07  8.7693475e-08  -0.00016418720  -9.3341798e-07  
-3.7032992e-05  -0.00010663486  -0.0032824847  0.0000000   1.1819602e-07  7.2500222e-07  0.00024370392  -3.1959118e-08  9.3263431e-07  -0.00016420060  
-9.6210304e-06  -0.00024598835  4.4185771e-08  -1.1819602e-07  0.0000000   0.00014447837  0.00010643587  -0.0014400500  4.5643846e-07  -5.5549210e-07  
1.2250637e-06  1.0782769e-07  -0.00024368242  -7.2500222e-07  -0.00014447837  0.0000000   0.0032764937  4.3518360e-07  -0.0014265575  2.4783454e-07  
2.8349212e-05  -7.1601265e-08  7.2340673e-07  -0.00024370392  -0.00010643587  -0.0032764937  0.0000000   -5.7581325e-07  -2.4522683e-07  -0.0014266591  
-1.8072928e-05  0.00016574065  -8.7693475e-08  3.1959118e-08  0.0014400500  -4.3518360e-07  5.7581325e-07  0.0000000   0.00014450784  0.00010645709  
3.1204808e-05  -7.3451629e-09  0.00016418720  -9.3263431e-07  -4.5643846e-07  0.0014265575  2.4522683e-07  -0.00014450784  0.0000000   0.0032771076  
1.0479336e-06  9.4485521e-08  9.3341798e-07  0.00016420060  5.5549210e-07  -2.4783454e-07  0.0014266591  -0.00010645709  -0.0032771076  0.0000000   
