0.0000000   3.8593680e-05  8.2046967e-05  -3.1336069e-05  1.8697092e-05  -2.3992368e-05  8.2865829e-05  6.3464420e-05  -9.4608303e-05  -4.2489155e-05  
-3.8593680e-05  0.0000000   -6.5766065e-05  -0.00040024791  0.00036595795  4.0581699e-05  0.00022900439  -0.00017133451  -4.0907261e-05  2.1860692e-05  
-8.2046967e-05  6.5766065e-05  0.0000000   -0.00053064299  -0.00071302270  0.00011770111  -0.00032248366  -0.00041748169  0.00032112358  0.00037163921  
3.1336069e-05  0.00040024791  0.00053064299  0.0000000   -0.0013021085  6.2099338e-05  0.00010082298  0.00075159884  -0.00014552912  0.00025748756  
-1.8697092e-05  -0.00036595795  0.00071302270  0.0013021085  0.0000000   -5.2238202e-05  0.00064511943  0.0024752089  -0.00067015476  -0.00050481730  
2.3992368e-05  -4.0581699e-05  -0.00011770111  -6.2099338e-05  5.2238202e-05  0.0000000   -0.00038395360  -2.0448987e-05  0.0013967386  0.00011247498  
-8.2865829e-05  -0.00022900439  0.00032248366  -0.00010082298  -0.00064511943  0.00038395360  0.0000000   -0.00033487354  -7.2449587e-05  0.0019437923  
-6.3464420e-05  0.00017133451  0.00041748169  -0.00075159884  -0.0024752089  2.0448987e-05  0.00033487354  0.0000000   -0.00056947741  -7.9208049e-05  
9.4608303e-05  4.0907261e-05  -0.00032112358  0.00014552912  0.00067015476  -0.0013967386  7.2449587e-05  0.00056947741  0.0000000   -0.0018815801  
4.2489155e-05  -2.1860692e-05  -0.00037163921  -0.00025748756  0.00050481730  -0.00011247498  -0.0019437923  7.9208049e-05  0.0018815801  0.0000000   
