0.0000000   -4.5229586e-05  0.00032051199  0.00014643653  0.00035307265  2.8821674e-05  -0.00015041321  -8.1633016e-05  -0.00011900938  -3.2437252e-05  
4.5229586e-05  0.0000000   4.8885424e-05  -5.9307683e-05  2.6152611e-05  -1.2426618e-08  -5.6965662e-09  -5.5958375e-05  9.9672202e-10  1.7802344e-08  
-0.00032051199  -4.8885424e-05  0.0000000   -0.0018438186  7.0749070e-08  2.6158465e-05  -7.4174211e-09  -2.9711514e-08  -5.5802334e-05  -5.6991302e-08  
-0.00014643653  5.9307683e-05  0.0018438186  0.0000000   -1.7890697e-07  2.1164300e-08  2.6154154e-05  4.0762676e-08  4.4644107e-08  -5.5795450e-05  
-0.00035307265  -2.6152611e-05  -7.0749070e-08  1.7890697e-07  0.0000000   4.8961356e-05  -5.9266587e-05  9.6087415e-05  1.6368449e-08  -8.0927461e-08  
-2.8821674e-05  1.2426618e-08  -2.6158465e-05  -2.1164300e-08  -4.8961356e-05  0.0000000   -0.0018440291  1.0806204e-08  9.5855401e-05  -3.4014535e-10  
0.00015041321  5.6965662e-09  7.4174211e-09  -2.6154154e-05  5.9266587e-05  0.0018440291  0.0000000   -1.9174261e-09  2.4318189e-08  9.5831440e-05  
8.1633016e-05  5.5958375e-05  2.9711514e-08  -4.0762676e-08  -9.6087415e-05  -1.0806204e-08  1.9174261e-09  0.0000000   4.8870358e-05  -5.9275710e-05  
0.00011900938  -9.9672202e-10  5.5802334e-05  -4.4644107e-08  -1.6368449e-08  -9.5855401e-05  -2.4318189e-08  -4.8870358e-05  0.0000000   -0.0018441305  
3.2437252e-05  -1.7802344e-08  5.6991302e-08  5.5795450e-05  8.0927461e-08  3.4014535e-10  -9.5831440e-05  5.9275710e-05  0.0018441305  0.0000000   
