0.0000000   -5.2411341e-05  -3.5556797e-05  -1.2933473e-05  1.5520061e-05  -4.1448431e-06  3.2958003e-05  9.5133413e-06  3.6515418e-05  -1.3602584e-06  
5.2411341e-05  0.0000000   0.00022646328  0.00052599341  -7.5106475e-05  1.1733792e-07  4.4112567e-07  -0.00056529126  -5.0011537e-07  1.4534506e-07  
3.5556797e-05  -0.00022646328  0.0000000   -0.0019770118  -2.4796849e-07  -7.4873664e-05  -1.5746912e-06  -4.6999333e-07  -0.00056355522  2.6526479e-07  
1.2933473e-05  -0.00052599341  0.0019770118  0.0000000   -3.9669888e-07  1.6018993e-06  -7.4832682e-05  2.2976331e-07  -2.9822183e-08  -0.00056325146  
-1.5520061e-05  7.5106475e-05  2.4796849e-07  3.9669888e-07  0.0000000   0.00022601488  0.00052495055  0.0016001786  1.3889529e-06  -5.1075138e-07  
4.1448431e-06  -1.1733792e-07  7.4873664e-05  -1.6018993e-06  -0.00022601488  0.0000000   -0.0019731030  1.3727036e-06  0.0015952733  -4.1800190e-07  
-3.2958003e-05  -4.4112567e-07  1.5746912e-06  7.4832682e-05  -0.00052495055  0.0019731030  0.0000000   -5.5948907e-07  -2.5396281e-07  0.0015944009  
-9.5133413e-06  0.00056529126  4.6999333e-07  -2.2976331e-07  -0.0016001786  -1.3727036e-06  5.5948907e-07  0.0000000   0.00022606021  0.00052505596  
-3.6515418e-05  5.0011537e-07  0.00056355522  2.9822183e-08  -1.3889529e-06  -0.0015952733  2.5396281e-07  -0.00022606021  0.0000000   -0.0019734959  
1.3602584e-06  -1.4534506e-07  -2.6526479e-07  0.00056325146  5.1075138e-07  4.1800190e-07  -0.0015944009  -0.00052505596  0.0019734959  0.0000000   
