0.0000000   3.0346972e-05  -0.00013191310  1.8129154e-05  -0.00015987024  -3.8060111e-05  -8.1898225e-05  9.9240104e-05  -7.5154096e-05  3.9256895e-05  
-3.0346972e-05  0.0000000   -0.00069038919  2.3093529e-05  0.00064197777  7.4025653e-07  -2.4947286e-06  -0.00033312475  1.6555325e-06  1.2276095e-06  
0.00013191310  0.00069038919  0.0000000   0.0066200129  -8.9829344e-07  0.00061735192  -8.1416886e-06  -1.4996094e-06  -0.00032032504  -1.5367550e-05  
-1.8129154e-05  -2.3093529e-05  -0.0066200129  0.0000000   -2.3130977e-06  8.2783918e-06  0.00061747414  1.2451187e-06  1.5365578e-05  -0.00032038931  
0.00015987024  -0.00064197777  8.9829344e-07  2.3130977e-06  0.0000000   -0.00068085625  2.2730941e-05  -0.0040131969  4.6905779e-07  1.5389957e-05  
3.8060111e-05  -7.4025653e-07  -0.00061735192  -8.2783918e-06  0.00068085625  0.0000000   0.0065289554  8.4753291e-07  -0.0038590430  1.0767436e-06  
8.1898225e-05  2.4947286e-06  8.1416886e-06  -0.00061747414  -2.2730941e-05  -0.0065289554  0.0000000   1.5418075e-05  -1.6845902e-06  -0.0038596178  
-9.9240104e-05  0.00033312475  1.4996094e-06  -1.2451187e-06  0.0040131969  -8.4753291e-07  -1.5418075e-05  0.0000000   -0.00068112531  2.2782659e-05  
7.5154096e-05  -1.6555325e-06  0.00032032504  -1.5365578e-05  -4.6905779e-07  0.0038590430  1.6845902e-06  0.00068112531  0.0000000   0.0065311621  
-3.9256895e-05  -1.2276095e-06  1.5367550e-05  0.00032038931  -1.5389957e-05  -1.0767436e-06  0.0038596178  -2.2782659e-05  -0.0065311621  0.0000000   
