0.0000000   -6.2723732e-07  6.2700160e-06  2.4756612e-05  3.5352881e-05  -5.8485256e-06  -4.7097346e-05  1.0139360e-06  5.0944336e-05  1.3213248e-05  
6.2723732e-07  0.0000000   -0.00026343865  4.6039006e-05  0.00014980959  0.00025125276  7.2484094e-05  -0.00034580344  4.7992712e-05  1.4662687e-05  
-6.2700160e-06  0.00026343865  0.0000000   -0.0016587778  0.0011811721  7.6591570e-05  -0.00040695553  -0.011259616  0.0014429687  -0.00013725054  
-2.4756612e-05  -4.6039006e-05  0.0016587778  0.0000000   -0.0011044795  1.0497438e-05  -0.00042908260  0.0092164527  0.0012146300  -0.00039050495  
-3.5352881e-05  -0.00014980959  -0.0011811721  0.0011044795  0.0000000   -0.00013803832  -0.00072776983  0.0017335171  -0.0017530060  -0.00087056883  
5.8485256e-06  -0.00025125276  -7.6591570e-05  -1.0497438e-05  0.00013803832  0.0000000   0.00078033653  0.0010506427  0.0021713572  0.00016811510  
4.7097346e-05  -7.2484094e-05  0.00040695553  0.00042908260  0.00072776983  -0.00078033653  0.0000000   -0.00033482100  0.023570881  0.0026940963  
-1.0139360e-06  0.00034580344  0.011259616  -0.0092164527  -0.0017335171  -0.0010506427  0.00033482100  0.0000000   -0.00039156110  -0.00019544854  
-5.0944336e-05  -4.7992712e-05  -0.0014429687  -0.0012146300  0.0017530060  -0.0021713572  -0.023570881  0.00039156110  0.0000000   0.0015323387  
-1.3213248e-05  -1.4662687e-05  0.00013725054  0.00039050495  0.00087056883  -0.00016811510  -0.0026940963  0.00019544854  -0.0015323387  0.0000000   
