0.0000000   -4.3887245e-05  9.7581801e-06  -2.9376459e-05  -2.1801049e-06  -6.1547050e-07  3.8973057e-05  4.2052763e-05  6.5474080e-05  -7.4247715e-06  
4.3887245e-05  0.0000000   -0.00020666503  0.00014329243  0.00020916720  2.0047667e-07  1.7006136e-07  0.00013527739  2.9690652e-08  1.6786051e-07  
-9.7581801e-06  0.00020666503  0.0000000   -0.0051872805  1.0601233e-07  0.00020429868  1.1680464e-06  1.6094192e-07  0.00013211425  -1.7319213e-06  
2.9376459e-05  -0.00014329243  0.0051872805  0.0000000   2.3032669e-07  -1.1509940e-06  0.00020427451  7.9415307e-08  1.7418205e-06  0.00013210321  
2.1801049e-06  -0.00020916720  -1.0601233e-07  -2.3032669e-07  0.0000000   -0.00020608008  0.00014289225  0.0018113318  1.3037142e-06  1.7374237e-06  
6.1547050e-07  -2.0047667e-07  -0.00020429868  1.1509940e-06  0.00020608008  0.0000000   -0.0051727464  1.3113970e-06  0.0017691505  1.0231943e-07  
-3.8973057e-05  -1.7006136e-07  -1.1680464e-06  -0.00020427451  -0.00014289225  0.0051727464  0.0000000   1.7362668e-06  7.4322302e-08  0.0017689692  
-4.2052763e-05  -0.00013527739  -1.6094192e-07  -7.9415307e-08  -0.0018113318  -1.3113970e-06  -1.7362668e-06  0.0000000   -0.00020609108  0.00014291517  
-6.5474080e-05  -2.9690652e-08  -0.00013211425  -1.7418205e-06  -1.3037142e-06  -0.0017691505  -7.4322302e-08  0.00020609108  0.0000000   -0.0051731112  
7.4247715e-06  -1.6786051e-07  1.7319213e-06  -0.00013210321  -1.7374237e-06  -1.0231943e-07  -0.0017689692  -0.00014291517  0.0051731112  0.0000000   
