0.0000000   -3.0411807e-05  8.6411485e-05  5.3174656e-05  -8.0131658e-05  2.3254384e-05  4.4023253e-05  5.3039326e-05  1.3126963e-05  1.6299960e-06  
3.0411807e-05  0.0000000   0.00033544426  -0.00030725910  0.00031377530  9.2548242e-07  7.7203291e-07  0.00012800595  7.2609860e-08  5.9295162e-07  
-8.6411485e-05  -0.00033544426  0.0000000   0.0093291823  7.2658032e-07  0.00028950545  3.2552655e-06  5.4149886e-07  0.00011809002  -7.1828948e-06  
-5.3174656e-05  0.00030725910  -0.0093291823  0.0000000   9.2105452e-07  -3.1696105e-06  0.00028944890  1.3434186e-07  7.2319201e-06  0.00011806756  
8.0131658e-05  -0.00031377530  -7.2658032e-07  -9.2105452e-07  0.0000000   0.00033278902  -0.00030483053  -0.0030113818  -7.8557524e-06  -8.3522824e-06  
-2.3254384e-05  -9.2548242e-07  -0.00028950545  3.1696105e-06  -0.00033278902  0.0000000   0.0092557085  -7.8753589e-06  -0.0027783412  -4.6561837e-07  
-4.4023253e-05  -7.7203291e-07  -3.2552655e-06  -0.00028944890  0.00030483053  -0.0092557085  0.0000000   -8.3546565e-06  -4.5040657e-07  -0.0027778340  
-5.3039326e-05  -0.00012800595  -5.4149886e-07  -1.3434186e-07  0.0030113818  7.8753589e-06  8.3546565e-06  0.0000000   0.00033288152  -0.00030491306  
-1.3126963e-05  -7.2609860e-08  -0.00011809002  -7.2319201e-06  7.8557524e-06  0.0027783412  4.5040657e-07  -0.00033288152  0.0000000   0.0092574172  
-1.6299960e-06  -5.9295162e-07  7.1828948e-06  -0.00011806756  8.3522824e-06  4.6561837e-07  0.0027778340  0.00030491306  -0.0092574172  0.0000000   
