0.0000000   -1.4276864e-06  -0.00019232097  2.1469389e-05  2.7131595e-05  -0.00015759009  -7.0474404e-06  5.9318917e-06  -1.3231900e-05  8.8643570e-06  
1.4276864e-06  0.0000000   3.4426492e-05  -0.00010633329  0.00031109362  -0.00010546955  0.00036886332  6.9747350e-05  -0.00015585094  1.9921647e-06  
0.00019232097  -3.4426492e-05  0.0000000   -0.00021452034  -0.00066347140  -0.00016694830  -2.4330414e-05  -4.9369197e-05  0.00067099482  -9.4202003e-05  
-2.1469389e-05  0.00010633329  0.00021452034  0.0000000   -8.3557149e-05  -0.00034919441  3.6989370e-05  0.0012746664  -0.00016866880  -0.00055285913  
-2.7131595e-05  -0.00031109362  0.00066347140  8.3557149e-05  0.0000000   -0.00079967593  0.00010447266  -0.00044682369  -5.3378988e-05  0.00025382668  
0.00015759009  0.00010546955  0.00016694830  0.00034919441  0.00079967593  0.0000000   4.9414630e-05  8.0929421e-05  0.00050813338  -0.00013908078  
7.0474404e-06  -0.00036886332  2.4330414e-05  -3.6989370e-05  -0.00010447266  -4.9414630e-05  0.0000000   6.2234497e-05  4.2193812e-05  -1.6264694e-07  
-5.9318917e-06  -6.9747350e-05  4.9369197e-05  -0.0012746664  0.00044682369  -8.0929421e-05  -6.2234497e-05  0.0000000   -0.00086054806  -0.00054345779  
1.3231900e-05  0.00015585094  -0.00067099482  0.00016866880  5.3378988e-05  -0.00050813338  -4.2193812e-05  0.00086054806  0.0000000   0.0011991980  
-8.8643570e-06  -1.9921647e-06  9.4202003e-05  0.00055285913  -0.00025382668  0.00013908078  1.6264694e-07  0.00054345779  -0.0011991980  0.0000000   
