0.0000000   1.2202976e-05  -7.7279027e-06  -4.8453482e-07  -2.4330176e-06  -6.8883811e-05  -5.4153435e-06  3.0867175e-06  -3.8516334e-05  6.0811329e-05  
-1.2202976e-05  0.0000000   -0.00021138067  -8.1897249e-06  -3.3640122e-06  -0.00048956053  0.00019652201  -0.00013018572  -7.3899768e-05  9.3744348e-05  
7.7279027e-06  0.00021138067  0.0000000   -4.3106181e-06  -4.6889507e-07  8.8629314e-05  -0.00030526080  -8.3610452e-05  0.00018568102  -0.00017356737  
4.8453482e-07  8.1897249e-06  4.3106181e-06  0.0000000   0.00015086617  4.4817652e-06  4.7254738e-06  2.3193277e-05  -6.7573736e-05  -1.8901608e-05  
2.4330176e-06  3.3640122e-06  4.6889507e-07  -0.00015086617  0.0000000   1.4792029e-05  1.2248459e-05  2.1865151e-05  -2.3426333e-05  -1.2757087e-05  
6.8883811e-05  0.00048956053  -8.8629314e-05  -4.4817652e-06  -1.4792029e-05  0.0000000   -2.8306420e-05  0.00086725047  -0.00074287299  -0.00011402068  
5.4153435e-06  -0.00019652201  0.00030526080  -4.7254738e-06  -1.2248459e-05  2.8306420e-05  0.0000000   0.00089912500  0.00033047405  0.00020601608  
-3.0867175e-06  0.00013018572  8.3610452e-05  -2.3193277e-05  -2.1865151e-05  -0.00086725047  -0.00089912500  0.0000000   0.00037627916  0.00060535861  
3.8516334e-05  7.3899768e-05  -0.00018568102  6.7573736e-05  2.3426333e-05  0.00074287299  -0.00033047405  -0.00037627916  0.0000000   0.0030383141  
-6.0811329e-05  -9.3744348e-05  0.00017356737  1.8901608e-05  1.2757087e-05  0.00011402068  -0.00020601608  -0.00060535861  -0.0030383141  0.0000000   
