0.0000000   4.3143246e-05  1.6507115e-05  -2.1465130e-05  2.1784126e-05  -2.7350115e-07  -0.00025681412  1.4224899e-05  -0.00025635958  -4.0094711e-06  
-4.3143246e-05  0.0000000   6.3833051e-05  -0.00010661918  5.1525573e-06  -5.7261479e-08  1.8043320e-08  -9.5584910e-05  -7.0061423e-08  1.4228169e-08  
-1.6507115e-05  -6.3833051e-05  0.0000000   0.0071154278  2.3328821e-08  4.9071905e-06  -1.8378283e-06  -5.3795414e-08  -9.1411981e-05  -4.0561049e-07  
2.1465130e-05  0.00010661918  -0.0071154278  0.0000000   -2.4252767e-08  1.8122555e-06  4.9190085e-06  -4.6489515e-08  4.2211687e-07  -9.1381277e-05  
-2.1784126e-05  -5.1525573e-06  -2.3328821e-08  2.4252767e-08  0.0000000   6.3452127e-05  -0.00010600805  -0.0025986778  -1.6813946e-06  -1.0145595e-06  
2.7350115e-07  5.7261479e-08  -4.9071905e-06  -1.8122555e-06  -6.3452127e-05  0.0000000   0.0070744081  -1.6680630e-06  -0.0024841493  6.1876162e-08  
0.00025681412  -1.8043320e-08  1.8378283e-06  -4.9190085e-06  0.00010600805  -0.0070744081  0.0000000   -1.0649165e-06  1.0083324e-07  -0.0024839144  
-1.4224899e-05  9.5584910e-05  5.3795414e-08  4.6489515e-08  0.0025986778  1.6680630e-06  1.0649165e-06  0.0000000   6.3502676e-05  -0.00010599114  
0.00025635958  7.0061423e-08  9.1411981e-05  -4.2211687e-07  1.6813946e-06  0.0024841493  -1.0083324e-07  -6.3502676e-05  0.0000000   0.0070744015  
4.0094711e-06  -1.4228169e-08  4.0561049e-07  9.1381277e-05  1.0145595e-06  -6.1876162e-08  0.0024839144  0.00010599114  -0.0070744015  0.0000000   
