0.0000000   3.8120090e-05  1.6166674e-05  1.1633928e-05  -9.6777088e-05  -0.00013467059  -0.00029287187  3.2004011e-05  4.1805013e-06  1.3322343e-05  
-3.8120090e-05  0.0000000   -0.00023092896  -0.00034153046  0.00061799529  -0.00076105432  5.6886914e-05  -0.00021870956  1.6136516e-05  -0.00010892571  
-1.6166674e-05  0.00023092896  0.0000000   -2.2501803e-05  -6.5208773e-06  2.1471622e-05  0.00035669887  0.00011242793  -2.1132321e-06  -5.8838871e-05  
-1.1633928e-05  0.00034153046  2.2501803e-05  0.0000000   -0.00095471698  -0.00041102395  -0.00082694740  -6.2389618e-05  -0.00030618563  -0.00064890999  
9.6777088e-05  -0.00061799529  6.5208773e-06  0.00095471698  0.0000000   0.021238610  0.0017007957  0.00057752459  0.00013094091  -0.00016550275  
0.00013467059  0.00076105432  -2.1471622e-05  0.00041102395  -0.021238610  0.0000000   0.0012848983  -0.00046980169  -0.00037289725  -2.9468251e-05  
0.00029287187  -5.6886914e-05  -0.00035669887  0.00082694740  -0.0017007957  -0.0012848983  0.0000000   0.00010420310  8.4367614e-05  -3.0709279e-06  
-3.2004011e-05  0.00021870956  -0.00011242793  6.2389618e-05  -0.00057752459  0.00046980169  -0.00010420310  0.0000000   0.00036701815  0.00044108923  
-4.1805013e-06  -1.6136516e-05  2.1132321e-06  0.00030618563  -0.00013094091  0.00037289725  -8.4367614e-05  -0.00036701815  0.0000000   0.0013719022  
-1.3322343e-05  0.00010892571  5.8838871e-05  0.00064890999  0.00016550275  2.9468251e-05  3.0709279e-06  -0.00044108923  -0.0013719022  0.0000000   
