0.0000000   8.4028609e-08  -5.4960044e-06  0.00011801977  0.00014348329  0.00010474503  -3.9284828e-06  -2.5365542e-06  -3.2749526e-06  -2.2376853e-06  
-8.4028609e-08  0.0000000   8.6695886e-06  -2.9796488e-05  -6.7905854e-06  2.6186840e-05  -0.00027661524  -0.00013646529  0.00034582547  -5.6549565e-05  
5.4960044e-06  -8.6695886e-06  0.0000000   -0.00085386657  0.00010846984  0.00098827701  2.0845519e-05  -5.9156896e-06  -3.9928203e-05  2.3490885e-05  
-0.00011801977  2.9796488e-05  0.00085386657  0.0000000   -0.0020532645  -0.00018564841  2.4301847e-05  -3.9660152e-05  1.6599876e-05  1.4635614e-05  
-0.00014348329  6.7905854e-06  -0.00010846984  0.0020532645  0.0000000   -0.00031969809  -2.6690829e-05  3.3548935e-06  3.1066556e-05  -1.1713406e-05  
-0.00010474503  -2.6186840e-05  -0.00098827701  0.00018564841  0.00031969809  0.0000000   -1.4390608e-05  1.5798484e-05  -1.3485916e-05  -1.4129447e-05  
3.9284828e-06  0.00027661524  -2.0845519e-05  -2.4301847e-05  2.6690829e-05  1.4390608e-05  0.0000000   -0.00081605849  0.00019450411  -0.00029648140  
2.5365542e-06  0.00013646529  5.9156896e-06  3.9660152e-05  -3.3548935e-06  -1.5798484e-05  0.00081605849  0.0000000   -0.00085023198  5.3808519e-05  
3.2749526e-06  -0.00034582547  3.9928203e-05  -1.6599876e-05  -3.1066556e-05  1.3485916e-05  -0.00019450411  0.00085023198  0.0000000   -0.00085826494  
2.2376853e-06  5.6549565e-05  -2.3490885e-05  -1.4635614e-05  1.1713406e-05  1.4129447e-05  0.00029648140  -5.3808519e-05  0.00085826494  0.0000000   
