0.0000000   6.9290297e-06  -0.00011170072  1.3049304e-05  4.1873106e-05  1.9668668e-05  1.9674473e-05  -0.00010262121  2.8976511e-05  -1.1158722e-05  
-6.9290297e-06  0.0000000   8.6448416e-05  0.00016025800  -0.00011048122  -0.00018104114  -9.4075775e-05  -0.00056283072  0.00012531979  8.6646135e-05  
0.00011170072  -8.6448416e-05  0.0000000   -0.0061566360  -0.00053053618  0.00027415820  0.0016983190  0.0019464075  0.0014647221  -0.00029920432  
-1.3049304e-05  -0.00016025800  0.0061566360  0.0000000   -0.0019487665  -0.0010968398  -0.00071849033  -0.00025546328  -0.00086963071  0.00047959963  
-4.1873106e-05  0.00011048122  0.00053053618  0.0019487665  0.0000000   0.00054993364  0.0021435167  0.0021311888  0.0020522505  -0.00047706515  
-1.9668668e-05  0.00018104114  -0.00027415820  0.0010968398  -0.00054993364  0.0000000   4.2212005e-05  0.0017840008  -0.0016236920  2.1993602e-05  
-1.9674473e-05  9.4075775e-05  -0.0016983190  0.00071849033  -0.0021435167  -4.2212005e-05  0.0000000   0.00013035124  1.0574808e-05  -0.0017548887  
0.00010262121  0.00056283072  -0.0019464075  0.00025546328  -0.0021311888  -0.0017840008  -0.00013035124  0.0000000   -0.00015387824  0.0012895448  
-2.8976511e-05  -0.00012531979  -0.0014647221  0.00086963071  -0.0020522505  0.0016236920  -1.0574808e-05  0.00015387824  0.0000000   0.0011449692  
1.1158722e-05  -8.6646135e-05  0.00029920432  -0.00047959963  0.00047706515  -2.1993602e-05  0.0017548887  -0.0012895448  -0.0011449692  0.0000000   
