0.0000000   -2.2940166e-05  3.0183447e-05  2.1956461e-05  -1.1200369e-05  -4.4964115e-07  3.0735612e-05  -2.0757178e-05  7.6771453e-06  6.0943514e-06  
2.2940166e-05  0.0000000   0.00027539493  0.00046874380  0.00015372422  -9.2233343e-05  2.1118917e-05  0.00010195310  4.6762510e-05  1.2777111e-05  
-3.0183447e-05  -0.00027539493  0.0000000   0.00010785831  -0.00014899334  -1.2774451e-05  -0.00016356935  -6.8837910e-06  6.3721671e-05  1.8412028e-05  
-2.1956461e-05  -0.00046874380  -0.00010785831  0.0000000   0.00035522179  -0.00058673769  0.00020556434  0.00013362812  0.00039738409  6.7305676e-06  
1.1200369e-05  -0.00015372422  0.00014899334  -0.00035522179  0.0000000   -0.00072360193  -0.00017401244  -9.0427147e-05  4.0175862e-05  4.8066946e-06  
4.4964115e-07  9.2233343e-05  1.2774451e-05  0.00058673769  0.00072360193  0.0000000   -4.4173514e-05  -0.00016227602  -8.9887816e-05  -0.00025772509  
-3.0735612e-05  -2.1118917e-05  0.00016356935  -0.00020556434  0.00017401244  4.4173514e-05  0.0000000   -2.3757491e-05  -6.7936996e-05  0.00010001450  
2.0757178e-05  -0.00010195310  6.8837910e-06  -0.00013362812  9.0427147e-05  0.00016227602  2.3757491e-05  0.0000000   0.00019722849  0.00068351048  
-7.6771453e-06  -4.6762510e-05  -6.3721671e-05  -0.00039738409  -4.0175862e-05  8.9887816e-05  6.7936996e-05  -0.00019722849  0.0000000   0.0059509319  
-6.0943514e-06  -1.2777111e-05  -1.8412028e-05  -6.7305676e-06  -4.8066946e-06  0.00025772509  -0.00010001450  -0.00068351048  -0.0059509319  0.0000000   
