0.0000000   2.1939282e-06  -2.1516439e-05  -6.6188160e-05  6.4657155e-05  -1.5262519e-05  0.00010039685  -4.0528748e-05  -2.3526073e-06  4.9181163e-05  
-2.1939282e-06  0.0000000   -0.00046607652  -0.00015585302  -0.00013495799  4.4866054e-05  -7.1080500e-05  0.00024483455  -0.00015230684  -0.00012634157  
2.1516439e-05  0.00046607652  0.0000000   -0.0018658972  0.0019548914  -0.00092812515  -0.00016575987  -0.00082281504  0.00059358849  -0.00054469165  
6.6188160e-05  0.00015585302  0.0018658972  0.0000000   0.0012019464  0.0018169881  0.00065126376  0.00071713548  -0.0012074931  0.0010825722  
-6.4657155e-05  0.00013495799  -0.0019548914  -0.0012019464  0.0000000   -0.0023373181  -0.00086643278  -0.0011724845  0.0016583861  -0.0013726662  
1.5262519e-05  -4.4866054e-05  0.00092812515  -0.0018169881  0.0023373181  0.0000000   -0.0021585837  0.00030853625  0.0023606264  0.00028294621  
-0.00010039685  7.1080500e-05  0.00016575987  -0.00065126376  0.00086643278  0.0021585837  0.0000000   0.00081416729  -0.00074367405  0.0012572109  
4.0528748e-05  -0.00024483455  0.00082281504  -0.00071713548  0.0011724845  -0.00030853625  -0.00081416729  0.0000000   0.00094333744  -0.00011793506  
2.3526073e-06  0.00015230684  -0.00059358849  0.0012074931  -0.0016583861  -0.0023606264  0.00074367405  -0.00094333744  0.0000000   -0.0014752713  
-4.9181163e-05  0.00012634157  0.00054469165  -0.0010825722  0.0013726662  -0.00028294621  -0.0012572109  0.00011793506  0.0014752713  0.0000000   
