0.0000000   1.8471793e-06  1.5729612e-06  5.6788712e-07  -0.00014953775  9.6609239e-05  -8.3167913e-05  -3.9992938e-05  -0.00010920977  6.9518660e-05  
-1.8471793e-06  0.0000000   1.7114125e-05  -6.4151685e-06  0.00059750770  -0.0088607295  -0.0019529361  0.00042517300  -0.0014181765  -0.0021376071  
-1.5729612e-06  -1.7114125e-05  0.0000000   0.0027981091  2.8280359e-05  1.0772047e-05  -0.00088744442  -1.6329949e-05  0.00073890361  2.6264103e-05  
-5.6788712e-07  6.4151685e-06  -0.0027981091  0.0000000   -4.3823771e-05  -4.1399088e-05  0.00036749341  -1.7880945e-06  -0.00035018404  -8.6539617e-06  
0.00014953775  -0.00059750770  -2.8280359e-05  4.3823771e-05  0.0000000   2.6812768e-05  0.00025241949  -4.3066501e-05  0.00029398695  7.7257578e-05  
-9.6609239e-05  0.0088607295  -1.0772047e-05  4.1399088e-05  -2.6812768e-05  0.0000000   -0.00015685352  -0.00027047767  -0.00015054218  0.00032507298  
8.3167913e-05  0.0019529361  0.00088744442  -0.00036749341  -0.00025241949  0.00015685352  0.0000000   -2.6385142e-05  -2.3289043e-05  0.00035587503  
3.9992938e-05  -0.00042517300  1.6329949e-05  1.7880945e-06  4.3066501e-05  0.00027047767  2.6385142e-05  0.0000000   -2.3019080e-05  0.00044019967  
0.00010920977  0.0014181765  -0.00073890361  0.00035018404  -0.00029398695  0.00015054218  2.3289043e-05  2.3019080e-05  0.0000000   0.00036692094  
-6.9518660e-05  0.0021376071  -2.6264103e-05  8.6539617e-06  -7.7257578e-05  -0.00032507298  -0.00035587503  -0.00044019967  -0.00036692094  0.0000000   
