0.0000000   -7.7781763e-07  -0.00015978237  -0.00010671410  -0.00015962943  7.4420605e-07  -2.4242090e-05  9.6037525e-05  -2.2885699e-06  1.9670265e-05  
7.7781763e-07  0.0000000   -0.00066309659  0.00010850507  0.00058899930  6.9560349e-08  -6.9113469e-08  0.00019153496  -1.2186556e-07  8.3880915e-10  
0.00015978237  0.00066309659  0.0000000   0.00016062983  -9.0078675e-08  0.00058883544  -1.5967251e-08  1.0758257e-07  0.00019148335  3.8645457e-08  
0.00010671410  -0.00010850507  -0.00016062983  0.0000000   -4.1030093e-08  5.1100084e-08  0.00058912219  -5.4983292e-08  -1.8433436e-08  0.00019158048  
0.00015962943  -0.00058899930  9.0078675e-08  4.1030093e-08  0.0000000   -0.00066311669  0.00010847359  0.00044319903  5.8949196e-08  -5.7598618e-08  
-7.4420605e-07  -6.9560349e-08  -0.00058883544  -5.1100084e-08  0.00066311669  0.0000000   0.00016064787  -6.7513572e-08  0.00044310113  1.1545736e-08  
2.4242090e-05  6.9113469e-08  1.5967251e-08  -0.00058912219  -0.00010847359  -0.00016064787  0.0000000   -5.5516978e-08  4.2693486e-08  0.00044332501  
-9.6037525e-05  -0.00019153496  -1.0758257e-07  5.4983292e-08  -0.00044319903  6.7513572e-08  5.5516978e-08  0.0000000   -0.00066319593  0.00010851971  
2.2885699e-06  1.2186556e-07  -0.00019148335  1.8433436e-08  -5.8949196e-08  -0.00044310113  -4.2693486e-08  0.00066319593  0.0000000   0.00016066733  
-1.9670265e-05  -8.3880915e-10  -3.8645457e-08  -0.00019158048  5.7598618e-08  -1.1545736e-08  -0.00044332501  -0.00010851971  -0.00016066733  0.0000000   
