0.0000000   8.8910254e-06  6.2232593e-05  3.0422055e-05  4.9057924e-05  1.4783863e-05  -2.8818634e-05  -4.7599456e-05  -7.9549164e-05  7.8251986e-06  
-8.8910254e-06  0.0000000   -6.7077121e-05  0.00011870846  -0.00070627978  -0.0091002277  -0.00074786128  -0.00059018290  -0.0016359431  0.0042358398  
-6.2232593e-05  6.7077121e-05  0.0000000   0.0011927000  -0.016129914  0.00062259269  -0.0017004455  -0.014352381  -0.00036955468  -0.00068518705  
-3.0422055e-05  -0.00011870846  -0.0011927000  0.0000000   0.017576727  -0.00073421709  0.00069712384  -0.011297397  0.00099754009  -0.00081448464  
-4.9057924e-05  0.00070627978  0.016129914  -0.017576727  0.0000000   3.6917981e-05  -6.0925832e-05  -0.0011057174  -0.00022898478  2.8986897e-05  
-1.4783863e-05  0.0091002277  -0.00062259269  0.00073421709  -3.6917981e-05  0.0000000   0.00037686532  -0.00018398521  -0.00054909954  -0.00016600086  
2.8818634e-05  0.00074786128  0.0017004455  -0.00069712384  6.0925832e-05  -0.00037686532  0.0000000   0.00025964672  2.8986143e-06  -0.00071168788  
4.7599456e-05  0.00059018290  0.014352381  0.011297397  0.0011057174  0.00018398521  -0.00025964672  0.0000000   -8.5893757e-05  0.00026783263  
7.9549164e-05  0.0016359431  0.00036955468  -0.00099754009  0.00022898478  0.00054909954  -2.8986143e-06  8.5893757e-05  0.0000000   0.0012193574  
-7.8251986e-06  -0.0042358398  0.00068518705  0.00081448464  -2.8986897e-05  0.00016600086  0.00071168788  -0.00026783263  -0.0012193574  0.0000000   
