0.0000000   2.9286956e-05  0.00010517765  -3.6303894e-05  -0.00011410890  -1.2375946e-05  6.0789295e-05  -2.8589720e-05  6.5913499e-05  3.4973788e-06  
-2.9286956e-05  0.0000000   0.00019963207  0.00037447382  0.00022814070  -3.3266487e-07  -1.0191912e-07  -0.00036028738  2.4877765e-07  -3.5484580e-07  
-0.00010517765  -0.00019963207  0.0000000   0.0029279637  -7.4272323e-08  0.00022644080  -1.9306714e-06  3.7200380e-07  -0.00035760023  -9.8274051e-07  
3.6303894e-05  -0.00037447382  -0.0029279637  0.0000000   3.4873004e-07  1.8664321e-06  0.00022637733  -9.0731201e-08  1.1133223e-06  -0.00035747635  
0.00011410890  -0.00022814070  7.4272323e-08  -3.4873004e-07  0.0000000   0.00019899040  0.00037325100  -0.0020197888  1.7873593e-06  -1.2085351e-06  
1.2375946e-05  3.3266487e-07  -0.00022644080  -1.8664321e-06  -0.00019899040  0.0000000   0.0029184796  1.7766781e-06  -0.0020048142  4.8228856e-07  
-6.0789295e-05  1.0191912e-07  1.9306714e-06  -0.00022637733  -0.00037325100  -0.0029184796  0.0000000   -1.2592495e-06  1.8938285e-07  -0.0020040948  
2.8589720e-05  0.00036028738  -3.7200380e-07  9.0731201e-08  0.0020197888  -1.7766781e-06  1.2592495e-06  0.0000000   0.00019900049  0.00037327930  
-6.5913499e-05  -2.4877765e-07  0.00035760023  -1.1133223e-06  -1.7873593e-06  0.0020048142  -1.8938285e-07  -0.00019900049  0.0000000   0.0029185672  
-3.4973788e-06  3.5484580e-07  9.8274051e-07  0.00035747635  1.2085351e-06  -4.8228856e-07  0.0020040948  -0.00037327930  -0.0029185672  0.0000000   
