0.0000000   5.2838521e-05  -0.00021158445  0.00015882842  0.00022264760  -8.3382463e-06  -0.00023780319  -0.00039753669  0.00020279645  -7.0867513e-05  
-5.2838521e-05  0.0000000   -3.5670647e-05  -0.00069730329  -0.00013284085  -0.00058302164  -0.00043178783  -0.00042726159  -0.00023975168  9.5470371e-05  
0.00021158445  3.5670647e-05  0.0000000   0.014315212  0.0095731455  -2.8105761e-05  -0.0015691673  -2.8219300e-05  -0.00094913413  -4.3091767e-05  
-0.00015882842  0.00069730329  -0.014315212  0.0000000   -0.0056942631  4.8540534e-07  0.0029244757  0.00045447342  0.00099681755  -0.00038821954  
-0.00022264760  0.00013284085  -0.0095731455  0.0056942631  0.0000000   -2.0953977e-05  -0.0065790345  0.00046885269  -0.0023358796  0.00087652218  
8.3382463e-06  0.00058302164  2.8105761e-05  -4.8540534e-07  2.0953977e-05  0.0000000   0.0021023211  0.0023552635  -0.0031270333  0.0040705102  
0.00023780319  0.00043178783  0.0015691673  -0.0029244757  0.0065790345  -0.0021023211  0.0000000   -0.00071419514  -0.0022479780  0.0046618245  
0.00039753669  0.00042726159  2.8219300e-05  -0.00045447342  -0.00046885269  -0.0023552635  0.00071419514  0.0000000   -6.4682644e-05  7.7448904e-05  
-0.00020279645  0.00023975168  0.00094913413  -0.00099681755  0.0023358796  0.0031270333  0.0022479780  6.4682644e-05  0.0000000   0.0078886899  
7.0867513e-05  -9.5470371e-05  4.3091767e-05  0.00038821954  -0.00087652218  -0.0040705102  -0.0046618245  -7.7448904e-05  -0.0078886899  0.0000000   
