0.0000000   6.2881323e-06  5.4596342e-05  -2.5049931e-06  -3.8976322e-05  -1.0252875e-06  0.00011085411  -1.9670352e-06  -8.0400206e-06  -4.5745579e-05  
-6.2881323e-06  0.0000000   -0.00045402554  -2.8314112e-06  0.00025547605  3.9172245e-06  -1.9838019e-05  5.4543102e-06  -6.8478850e-05  4.0568931e-05  
-5.4596342e-05  0.00045402554  0.0000000   -3.6109789e-06  -9.3621919e-05  -6.8612977e-07  0.00030362290  -6.8179732e-06  0.00027488118  0.00011243970  
2.5049931e-06  2.8314112e-06  3.6109789e-06  0.0000000   4.3643801e-06  -0.00057326233  5.1309198e-07  3.5608587e-07  -1.3594202e-05  -1.8008389e-06  
3.8976322e-05  -0.00025547605  9.3621919e-05  -4.3643801e-06  0.0000000   -5.1740109e-06  0.00011262207  -9.0357830e-06  5.8098941e-05  -0.00025371050  
1.0252875e-06  -3.9172245e-06  6.8612977e-07  0.00057326233  5.1740109e-06  0.0000000   5.5880302e-06  -7.8658368e-05  -3.2879965e-06  8.5027426e-06  
-0.00011085411  1.9838019e-05  -0.00030362290  -5.1309198e-07  -0.00011262207  -5.5880302e-06  0.0000000   -2.2072314e-06  1.5216993e-05  -9.8387366e-05  
1.9670352e-06  -5.4543102e-06  6.8179732e-06  -3.5608587e-07  9.0357830e-06  7.8658368e-05  2.2072314e-06  0.0000000   7.4521521e-05  7.7854951e-05  
8.0400206e-06  6.8478850e-05  -0.00027488118  1.3594202e-05  -5.8098941e-05  3.2879965e-06  -1.5216993e-05  -7.4521521e-05  0.0000000   -0.0025584794  
4.5745579e-05  -4.0568931e-05  -0.00011243970  1.8008389e-06  0.00025371050  -8.5027426e-06  9.8387366e-05  -7.7854951e-05  0.0025584794  0.0000000   
