0.0000000   -1.1904719e-05  0.00015782054  -6.7901340e-05  0.00011132919  -3.8137934e-05  5.3227390e-05  0.00019171255  -3.1735388e-05  2.8544488e-05  
1.1904719e-05  0.0000000   -0.00022152123  -0.00020149506  0.00037850859  -0.0091676431  -5.4981048e-05  -0.00036706937  -0.00019132099  -0.00024874606  
-0.00015782054  0.00022152123  0.0000000   0.0054042168  -0.0065591102  -0.00010723462  0.00024879388  -0.012150029  -0.00010328108  -0.00023156985  
6.7901340e-05  0.00020149506  -0.0054042168  0.0000000   -0.0010249828  0.00070776418  -7.0863401e-05  -0.0013617432  -0.00013563775  3.1449626e-05  
-0.00011132919  -0.00037850859  0.0065591102  0.0010249828  0.0000000   -0.00017958365  -0.00020833211  4.3805149e-05  0.0016154901  -0.00075287061  
3.8137934e-05  0.0091676431  0.00010723462  -0.00070776418  0.00017958365  0.0000000   -0.00097617234  6.1918619e-05  -0.0057622591  -0.014738606  
-5.3227390e-05  5.4981048e-05  -0.00024879388  7.0863401e-05  0.00020833211  0.00097617234  0.0000000   5.4690455e-06  0.020811385  -0.010061136  
-0.00019171255  0.00036706937  0.012150029  0.0013617432  -4.3805149e-05  -6.1918619e-05  -5.4690455e-06  0.0000000   -0.00083361526  0.00023132508  
3.1735388e-05  0.00019132099  0.00010328108  0.00013563775  -0.0016154901  0.0057622591  -0.020811385  0.00083361526  0.0000000   0.00097976719  
-2.8544488e-05  0.00024874606  0.00023156985  -3.1449626e-05  0.00075287061  0.014738606  0.010061136  -0.00023132508  -0.00097976719  0.0000000   
