0.0000000   -1.1151358e-05  0.00033719413  -0.00026003055  0.00041264951  -0.00011122465  -0.00016176358  -5.1675538e-05  -0.00014590332  0.00012672019  
1.1151358e-05  0.0000000   0.00047789322  -0.00035873164  -0.00068226234  2.9739998e-09  2.5181064e-08  6.4435705e-05  -4.8242014e-07  3.5403450e-07  
-0.00033719413  -0.00047789322  0.0000000   -0.00017332438  2.2004994e-08  -0.00068233776  6.5048881e-08  2.2454671e-07  6.4519678e-05  2.6853247e-07  
0.00026003055  0.00035873164  0.00017332438  0.0000000   -3.4812813e-08  2.7872859e-08  -0.00068201292  -1.6014166e-07  -2.2287825e-07  6.4312470e-05  
-0.00041264951  0.00068226234  -2.2004994e-08  3.4812813e-08  0.0000000   0.00047694846  -0.00035804537  0.0015222583  6.0528808e-08  9.0857473e-08  
0.00011122465  -2.9739998e-09  0.00068233776  -2.7872859e-08  -0.00047694846  0.0000000   -0.00017307536  -1.1046838e-07  0.0015226103  -6.2382122e-08  
0.00016176358  -2.5181064e-08  -6.5048881e-08  0.00068201292  0.00035804537  0.00017307536  0.0000000   1.9746271e-07  -4.6629851e-09  0.0015219045  
5.1675538e-05  -6.4435705e-05  -2.2454671e-07  1.6014166e-07  -0.0015222583  1.1046838e-07  -1.9746271e-07  0.0000000   0.00047707711  -0.00035813014  
0.00014590332  4.8242014e-07  -6.4519678e-05  2.2287825e-07  -6.0528808e-08  -0.0015226103  4.6629851e-09  -0.00047707711  0.0000000   -0.00017318830  
-0.00012672019  -3.5403450e-07  -2.6853247e-07  -6.4312470e-05  -9.0857473e-08  6.2382122e-08  -0.0015219045  0.00035813014  0.00017318830  0.0000000   
