0.0000000   -3.0374914e-05  -4.3994485e-06  8.1603330e-06  -1.7601709e-06  -6.9091162e-07  -3.1470265e-05  6.8409828e-06  -4.7032586e-05  3.1338586e-05  
3.0374914e-05  0.0000000   -0.00018079580  -0.00016068603  9.7491561e-05  2.6042086e-07  -1.0063550e-07  0.00028609044  4.5427148e-07  -5.5791903e-07  
4.3994485e-06  0.00018079580  0.0000000   0.011634661  6.9881893e-08  8.5436940e-05  -5.8120207e-06  4.7716282e-07  0.00025071424  5.2373513e-07  
-8.1603330e-06  0.00016068603  -0.011634661  0.0000000   -2.6158987e-07  5.7884256e-06  8.5439597e-05  -5.2749052e-07  -6.0501569e-07  0.00025070932  
1.7601709e-06  -9.7491561e-05  -6.9881893e-08  2.6158987e-07  0.0000000   -0.00018043908  -0.00016036974  0.0014945605  2.4533787e-06  -2.7930231e-06  
6.9091162e-07  -2.6042086e-07  -8.5436940e-05  -5.7884256e-06  0.00018043908  0.0000000   0.011612120  2.4547092e-06  0.0013097012  -1.7166278e-07  
3.1470265e-05  1.0063550e-07  5.8120207e-06  -8.5439597e-05  0.00016036974  -0.011612120  0.0000000   -2.7877210e-06  -2.4416710e-07  0.0013097165  
-6.8409828e-06  -0.00028609044  -4.7716282e-07  5.2749052e-07  -0.0014945605  -2.4547092e-06  2.7877210e-06  0.0000000   -0.00018045752  -0.00016038041  
4.7032586e-05  -4.5427148e-07  -0.00025071424  6.0501569e-07  -2.4533787e-06  -0.0013097012  2.4416710e-07  0.00018045752  0.0000000   0.011613155  
-3.1338586e-05  5.5791903e-07  -5.2373513e-07  -0.00025070932  2.7930231e-06  1.7166278e-07  -0.0013097165  0.00016038041  -0.011613155  0.0000000   
