0.0000000   2.9094485e-05  0.00015419987  7.0836821e-05  0.00016031617  7.9298852e-06  -4.7159871e-05  -9.7415098e-06  -4.0805739e-05  5.0109933e-06  
-2.9094485e-05  0.0000000   0.00010640220  -0.00052379571  0.00010261081  -2.4388274e-07  -3.8501326e-07  -0.00042366795  1.3120726e-06  1.7975668e-07  
-0.00015419987  -0.00010640220  0.0000000   -0.0065087568  -3.1652293e-07  9.8857686e-05  -4.0401162e-06  1.2340624e-06  -0.00040809038  -9.4921029e-07  
-7.0836821e-05  0.00052379571  0.0065087568  0.0000000   1.2715784e-07  4.0749181e-06  9.8846196e-05  3.0914074e-07  8.4422652e-07  -0.00040793745  
-0.00016031617  -0.00010261081  3.1652293e-07  -1.2715784e-07  0.0000000   0.00010613101  -0.00052230619  0.0018943424  -5.8102457e-06  -1.1909851e-06  
-7.9298852e-06  2.4388274e-07  -9.8857686e-05  -4.0749181e-06  -0.00010613101  0.0000000   -0.0064903319  -5.8212240e-06  0.0018246854  -2.1205974e-07  
4.7159871e-05  3.8501326e-07  4.0401162e-06  -9.8846196e-05  0.00052230619  0.0064903319  0.0000000   -1.0782035e-06  7.6067586e-07  0.0018240402  
9.7415098e-06  0.00042366795  -1.2340624e-06  -3.0914074e-07  -0.0018943424  5.8212240e-06  1.0782035e-06  0.0000000   0.00010607084  -0.00052220967  
4.0805739e-05  -1.3120726e-06  0.00040809038  -8.4422652e-07  5.8102457e-06  -0.0018246854  -7.6067586e-07  -0.00010607084  0.0000000   -0.0064889067  
-5.0109933e-06  -1.7975668e-07  9.4921029e-07  0.00040793745  1.1909851e-06  2.1205974e-07  -0.0018240402  0.00052220967  0.0064889067  0.0000000   
