0.0000000   1.1690348e-05  -0.00057578104  3.1695333e-05  -5.6299919e-05  -3.8604216e-05  -0.00019396713  -1.4033905e-05  2.2328887e-05  1.0292019e-05  
-1.1690348e-05  0.0000000   0.00041431459  5.6075566e-05  -0.00010576120  -0.00065664832  -2.7595299e-05  -5.7938042e-05  -2.0456100e-05  -2.2760437e-05  
0.00057578104  -0.00041431459  0.0000000   -4.0165664e-05  -8.7061791e-05  -3.4176593e-05  0.00067825264  2.6162758e-05  1.5030870e-05  5.0388657e-05  
-3.1695333e-05  -5.6075566e-05  4.0165664e-05  0.0000000   -0.00019408308  0.00052236152  -0.00020133886  0.00021642646  9.2380511e-05  0.00029854817  
5.6299919e-05  0.00010576120  8.7061791e-05  0.00019408308  0.0000000   0.0015539870  0.00090218430  -7.5449547e-05  -4.9081672e-06  7.8905843e-05  
3.8604216e-05  0.00065664832  3.4176593e-05  -0.00052236152  -0.0015539870  0.0000000   -6.0572062e-05  -0.00068458404  0.00019657159  -0.00032496383  
0.00019396713  2.7595299e-05  -0.00067825264  0.00020133886  -0.00090218430  6.0572062e-05  0.0000000   9.2440982e-05  -1.3373241e-05  -2.6658702e-05  
1.4033905e-05  5.7938042e-05  -2.6162758e-05  -0.00021642646  7.5449547e-05  0.00068458404  -9.2440982e-05  0.0000000   -0.00025057349  -0.00055774344  
-2.2328887e-05  2.0456100e-05  -1.5030870e-05  -9.2380511e-05  4.9081672e-06  -0.00019657159  1.3373241e-05  0.00025057349  0.0000000   -0.0019152078  
-1.0292019e-05  2.2760437e-05  -5.0388657e-05  -0.00029854817  -7.8905843e-05  0.00032496383  2.6658702e-05  0.00055774344  0.0019152078  0.0000000   
