0.0000000   1.2154003e-05  1.0589994e-05  -0.00011865538  -4.5503440e-05  -6.6490719e-05  -0.00011229176  7.2471107e-05  8.9146076e-05  2.1493489e-05  
-1.2154003e-05  0.0000000   -3.3291325e-05  -0.00047423220  -0.00034751630  0.00041972144  2.0687154e-06  2.8008786e-05  -1.2350777e-06  -5.8061513e-06  
-1.0589994e-05  3.3291325e-05  0.0000000   0.00070209579  -0.0039878789  0.00012084886  -0.00062984517  0.0045642334  0.00047807313  -0.00011294170  
0.00011865538  0.00047423220  -0.00070209579  0.0000000   -0.00011545251  -5.0512568e-05  0.00012520511  -0.00091590932  -7.4433602e-05  -0.00039966036  
4.5503440e-05  0.00034751630  0.0039878789  0.00011545251  0.0000000   0.00015932338  -0.00077935297  0.0032948549  -5.8079363e-06  -8.9058092e-05  
6.6490719e-05  -0.00041972144  -0.00012084886  5.0512568e-05  -0.00015932338  0.0000000   -0.00010357644  -0.00019053188  0.00033355758  0.00050533573  
0.00011229176  -2.0687154e-06  0.00062984517  -0.00012520511  0.00077935297  0.00010357644  0.0000000   -0.00039509558  -0.00018697497  -0.00047378249  
-7.2471107e-05  -2.8008786e-05  -0.0045642334  0.00091590932  -0.0032948549  0.00019053188  0.00039509558  0.0000000   -0.00036987754  2.0403514e-05  
-8.9146076e-05  1.2350777e-06  -0.00047807313  7.4433602e-05  5.8079363e-06  -0.00033355758  0.00018697497  0.00036987754  0.0000000   0.00063882163  
-2.1493489e-05  5.8061513e-06  0.00011294170  0.00039966036  8.9058092e-05  -0.00050533573  0.00047378249  -2.0403514e-05  -0.00063882163  0.0000000   
