0.0000000   -5.2918243e-05  -0.00036151137  4.3129423e-05  8.7525662e-06  2.1810608e-05  0.00016646773  -1.1498923e-05  1.3098788e-06  1.3421618e-05  
5.2918243e-05  0.0000000   0.00078559786  0.00089718085  0.00023477280  0.00034461609  2.5857406e-05  0.00027184148  6.4509938e-06  4.3207351e-05  
0.00036151137  -0.00078559786  0.0000000   -0.00014683270  -0.00017852097  0.00016090229  0.00075358569  -3.6247568e-05  7.2706554e-05  -2.8813346e-05  
-4.3129423e-05  -0.00089718085  0.00014683270  0.0000000   -0.00016574760  -0.00023083154  -1.2236056e-05  0.00028468423  4.9435301e-05  -0.00057737277  
-8.7525662e-06  -0.00023477280  0.00017852097  0.00016574760  0.0000000   0.0020591158  -0.00033584854  0.00028590394  0.00054759388  -8.7771543e-05  
-2.1810608e-05  -0.00034461609  -0.00016090229  0.00023083154  -0.0020591158  0.0000000   0.00090350651  0.00023425436  6.9605764e-05  -0.00028942933  
-0.00016646773  -2.5857406e-05  -0.00075358569  1.2236056e-05  0.00033584854  -0.00090350651  0.0000000   0.00016148895  -0.00028214047  0.00014081577  
1.1498923e-05  -0.00027184148  3.6247568e-05  -0.00028468423  -0.00028590394  -0.00023425436  -0.00016148895  0.0000000   0.00018593502  0.0014650862  
-1.3098788e-06  -6.4509938e-06  -7.2706554e-05  -4.9435301e-05  -0.00054759388  -6.9605764e-05  0.00028214047  -0.00018593502  0.0000000   -0.00017315878  
-1.3421618e-05  -4.3207351e-05  2.8813346e-05  0.00057737277  8.7771543e-05  0.00028942933  -0.00014081577  -0.0014650862  0.00017315878  0.0000000   
