0.0000000   9.9745990e-06  0.00011478218  -2.4204886e-05  2.2699766e-05  6.8403344e-05  8.9654275e-05  -1.7507237e-05  5.7424866e-06  -1.6201529e-05  
-9.9745990e-06  0.0000000   -0.00055279971  1.1796923e-05  -0.00049749392  7.4940585e-05  -3.7754131e-05  1.1412947e-05  -2.7192367e-05  1.6932541e-05  
-0.00011478218  0.00055279971  0.0000000   -0.00018396634  0.00010056663  0.00039197069  -0.00013814831  -3.4504434e-05  -7.8801902e-06  1.7048360e-05  
2.4204886e-05  -1.1796923e-05  0.00018396634  0.0000000   -0.0014449313  9.6029869e-05  0.00049237306  -4.4959237e-05  -0.00022373127  -0.00012587319  
-2.2699766e-05  0.00049749392  -0.00010056663  0.0014449313  0.0000000   -0.023238711  -0.00038820199  -0.00027277672  5.4030007e-05  -0.00018247633  
-6.8403344e-05  -7.4940585e-05  -0.00039197069  -9.6029869e-05  0.023238711  0.0000000   -0.0016445542  2.2291022e-06  -0.00012149289  5.2784595e-05  
-8.9654275e-05  3.7754131e-05  0.00013814831  -0.00049237306  0.00038820199  0.0016445542  0.0000000   -0.00015926607  4.2689949e-05  -0.00025928578  
1.7507237e-05  -1.1412947e-05  3.4504434e-05  4.4959237e-05  0.00027277672  -2.2291022e-06  0.00015926607  0.0000000   -0.0016944503  0.00019817136  
-5.7424866e-06  2.7192367e-05  7.8801902e-06  0.00022373127  -5.4030007e-05  0.00012149289  -4.2689949e-05  0.0016944503  0.0000000   0.0090709753  
1.6201529e-05  -1.6932541e-05  -1.7048360e-05  0.00012587319  0.00018247633  -5.2784595e-05  0.00025928578  -0.00019817136  -0.0090709753  0.0000000   
