0.0000000   8.2949316e-06  2.6928504e-05  0.00023915852  0.00015111584  -3.1228296e-05  -0.00019426850  0.00015776919  -2.8785651e-05  -4.0678763e-05  
-8.2949316e-06  0.0000000   0.00016809802  -0.00019894324  9.9325870e-05  -0.00011607597  -0.00018279151  -1.2666953e-05  -1.4980370e-05  7.9938476e-05  
-2.6928504e-05  -0.00016809802  0.0000000   -0.0013944972  -0.00089367803  -2.0404133e-05  -0.00057544727  -0.00095070549  0.0010544104  -6.0271830e-05  
-0.00023915852  0.00019894324  0.0013944972  0.0000000   -0.0010442695  0.00029392464  -0.00073340715  0.0015152749  0.00037968963  3.9885763e-05  
-0.00015111584  -9.9325870e-05  0.00089367803  0.0010442695  0.0000000   0.00014735626  -5.7692696e-05  0.0016727741  -0.00058929879  6.6238877e-05  
3.1228296e-05  0.00011607597  2.0404133e-05  -0.00029392464  -0.00014735626  0.0000000   -0.00075945297  0.00021433843  -2.6143812e-06  -0.00014510710  
0.00019426850  0.00018279151  0.00057544727  0.00073340715  5.7692696e-05  0.00075945297  0.0000000   0.0010410865  2.0065612e-05  0.00041983046  
-0.00015776919  1.2666953e-05  0.00095070549  -0.0015152749  -0.0016727741  -0.00021433843  -0.0010410865  0.0000000   0.0013525526  -0.00024110230  
2.8785651e-05  1.4980370e-05  -0.0010544104  -0.00037968963  0.00058929879  2.6143812e-06  -2.0065612e-05  -0.0013525526  0.0000000   4.4107115e-06  
4.0678763e-05  -7.9938476e-05  6.0271830e-05  -3.9885763e-05  -6.6238877e-05  0.00014510710  -0.00041983046  0.00024110230  -4.4107115e-06  0.0000000   
