0.0000000   -5.1384569e-05  -0.00025864044  -0.00010750791  -7.3739816e-05  0.00010625105  -5.6798471e-05  0.00032054474  -4.1532215e-05  -2.7151109e-05  
5.1384569e-05  0.0000000   -2.0299575e-05  -0.00034206461  -7.0765495e-05  0.00016659299  -6.5313055e-05  -0.00025994917  -0.00016717289  -6.2642291e-05  
0.00025864044  2.0299575e-05  0.0000000   0.0027766064  0.0047799546  0.0011490911  -0.00011502294  -0.00054733412  -0.00045547850  -0.00031307695  
0.00010750791  0.00034206461  -0.0027766064  0.0000000   0.0032675407  0.00067164997  -0.00013960967  -0.00046846538  -0.00066979398  2.0471080e-05  
7.3739816e-05  7.0765495e-05  -0.0047799546  -0.0032675407  0.0000000   -0.0058187761  -0.0011246743  -0.00020778345  0.0017752789  -0.00085815807  
-0.00010625105  -0.00016659299  -0.0011490911  -0.00067164997  0.0058187761  0.0000000   0.0089710562  -0.00060424452  0.011971450  0.0063790505  
5.6798471e-05  6.5313055e-05  0.00011502294  0.00013960967  0.0011246743  -0.0089710562  0.0000000   0.0036058904  0.0076251191  0.0030194870  
-0.00032054474  0.00025994917  0.00054733412  0.00046846538  0.00020778345  0.00060424452  -0.0036058904  0.0000000   -0.00039750643  0.00037830167  
4.1532215e-05  0.00016717289  0.00045547850  0.00066979398  -0.0017752789  -0.011971450  -0.0076251191  0.00039750643  0.0000000   -0.0060339742  
2.7151109e-05  6.2642291e-05  0.00031307695  -2.0471080e-05  0.00085815807  -0.0063790505  -0.0030194870  -0.00037830167  0.0060339742  0.0000000   
