0.0000000   -4.5995496e-06  1.2488990e-06  -6.2774583e-05  -7.3409251e-05  1.7652296e-05  -1.2582609e-05  -6.6998358e-06  -6.1725398e-05  1.1949928e-06  
4.5995496e-06  0.0000000   0.00079987448  -0.00027204605  3.7896703e-05  0.0026260598  0.00094719277  -0.00023588215  -0.0010686071  -0.0012381790  
-1.2488990e-06  -0.00079987448  0.0000000   0.014010823  -0.014520614  0.0025566000  0.00037322857  0.0094244221  5.2385480e-05  0.0020902214  
6.2774583e-05  0.00027204605  -0.014010823  0.0000000   -0.0034762625  -0.0048668071  -0.0020284341  0.00087338587  -0.0028590745  -0.0015708873  
7.3409251e-05  -3.7896703e-05  0.014520614  0.0034762625  0.0000000   -0.0068153756  -0.0037581460  0.0024488115  -0.0041855100  -0.00078278120  
-1.7652296e-05  -0.0026260598  -0.0025566000  0.0048668071  0.0068153756  0.0000000   0.00010599806  0.00036667733  -0.0046772653  -0.0052999946  
1.2582609e-05  -0.00094719277  -0.00037322857  0.0020284341  0.0037581460  -0.00010599806  0.0000000   -1.6063055e-05  -0.0037954136  0.0036142777  
6.6998358e-06  0.00023588215  -0.0094244221  -0.00087338587  -0.0024488115  -0.00036667733  1.6063055e-05  0.0000000   0.00046567805  -0.0015941331  
6.1725398e-05  0.0010686071  -5.2385480e-05  0.0028590745  0.0041855100  0.0046772653  0.0037954136  -0.00046567805  0.0000000   -0.00081844399  
-1.1949928e-06  0.0012381790  -0.0020902214  0.0015708873  0.00078278120  0.0052999946  -0.0036142777  0.0015941331  0.00081844399  0.0000000   
