0.0000000   7.8325724e-06  0.00011720660  8.4650834e-05  -0.00012594636  3.4611888e-06  6.8926099e-06  -0.00013291897  -2.9923953e-06  -8.1218220e-06  
-7.8325724e-06  0.0000000   -0.00011098550  0.00023476817  7.6537509e-05  6.6188738e-06  -9.1419836e-06  -0.00020505295  -0.00011823518  -9.0905168e-05  
-0.00011720660  0.00011098550  0.0000000   0.00019277885  -0.00042676967  -1.3291878e-05  -3.3445271e-05  -0.00038765467  -4.8968767e-05  5.6520712e-05  
-8.4650834e-05  -0.00023476817  -0.00019277885  0.0000000   -0.00035799712  -0.00010650997  -8.5162260e-05  0.00028117555  -8.9660144e-05  0.00012995702  
0.00012594636  -7.6537509e-05  0.00042676967  0.00035799712  0.0000000   -6.4205847e-06  1.9310102e-05  -0.00040391114  -4.8795644e-06  -9.9762927e-06  
-3.4611888e-06  -6.6188738e-06  1.3291878e-05  0.00010650997  6.4205847e-06  0.0000000   6.2178788e-05  -9.7474402e-06  0.00056059936  0.00040615761  
-6.8926099e-06  9.1419836e-06  3.3445271e-05  8.5162260e-05  -1.9310102e-05  -6.2178788e-05  0.0000000   5.5755241e-05  -4.2132592e-05  -5.3921826e-05  
0.00013291897  0.00020505295  0.00038765467  -0.00028117555  0.00040391114  9.7474402e-06  -5.5755241e-05  0.0000000   -6.1094434e-05  8.8581600e-05  
2.9923953e-06  0.00011823518  4.8968767e-05  8.9660144e-05  4.8795644e-06  -0.00056059936  4.2132592e-05  6.1094434e-05  0.0000000   -0.00023263691  
8.1218220e-06  9.0905168e-05  -5.6520712e-05  -0.00012995702  9.9762927e-06  -0.00040615761  5.3921826e-05  -8.8581600e-05  0.00023263691  0.0000000   
