0.0000000   6.0252135e-06  -0.00026636076  -1.7420930e-05  0.00025389895  -1.8503925e-05  0.00018047084  7.8210962e-06  0.00016729396  8.8947260e-06  
-6.0252135e-06  0.0000000   6.8805301e-05  7.4079103e-05  7.9099959e-05  4.4839785e-09  1.9679501e-10  -0.00016288164  -2.8810231e-09  4.6645636e-09  
0.00026636076  -6.8805301e-05  0.0000000   -0.00058268313  -8.3048797e-09  7.9048876e-05  9.3933468e-09  8.4434750e-09  -0.00016282967  2.5032215e-08  
1.7420930e-05  -7.4079103e-05  0.00058268313  0.0000000   1.4175418e-08  4.8688493e-08  7.9068013e-05  1.7943198e-08  -5.0761336e-08  -0.00016277523  
-0.00025389895  -7.9099959e-05  8.3048797e-09  -1.4175418e-08  0.0000000   6.8829210e-05  7.4040173e-05  0.00018086787  9.5708184e-09  -1.9397932e-09  
1.8503925e-05  -4.4839785e-09  -7.9048876e-05  -4.8688493e-08  -6.8829210e-05  0.0000000   -0.00058275456  -5.5188441e-09  0.00018078569  -5.4296441e-09  
-0.00018047084  -1.9679501e-10  -9.3933468e-09  -7.9068013e-05  -7.4040173e-05  0.00058275456  0.0000000   -1.3891221e-08  7.7490717e-08  0.00018075738  
-7.8210962e-06  0.00016288164  -8.4434750e-09  -1.7943198e-08  -0.00018086787  5.5188441e-09  1.3891221e-08  0.0000000   6.8808852e-05  7.4081744e-05  
-0.00016729396  2.8810231e-09  0.00016282967  5.0761336e-08  -9.5708184e-09  -0.00018078569  -7.7490717e-08  -6.8808852e-05  0.0000000   -0.00058271902  
-8.8947260e-06  -4.6645636e-09  -2.5032215e-08  0.00016277523  1.9397932e-09  5.4296441e-09  -0.00018075738  -7.4081744e-05  0.00058271902  0.0000000   
