0.0000000   -2.9285686e-05  0.00020855450  -0.00013587805  0.00021545869  -3.3681785e-05  -0.00018871462  6.6216449e-05  -0.00016173424  2.2043608e-05  
2.9285686e-05  0.0000000   -0.00019907851  3.6552472e-05  0.00020195287  -1.7571778e-08  5.0128997e-08  -9.1971976e-05  -5.2493550e-08  -2.8064102e-09  
-0.00020855450  0.00019907851  0.0000000   -0.0013994359  1.2743004e-08  0.00020165597  -1.2129216e-07  -3.4556654e-09  -9.1787787e-05  -4.5102478e-07  
0.00013587805  -3.6552472e-05  0.0013994359  0.0000000   -4.0850852e-08  1.6858488e-07  0.00020163058  -6.9170456e-09  4.5672018e-07  -9.1793005e-05  
-0.00021545869  -0.00020195287  -1.2743004e-08  4.0850852e-08  0.0000000   -0.00019861881  3.6485323e-05  0.0015981566  2.4961894e-08  2.3780394e-07  
3.3681785e-05  1.7571778e-08  -0.00020165597  -1.6858488e-07  0.00019861881  0.0000000   -0.0013964069  3.3614943e-08  0.0015957150  -7.7953667e-08  
0.00018871462  -5.0128997e-08  1.2129216e-07  -0.00020163058  -3.6485323e-05  0.0013964069  0.0000000   2.9881630e-07  1.4786966e-07  0.0015951375  
-6.6216449e-05  9.1971976e-05  3.4556654e-09  6.9170456e-09  -0.0015981566  -3.3614943e-08  -2.9881630e-07  0.0000000   -0.00019867444  3.6473961e-05  
0.00016173424  5.2493550e-08  9.1787787e-05  -4.5672018e-07  -2.4961894e-08  -0.0015957150  -1.4786966e-07  0.00019867444  0.0000000   -0.0013965431  
-2.2043608e-05  2.8064102e-09  4.5102478e-07  9.1793005e-05  -2.3780394e-07  7.7953667e-08  -0.0015951375  -3.6473961e-05  0.0013965431  0.0000000   
