0.0000000   7.6132956e-06  2.6251542e-05  2.6954319e-05  -3.2934077e-05  3.5746827e-05  -1.0258907e-05  -1.0431313e-05  -1.6874867e-05  2.0259605e-05  
-7.6132956e-06  0.0000000   7.6581853e-05  -0.00016351158  -2.9251209e-05  -0.00025709800  8.6953858e-05  -8.6719533e-05  -3.1350354e-05  6.5879517e-05  
-2.6251542e-05  -7.6581853e-05  0.0000000   -0.0067940207  0.0014874388  -1.0860398e-06  0.00018906932  0.00015045110  -3.6825676e-05  0.00028035238  
-2.6954319e-05  0.00016351158  0.0067940207  0.0000000   0.00094200370  -1.8965098e-05  0.00029379662  0.00032822905  -0.00010337653  8.5802759e-05  
3.2934077e-05  2.9251209e-05  -0.0014874388  -0.00094200370  0.0000000   0.00029252336  0.0052512022  -0.00030949216  -0.00046256302  0.0037102237  
-3.5746827e-05  0.00025709800  1.0860398e-06  1.8965098e-05  -0.00029252336  0.0000000   0.00069745598  0.0039845501  0.00076689934  0.00056122509  
1.0258907e-05  -8.6953858e-05  -0.00018906932  -0.00029379662  -0.0052512022  -0.00069745598  0.0000000   -0.00026643555  -0.011961246  0.0022138943  
1.0431313e-05  8.6719533e-05  -0.00015045110  -0.00032822905  0.00030949216  -0.0039845501  0.00026643555  0.0000000   2.5784762e-05  0.00019671410  
1.6874867e-05  3.1350354e-05  3.6825676e-05  0.00010337653  0.00046256302  -0.00076689934  0.011961246  -2.5784762e-05  0.0000000   -0.020263639  
-2.0259605e-05  -6.5879517e-05  -0.00028035238  -8.5802759e-05  -0.0037102237  -0.00056122509  -0.0022138943  -0.00019671410  0.020263639  0.0000000   
