0.0000000   4.5222941e-06  7.6956915e-05  3.2974806e-05  6.7483841e-05  6.7260578e-06  5.0197859e-05  -2.8824609e-05  4.5460595e-05  1.8554866e-05  
-4.5222941e-06  0.0000000   -0.00030546078  -2.6381951e-05  0.00038665060  -9.5114668e-09  1.0527803e-07  4.8671123e-05  -7.5843783e-09  1.3159695e-08  
-7.6956915e-05  0.00030546078  0.0000000   -0.0010842557  -8.4677968e-09  0.00038625643  -1.2721123e-08  -1.2987971e-09  4.8619030e-05  -1.6855571e-08  
-3.2974806e-05  2.6381951e-05  0.0010842557  0.0000000   1.0088700e-07  -3.2967737e-09  0.00038628881  1.1946752e-08  1.8965709e-08  4.8628648e-05  
-6.7483841e-05  -0.00038665060  8.4677968e-09  -1.0088700e-07  0.0000000   -0.00030548272  -2.6378247e-05  3.5375474e-05  1.1910278e-08  1.8428017e-08  
-6.7260578e-06  9.5114668e-09  -0.00038625643  3.2967737e-09  0.00030548272  0.0000000   -0.0010843024  -1.8368926e-08  3.5353073e-05  5.0803768e-08  
-5.0197859e-05  -1.0527803e-07  1.2721123e-08  -0.00038628881  2.6378247e-05  0.0010843024  0.0000000   4.8909693e-09  -5.3622001e-08  3.5354428e-05  
2.8824609e-05  -4.8671123e-05  1.2987971e-09  -1.1946752e-08  -3.5375474e-05  1.8368926e-08  -4.8909693e-09  0.0000000   -0.00030550228  -2.6387402e-05  
-4.5460595e-05  7.5843783e-09  -4.8619030e-05  -1.8965709e-08  -1.1910278e-08  -3.5353073e-05  5.3622001e-08  0.00030550228  0.0000000   -0.0010844203  
-1.8554866e-05  -1.3159695e-08  1.6855571e-08  -4.8628648e-05  -1.8428017e-08  -5.0803768e-08  -3.5354428e-05  2.6387402e-05  0.0010844203  0.0000000   
