0.0000000   -4.1954020e-05  3.7733415e-05  2.3852434e-06  -2.2779357e-05  4.1662783e-05  4.1403086e-05  -1.4200071e-05  -6.2785279e-05  -2.0345805e-05  
4.1954020e-05  0.0000000   0.00035662905  0.00028330513  5.9576425e-06  -0.00051263440  -0.00070192519  -9.1007350e-05  0.00036553980  -9.9215987e-05  
-3.7733415e-05  -0.00035662905  0.0000000   -0.0012530277  -0.00090509444  -0.00097785453  -0.0015906081  -0.0010467117  0.0012733835  -0.00021875632  
-2.3852434e-06  -0.00028330513  0.0012530277  0.0000000   -0.0012948172  0.00080241265  0.0013254685  -0.00024597223  -0.00060109889  0.0010224500  
2.2779357e-05  -5.9576425e-06  0.00090509444  0.0012948172  0.0000000   0.0013996571  0.0016414531  -8.6167370e-05  -0.0018806271  0.0012756226  
-4.1662783e-05  0.00051263440  0.00097785453  -0.00080241265  -0.0013996571  0.0000000   0.00097660428  0.00039855346  0.00068504882  -0.00034169452  
-4.1403086e-05  0.00070192519  0.0015906081  -0.0013254685  -0.0016414531  -0.00097660428  0.0000000   -0.0016842147  -0.00057662104  9.8117736e-05  
1.4200071e-05  9.1007350e-05  0.0010467117  0.00024597223  8.6167370e-05  -0.00039855346  0.0016842147  0.0000000   -0.0013437181  0.00024116121  
6.2785279e-05  -0.00036553980  -0.0012733835  0.00060109889  0.0018806271  -0.00068504882  0.00057662104  0.0013437181  0.0000000   -0.00084231884  
2.0345805e-05  9.9215987e-05  0.00021875632  -0.0010224500  -0.0012756226  0.00034169452  -9.8117736e-05  -0.00024116121  0.00084231884  0.0000000   
