0.0000000   3.3568923e-05  -5.7885091e-05  1.5010232e-05  -0.00024620169  2.1007534e-05  0.00031024691  -4.9547712e-05  -1.2079723e-05  3.9021104e-05  
-3.3568923e-05  0.0000000   -0.00042162393  0.00010617184  0.00043864739  1.7253829e-05  -0.0011496032  0.00015645740  -0.00061109845  0.00025007625  
5.7885091e-05  0.00042162393  0.0000000   -3.9515012e-05  0.0017010709  -0.00057500975  -0.00025365324  0.00011597848  -1.0010445e-05  -0.00014507558  
-1.5010232e-05  -0.00010617184  3.9515012e-05  0.0000000   -0.00048061005  -0.0044390412  6.3345498e-05  0.00067226870  -0.00020084672  -5.0665766e-05  
0.00024620169  -0.00043864739  -0.0017010709  0.00048061005  0.0000000   -0.00010495639  0.0014061041  -0.00023596615  -0.00033756046  0.00012968898  
-2.1007534e-05  -1.7253829e-05  0.00057500975  0.0044390412  0.00010495639  0.0000000   -0.00024068931  -0.00096924122  -6.2330878e-05  0.00019338847  
-0.00031024691  0.0011496032  0.00025365324  -6.3345498e-05  -0.0014061041  0.00024068931  0.0000000   -7.3046763e-05  0.00036224039  0.0016161076  
4.9547712e-05  -0.00015645740  -0.00011597848  -0.00067226870  0.00023596615  0.00096924122  7.3046763e-05  0.0000000   -0.00020611526  0.00026101232  
1.2079723e-05  0.00061109845  1.0010445e-05  0.00020084672  0.00033756046  6.2330878e-05  -0.00036224039  0.00020611526  0.0000000   -0.011368574  
-3.9021104e-05  -0.00025007625  0.00014507558  5.0665766e-05  -0.00012968898  -0.00019338847  -0.0016161076  -0.00026101232  0.011368574  0.0000000   
