0.0000000   1.7876878e-05  -0.00014341499  9.3809111e-05  -0.00015749249  3.6406010e-05  0.00011626947  -4.1640223e-07  0.00011086662  -5.0466971e-05  
-1.7876878e-05  0.0000000   0.00022694908  0.00033746887  -1.8884967e-05  5.9696007e-08  4.2124586e-08  0.00039688072  -3.9552917e-07  2.2748875e-07  
0.00014341499  -0.00022694908  0.0000000   0.0033015895  1.9309299e-08  -1.8753978e-05  5.0312028e-07  -3.7344611e-07  0.00039311109  -9.5698583e-08  
-9.3809111e-05  -0.00033746887  -0.0033015895  0.0000000   3.5026200e-09  -5.0976118e-07  -1.8760308e-05  2.4898175e-07  -2.4394292e-08  0.00039315367  
0.00015749249  1.8884967e-05  -1.9309299e-08  -3.5026200e-09  0.0000000   0.00022692490  0.00033749895  -0.00046515755  4.4286085e-07  -2.6357107e-07  
-3.6406010e-05  -5.9696007e-08  1.8753978e-05  5.0976118e-07  -0.00022692490  0.0000000   0.0033019748  4.7720094e-07  -0.00046079853  -2.7093276e-07  
-0.00011626947  -4.2124586e-08  -5.0312028e-07  1.8760308e-05  -0.00033749895  -0.0033019748  0.0000000   -2.5737896e-07  4.1824557e-07  -0.00046085655  
4.1640223e-07  -0.00039688072  3.7344611e-07  -2.4898175e-07  0.00046515755  -4.7720094e-07  2.5737896e-07  0.0000000   0.00022692568  0.00033741838  
-0.00011086662  3.9552917e-07  -0.00039311109  2.4394292e-08  -4.4286085e-07  0.00046079853  -4.1824557e-07  -0.00022692568  0.0000000   0.0033012438  
5.0466971e-05  -2.2748875e-07  9.5698583e-08  -0.00039315367  2.6357107e-07  2.7093276e-07  0.00046085655  -0.00033741838  -0.0033012438  0.0000000   
