0.0000000   1.9261222e-07  4.8631686e-06  -8.0195390e-07  0.00011852607  8.9865258e-05  -2.0247125e-05  -1.2229298e-06  2.6395162e-06  -6.6259914e-06  
-1.9261222e-07  0.0000000   4.4469839e-06  0.00043605194  -3.6262185e-05  7.6419624e-06  -1.7945187e-06  -0.00015093622  -0.00010552744  3.8817258e-05  
-4.8631686e-06  -4.4469839e-06  0.0000000   -5.0286437e-06  -0.00038356175  0.00011515825  -0.00051731514  9.7998199e-06  -2.6751494e-06  1.1353595e-05  
8.0195390e-07  -0.00043605194  5.0286437e-06  0.0000000   3.6935230e-06  6.3196329e-05  8.1247948e-06  0.00011481135  3.5115293e-05  0.00019517740  
-0.00011852607  3.6262185e-05  0.00038356175  -3.6935230e-06  0.0000000   0.0059229746  -0.00022203350  -2.4098128e-05  1.2008354e-05  -3.3646653e-05  
-8.9865258e-05  -7.6419624e-06  -0.00011515825  -6.3196329e-05  -0.0059229746  0.0000000   0.00020491388  -3.3324071e-06  -1.2242221e-05  2.1009769e-05  
2.0247125e-05  1.7945187e-06  0.00051731514  -8.1247948e-06  0.00022203350  -0.00020491388  0.0000000   -6.0185706e-06  6.3775761e-06  1.4589718e-05  
1.2229298e-06  0.00015093622  -9.7998199e-06  -0.00011481135  2.4098128e-05  3.3324071e-06  6.0185706e-06  0.0000000   -0.00062353408  0.00074873951  
-2.6395162e-06  0.00010552744  2.6751494e-06  -3.5115293e-05  -1.2008354e-05  1.2242221e-05  -6.3775761e-06  0.00062353408  0.0000000   -0.0024107183  
6.6259914e-06  -3.8817258e-05  -1.1353595e-05  -0.00019517740  3.3646653e-05  -2.1009769e-05  -1.4589718e-05  -0.00074873951  0.0024107183  0.0000000   
