0.0000000   1.1155598e-05  0.00037340766  -2.8292097e-05  5.2370569e-05  2.2555670e-05  9.0857638e-07  6.0913091e-06  -2.8960682e-06  4.3564445e-06  
-1.1155598e-05  0.0000000   -7.6624489e-06  -0.00023663159  -7.7871603e-05  0.00031319096  1.4294277e-05  -0.00014192959  1.4077948e-05  7.3462845e-06  
-0.00037340766  7.6624489e-06  0.0000000   0.00022658494  -0.00041955438  -0.00010205674  -0.00017701963  -3.9282468e-05  -6.9015204e-06  -1.6430519e-05  
2.8292097e-05  0.00023663159  -0.00022658494  0.0000000   -0.00044310938  -0.0012707632  0.00023362860  -0.00017692982  -0.00014570450  0.00023059849  
-5.2370569e-05  7.7871603e-05  0.00041955438  0.00044310938  0.0000000   -0.0056010187  -0.00053761068  -8.7949649e-05  -7.5255425e-05  9.7609197e-05  
-2.2555670e-05  -0.00031319096  0.00010205674  0.0012707632  0.0056010187  0.0000000   -0.00028006027  0.00029193947  0.00024409302  8.5488091e-05  
-9.0857638e-07  -1.4294277e-05  0.00017701963  -0.00023362860  0.00053761068  0.00028006027  0.0000000   4.2620441e-05  3.2966529e-05  0.00020222497  
-6.0913091e-06  0.00014192959  3.9282468e-05  0.00017692982  8.7949649e-05  -0.00029193947  -4.2620441e-05  0.0000000   0.0015668393  -0.00036994831  
2.8960682e-06  -1.4077948e-05  6.9015204e-06  0.00014570450  7.5255425e-05  -0.00024409302  -3.2966529e-05  -0.0015668393  0.0000000   -0.020426929  
-4.3564445e-06  -7.3462845e-06  1.6430519e-05  -0.00023059849  -9.7609197e-05  -8.5488091e-05  -0.00020222497  0.00036994831  0.020426929  0.0000000   
