0.0000000   2.6136149e-05  -0.00012618200  2.0731780e-06  -0.00011553563  -1.7710156e-05  -0.00016451925  -3.6109895e-05  -0.00015684182  1.1903341e-05  
-2.6136149e-05  0.0000000   4.2206674e-05  5.2964894e-05  -0.00017586340  4.3155691e-09  -1.4022333e-08  5.2496397e-05  -8.0761007e-09  1.2688758e-08  
0.00012618200  -4.2206674e-05  0.0000000   0.0015328965  -1.0287775e-08  -0.00017549927  9.3142019e-08  -3.2114853e-09  5.2383917e-05  1.0864205e-07  
-2.0731780e-06  -5.2964894e-05  -0.0015328965  0.0000000   1.8963616e-08  -1.2310804e-07  -0.00017541448  5.7432354e-09  -8.8590930e-08  5.2377234e-05  
0.00011553563  0.00017586340  1.0287775e-08  -1.8963616e-08  0.0000000   4.2233795e-05  5.2963701e-05  -0.00041262748  2.3437388e-08  -3.6914115e-08  
1.7710156e-05  -4.3155691e-09  0.00017549927  1.2310804e-07  -4.2233795e-05  0.0000000   0.0015325862  1.0316826e-08  -0.00041188789  1.4524367e-08  
0.00016451925  1.4022333e-08  -9.3142019e-08  0.00017541448  -5.2963701e-05  -0.0015325862  0.0000000   -9.4859151e-09  -1.0223567e-07  -0.00041172482  
3.6109895e-05  -5.2496397e-05  3.2114853e-09  -5.7432354e-09  0.00041262748  -1.0316826e-08  9.4859151e-09  0.0000000   4.2208741e-05  5.2950941e-05  
0.00015684182  8.0761007e-09  -5.2383917e-05  8.8590930e-08  -2.3437388e-08  0.00041188789  1.0223567e-07  -4.2208741e-05  0.0000000   0.0015328918  
-1.1903341e-05  -1.2688758e-08  -1.0864205e-07  -5.2377234e-05  3.6914115e-08  -1.4524367e-08  0.00041172482  -5.2950941e-05  -0.0015328918  0.0000000   
