0.0000000   1.5310525e-05  0.00015203332  -5.8087294e-05  0.00014646990  1.5261271e-05  0.00013349391  4.8769264e-05  0.00012520518  -1.6330929e-05  
-1.5310525e-05  0.0000000   -2.1638947e-05  7.1428061e-05  -9.7180623e-05  1.5785735e-08  1.1236326e-08  6.8289183e-05  -1.6813662e-08  1.3693941e-09  
-0.00015203332  2.1638947e-05  0.0000000   0.0019853031  2.3683773e-08  -9.6831425e-05  5.3990914e-08  1.4756101e-08  6.8069190e-05  2.9773676e-07  
5.8087294e-05  -7.1428061e-05  -0.0019853031  0.0000000   5.2940498e-08  -2.5620829e-08  -9.6796014e-05  -1.4027707e-08  -2.9043532e-07  6.8046425e-05  
-0.00014646990  9.7180623e-05  -2.3683773e-08  -5.2940498e-08  0.0000000   -2.1599012e-05  7.1388207e-05  -0.00086386401  1.2760780e-07  1.0301643e-07  
-1.5261271e-05  -1.5785735e-08  9.6831425e-05  2.5620829e-08  2.1599012e-05  0.0000000   0.0019840155  1.2242225e-07  -0.00086102844  7.4599219e-08  
-0.00013349391  -1.1236326e-08  -5.3990914e-08  9.6796014e-05  -7.1388207e-05  -0.0019840155  0.0000000   1.3122564e-07  9.3487947e-08  -0.00086082303  
-4.8769264e-05  -6.8289183e-05  -1.4756101e-08  1.4027707e-08  0.00086386401  -1.2242225e-07  -1.3122564e-07  0.0000000   -2.1637132e-05  7.1388543e-05  
-0.00012520518  1.6813662e-08  -6.8069190e-05  2.9043532e-07  -1.2760780e-07  0.00086102844  -9.3487947e-08  2.1637132e-05  0.0000000   0.0019842259  
1.6330929e-05  -1.3693941e-09  -2.9773676e-07  -6.8046425e-05  -1.0301643e-07  -7.4599219e-08  0.00086082303  -7.1388543e-05  -0.0019842259  0.0000000   
