0.0000000   -1.4164281e-06  1.4232051e-06  -1.2549217e-06  1.7891379e-06  -4.6097317e-06  -7.7566096e-05  2.3393005e-06  1.4876223e-06  -1.2230849e-07  
1.4164281e-06  0.0000000   -2.7768305e-06  5.9810517e-08  5.0176842e-05  -4.0867517e-10  2.8391965e-08  1.7060729e-06  2.7807852e-09  -2.5957165e-09  
-1.4232051e-06  2.7768305e-06  0.0000000   1.6022731e-07  -3.7844659e-09  4.8380766e-05  -1.3384999e-05  -4.2177082e-10  1.6417581e-06  -4.5368672e-07  
1.2549217e-06  -5.9810517e-08  -1.6022731e-07  0.0000000   -7.3221810e-08  -1.3342629e-05  -4.8367449e-05  -8.6996355e-10  -4.4935939e-07  -1.6458983e-06  
-1.7891379e-06  -5.0176842e-05  3.7844659e-09  7.3221810e-08  0.0000000   -2.7457694e-06  1.1887251e-07  0.0032355526  -3.7771944e-07  -4.6571660e-06  
4.6097317e-06  4.0867517e-10  -4.8380766e-05  1.3342629e-05  2.7457694e-06  0.0000000   2.0388384e-07  -3.6565331e-07  0.0031196549  -0.00086026976  
7.7566096e-05  -2.8391965e-08  1.3384999e-05  4.8367449e-05  -1.1887251e-07  -2.0388384e-07  0.0000000   -4.5591982e-06  -0.00085998479  -0.0031186823  
-2.3393005e-06  -1.7060729e-06  4.2177082e-10  8.6996355e-10  -0.0032355526  3.6565331e-07  4.5591982e-06  0.0000000   -2.7577337e-06  5.8008311e-08  
-1.4876223e-06  -2.7807852e-09  -1.6417581e-06  4.4935939e-07  3.7771944e-07  -0.0031196549  0.00085998479  2.7577337e-06  0.0000000   1.5936178e-07  
1.2230849e-07  2.5957165e-09  4.5368672e-07  1.6458983e-06  4.6571660e-06  0.00086026976  0.0031186823  -5.8008311e-08  -1.5936178e-07  0.0000000   
