0.0000000   -2.1748017e-05  0.00021740007  -8.1734833e-05  -5.1686463e-05  0.00011797685  -0.00018890148  -0.00020303670  0.00019578690  -3.6603096e-05  
2.1748017e-05  0.0000000   -0.00051990232  4.9764900e-05  -5.4772921e-06  0.00013841857  1.8359622e-05  -0.00039499567  2.1277482e-05  3.6316010e-06  
-0.00021740007  0.00051990232  0.0000000   0.0040387113  0.0016205183  0.00012102763  -3.2145825e-05  0.00053403669  -9.2712495e-05  9.3467854e-06  
8.1734833e-05  -4.9764900e-05  -0.0040387113  0.0000000   0.00074675563  3.9439251e-05  0.00039411589  0.00057465387  -2.6745378e-05  0.00012984569  
5.1686463e-05  5.4772921e-06  -0.0016205183  -0.00074675563  0.0000000   9.6243358e-05  -0.0040408516  0.0030622286  -0.0024482912  0.00016414716  
-0.00011797685  -0.00013841857  -0.00012102763  -3.9439251e-05  -9.6243358e-05  0.0000000   -0.00019862381  -0.0026032470  0.00028210324  0.00016984459  
0.00018890148  -1.8359622e-05  3.2145825e-05  -0.00039411589  0.0040408516  0.00019862381  0.0000000   -7.7555816e-05  0.00094874321  -0.0013722052  
0.00020303670  0.00039499567  -0.00053403669  -0.00057465387  -0.0030622286  0.0026032470  7.7555816e-05  0.0000000   0.00012021011  -2.7053305e-05  
-0.00019578690  -2.1277482e-05  9.2712495e-05  2.6745378e-05  0.0024482912  -0.00028210324  -0.00094874321  -0.00012021011  0.0000000   -0.0028341918  
3.6603096e-05  -3.6316010e-06  -9.3467854e-06  -0.00012984569  -0.00016414716  -0.00016984459  0.0013722052  2.7053305e-05  0.0028341918  0.0000000   
