0.0000000   3.2556242e-05  -0.00023653567  0.00014798749  0.00024664486  4.7682254e-06  2.3135728e-05  2.5901193e-05  2.8198675e-05  -1.1447989e-05  
-3.2556242e-05  0.0000000   -0.00020565635  -0.00028283397  -7.5932936e-05  -1.5121887e-07  -2.0388246e-07  0.00024356980  -3.9857894e-08  -3.9160454e-08  
0.00023653567  0.00020565635  0.0000000   0.00029239977  1.8210381e-07  -7.5890976e-05  1.7583572e-07  -1.0717854e-07  0.00024353550  1.5798290e-08  
-0.00014798749  0.00028283397  -0.00029239977  0.0000000   1.5921404e-07  -2.0924268e-07  -7.5864769e-05  1.6760514e-07  -9.2162902e-08  0.00024349958  
-0.00024664486  7.5932936e-05  -1.8210381e-07  -1.5921404e-07  0.0000000   -0.00020411794  -0.00028062162  -0.0029890359  -6.2255855e-08  -1.6655408e-07  
-4.7682254e-06  1.5121887e-07  7.5890976e-05  2.0924268e-07  0.00020411794  0.0000000   0.00029018902  -6.1581936e-08  -0.0029889279  3.1993553e-07  
-2.3135728e-05  2.0388246e-07  -1.7583572e-07  7.5864769e-05  0.00028062162  -0.00029018902  0.0000000   -1.8116720e-07  3.2362198e-07  -0.0029884244  
-2.5901193e-05  -0.00024356980  1.0717854e-07  -1.6760514e-07  0.0029890359  6.1581936e-08  1.8116720e-07  0.0000000   -0.00020409377  -0.00028061583  
-2.8198675e-05  3.9857894e-08  -0.00024353550  9.2162902e-08  6.2255855e-08  0.0029889279  -3.2362198e-07  0.00020409377  0.0000000   0.00029014324  
1.1447989e-05  3.9160454e-08  -1.5798290e-08  -0.00024349958  1.6655408e-07  -3.1993553e-07  0.0029884244  0.00028061583  -0.00029014324  0.0000000   
