0.0000000   5.1848237e-06  1.6248304e-05  -2.7538747e-05  -4.5103505e-06  2.0188395e-06  -9.8998287e-06  2.6861730e-05  1.2223102e-06  -1.4652103e-05  
-5.1848237e-06  0.0000000   0.00011856372  -0.00031510889  9.0621245e-07  -5.1387206e-06  -2.8144440e-05  -6.4910958e-05  1.5596470e-06  -1.9969685e-06  
-1.6248304e-05  -0.00011856372  0.0000000   -0.00014395544  6.7228829e-07  -7.6314314e-06  -0.00013617906  0.00011080949  9.4730288e-06  -9.4148660e-05  
2.7538747e-05  0.00031510889  0.00014395544  0.0000000   1.5867639e-05  1.4023956e-06  -0.00017914025  -0.00011103261  1.9718160e-05  -0.00028654526  
4.5103505e-06  -9.0621245e-07  -6.7228829e-07  -1.5867639e-05  0.0000000   -0.0017875625  -8.7931820e-06  -9.3271611e-06  0.00013810474  8.6657635e-06  
-2.0188395e-06  5.1387206e-06  7.6314314e-06  -1.4023956e-06  0.0017875625  0.0000000   -2.1507813e-05  3.0264174e-06  -0.00015147063  -1.5851745e-05  
9.8998287e-06  2.8144440e-05  0.00013617906  0.00017914025  8.7931820e-06  2.1507813e-05  0.0000000   -0.00013060846  -3.9950466e-06  2.8135253e-05  
-2.6861730e-05  6.4910958e-05  -0.00011080949  0.00011103261  9.3271611e-06  -3.0264174e-06  0.00013060846  0.0000000   1.8934627e-05  -0.00026312859  
-1.2223102e-06  -1.5596470e-06  -9.4730288e-06  -1.9718160e-05  -0.00013810474  0.00015147063  3.9950466e-06  -1.8934627e-05  0.0000000   -2.8755087e-06  
1.4652103e-05  1.9969685e-06  9.4148660e-05  0.00028654526  -8.6657635e-06  1.5851745e-05  -2.8135253e-05  0.00026312859  2.8755087e-06  0.0000000   
