0.0000000   6.7877427e-06  0.00035916948  0.00014639540  0.00033035504  -6.1156063e-05  -3.0491988e-05  -1.1395613e-05  9.2396266e-07  -1.0445464e-05  
-6.7877427e-06  0.0000000   0.00023904276  -0.00021881504  -0.00015990738  -0.00023939180  -3.1367384e-06  -4.3247463e-07  -3.3049989e-06  5.4612652e-06  
-0.00035916948  -0.00023904276  0.0000000   -0.00050701745  0.00070437283  -5.9568157e-06  -1.4512472e-05  -0.00069509928  0.00020613580  -2.1920902e-05  
-0.00014639540  0.00021881504  0.00050701745  0.0000000   0.00044196700  -1.1561947e-05  -0.00012743102  -0.00036389856  1.4280709e-05  0.00023245320  
-0.00033035504  0.00015990738  -0.00070437283  -0.00044196700  0.0000000   -9.6014062e-05  -0.00022246410  0.00010230912  -3.3193000e-05  -2.5849504e-05  
6.1156063e-05  0.00023939180  5.9568157e-06  1.1561947e-05  9.6014062e-05  0.0000000   1.0929787e-06  -7.7162004e-07  -0.00023657120  0.00023065561  
3.0491988e-05  3.1367384e-06  1.4512472e-05  0.00012743102  0.00022246410  -1.0929787e-06  0.0000000   0.00042838343  8.4663320e-05  0.00012767461  
1.1395613e-05  4.3247463e-07  0.00069509928  0.00036389856  -0.00010230912  7.7162004e-07  -0.00042838343  0.0000000   0.00014767212  1.2357621e-05  
-9.2396266e-07  3.3049989e-06  -0.00020613580  -1.4280709e-05  3.3193000e-05  0.00023657120  -8.4663320e-05  -0.00014767212  0.0000000   -0.00041071096  
1.0445464e-05  -5.4612652e-06  2.1920902e-05  -0.00023245320  2.5849504e-05  -0.00023065561  -0.00012767461  -1.2357621e-05  0.00041071096  0.0000000   
