0.0000000   -1.0570664e-05  7.8394598e-05  8.2018234e-06  -6.6059909e-05  -1.4721422e-05  1.9089066e-05  3.6523935e-05  8.9495416e-06  3.9750797e-07  
1.0570664e-05  0.0000000   0.00033730289  4.7376488e-05  0.00033908256  1.9148837e-07  -8.6897118e-07  -0.00010686286  1.7080131e-07  3.0588250e-07  
-7.8394598e-05  -0.00033730289  0.0000000   -0.0087294171  5.2041641e-08  0.00031618998  -1.7951199e-06  -2.3466805e-07  -9.9648034e-05  -5.4088176e-06  
-8.2018234e-06  -4.7376488e-05  0.0087294171  0.0000000   -8.4832686e-07  1.7891905e-06  0.00031620773  2.2654891e-07  5.4107508e-06  -9.9655780e-05  
6.6059909e-05  -0.00033908256  -5.2041641e-08  8.4832686e-07  0.0000000   0.00033598106  4.7200828e-05  0.0021442743  7.6709019e-07  -5.5643304e-06  
1.4721422e-05  -1.9148837e-07  -0.00031618998  -1.7891905e-06  -0.00033598106  0.0000000   -0.0086949599  7.6094885e-07  0.0019996014  -1.7978640e-07  
-1.9089066e-05  8.6897118e-07  1.7951199e-06  -0.00031620773  -4.7200828e-05  0.0086949599  0.0000000   -5.5560610e-06  1.3244946e-07  0.0019997107  
-3.6523935e-05  0.00010686286  2.3466805e-07  -2.2654891e-07  -0.0021442743  -7.6094885e-07  5.5560610e-06  0.0000000   0.00033601112  4.7203736e-05  
-8.9495416e-06  -1.7080131e-07  9.9648034e-05  -5.4107508e-06  -7.6709019e-07  -0.0019996014  -1.3244946e-07  -0.00033601112  0.0000000   -0.0086960309  
-3.9750797e-07  -3.0588250e-07  5.4088176e-06  9.9655780e-05  5.5643304e-06  1.7978640e-07  -0.0019997107  -4.7203736e-05  0.0086960309  0.0000000   
