0.0000000   2.6631792e-05  -0.00013354935  -0.00013934632  -0.00017617302  8.2972522e-08  7.3464219e-06  3.4942555e-05  -3.2472221e-05  -1.0383880e-05  
-2.6631792e-05  0.0000000   -0.00027397854  0.00016414713  0.00014055519  -8.4505712e-08  9.1288183e-08  0.00030088476  9.7302076e-08  2.6903627e-08  
0.00013354935  0.00027397854  0.0000000   -0.00089567334  1.6445041e-07  0.00014043817  -3.4050057e-07  3.2174300e-08  0.00030066220  1.9700418e-07  
0.00013934632  -0.00016414713  0.00089567334  0.0000000   -5.5797526e-08  3.7317827e-07  0.00014045617  1.2386668e-07  -1.0874593e-07  0.00030069189  
0.00017617302  -0.00014055519  -1.6445041e-07  5.5797526e-08  0.0000000   -0.00027339720  0.00016377984  -0.0015972329  -2.6561038e-07  -2.9396887e-07  
-8.2972522e-08  8.4505712e-08  -0.00014043817  -3.7317827e-07  0.00027339720  0.0000000   -0.00089377079  -2.5639985e-07  -0.0015960276  -2.8466319e-07  
-7.3464219e-06  -9.1288183e-08  3.4050057e-07  -0.00014045617  -0.00016377984  0.00089377079  0.0000000   -2.8871287e-07  -2.5131344e-07  -0.0015962845  
-3.4942555e-05  -0.00030088476  -3.2174300e-08  -1.2386668e-07  0.0015972329  2.5639985e-07  2.8871287e-07  0.0000000   -0.00027341616  0.00016380113  
3.2472221e-05  -9.7302076e-08  -0.00030066220  1.0874593e-07  2.6561038e-07  0.0015960276  2.5131344e-07  0.00027341616  0.0000000   -0.00089382373  
1.0383880e-05  -2.6903627e-08  -1.9700418e-07  -0.00030069189  2.9396887e-07  2.8466319e-07  0.0015962845  -0.00016380113  0.00089382373  0.0000000   
