0.0000000   4.0223818e-05  0.00013577796  -5.2470101e-05  -0.00013979233  3.1699191e-05  8.1835502e-05  -7.0189603e-05  7.7281173e-05  -1.3102889e-05  
-4.0223818e-05  0.0000000   -0.00029270883  -0.00023915173  -0.00017810950  -2.5580126e-07  -4.4409784e-08  0.00034350979  5.4985660e-08  -2.7256062e-07  
-0.00013577796  0.00029270883  0.0000000   0.0022318834  9.2058105e-08  -0.00017734731  1.3464569e-06  2.1260962e-07  0.00034205667  7.5525179e-07  
5.2470101e-05  0.00023915173  -0.0022318834  0.0000000   1.9615833e-07  -1.3004686e-06  -0.00017731304  -1.1203231e-07  -7.9350043e-07  0.00034202569  
0.00013979233  0.00017810950  -9.2058105e-08  -1.9615833e-07  0.0000000   -0.00029153185  -0.00023818249  -0.0021999532  -1.0342998e-06  1.1923790e-06  
-3.1699191e-05  2.5580126e-07  0.00017734731  1.3004686e-06  0.00029153185  0.0000000   0.0022229874  -9.7979496e-07  -0.0021905370  4.1553972e-07  
-8.1835502e-05  4.4409784e-08  -1.3464569e-06  0.00017731304  0.00023818249  -0.0022229874  0.0000000   1.2162460e-06  2.3889815e-09  -0.0021904534  
7.0189603e-05  -0.00034350979  -2.1260962e-07  1.1203231e-07  0.0021999532  9.7979496e-07  -1.2162460e-06  0.0000000   -0.00029147730  -0.00023815871  
-7.7281173e-05  -5.4985660e-08  -0.00034205667  7.9350043e-07  1.0342998e-06  0.0021905370  -2.3889815e-09  0.00029147730  0.0000000   0.0022227110  
1.3102889e-05  2.7256062e-07  -7.5525179e-07  -0.00034202569  -1.1923790e-06  -4.1553972e-07  0.0021904534  0.00023815871  -0.0022227110  0.0000000   
