0.0000000   -1.7956801e-05  6.1930229e-05  4.2656087e-05  -8.8696534e-05  -8.4337694e-05  -8.8487801e-05  -2.7105101e-05  9.3015053e-06  3.2198942e-06  
1.7956801e-05  0.0000000   0.00048854537  0.00064549754  0.00061602851  -0.00041609171  8.1225616e-06  -6.9203923e-05  -2.7142746e-05  1.7846666e-06  
-6.1930229e-05  -0.00048854537  0.0000000   -0.00011673585  9.1298647e-05  0.00010606331  2.0407247e-05  4.5526830e-06  3.0030037e-05  -8.4000085e-06  
-4.2656087e-05  -0.00064549754  0.00011673585  0.0000000   -0.00068131156  0.00019773129  -0.00041832914  0.00013144052  0.00038843838  -6.0424680e-05  
8.8696534e-05  -0.00061602851  -9.1298647e-05  0.00068131156  0.0000000   0.0043211884  0.0014912333  0.00037021907  0.00012941655  0.00027765413  
8.4337694e-05  0.00041609171  -0.00010606331  -0.00019773129  -0.0043211884  0.0000000   0.0014803886  -0.00048332760  0.00016334022  -0.00015607447  
8.8487801e-05  -8.1225616e-06  -2.0407247e-05  0.00041832914  -0.0014912333  -0.0014803886  0.0000000   6.8527480e-05  -0.00010172551  -6.8919652e-05  
2.7105101e-05  6.9203923e-05  -4.5526830e-06  -0.00013144052  -0.00037021907  0.00048332760  -6.8527480e-05  0.0000000   -0.00021954631  -0.00052731644  
-9.3015053e-06  2.7142746e-05  -3.0030037e-05  -0.00038843838  -0.00012941655  -0.00016334022  0.00010172551  0.00021954631  0.0000000   0.0038569391  
-3.2198942e-06  -1.7846666e-06  8.4000085e-06  6.0424680e-05  -0.00027765413  0.00015607447  6.8919652e-05  0.00052731644  -0.0038569391  0.0000000   
