0.0000000   -4.6880904e-06  -0.00011847816  0.00016909024  0.00017921816  5.0802281e-05  7.5308068e-05  -3.3634813e-05  -8.8997973e-05  4.9322821e-05  
4.6880904e-06  0.0000000   -0.00013051958  -0.00014231851  9.4030727e-06  -1.4231180e-09  -3.6566803e-09  -4.4844236e-06  -2.0000538e-08  -1.3347152e-08  
0.00011847816  0.00013051958  0.0000000   0.0017972340  -3.7296503e-08  9.3527086e-06  4.5286910e-08  7.3076564e-08  -4.4441784e-06  1.9738914e-07  
-0.00016909024  0.00014231851  -0.0017972340  0.0000000   -4.1506110e-08  -7.7097903e-08  9.3502647e-06  -4.5318839e-08  -1.9754042e-07  -4.4800455e-06  
-0.00017921816  -9.4030727e-06  3.7296503e-08  4.1506110e-08  0.0000000   -0.00012996812  -0.00014173229  0.0022160482  1.9035432e-07  -5.1138830e-07  
-5.0802281e-05  1.4231180e-09  -9.3527086e-06  7.7097903e-08  0.00012996812  0.0000000   0.0017898386  1.8719558e-07  0.0022095946  -1.4338996e-07  
-7.5308068e-05  3.6566803e-09  -4.5286910e-08  -9.3502647e-06  0.00014173229  -0.0017898386  0.0000000   -5.3728139e-07  -2.6764877e-07  0.0022096722  
3.3634813e-05  4.4844236e-06  -7.3076564e-08  4.5318839e-08  -0.0022160482  -1.8719558e-07  5.3728139e-07  0.0000000   -0.00013001001  -0.00014171862  
8.8997973e-05  2.0000538e-08  4.4441784e-06  1.9754042e-07  -1.9035432e-07  -0.0022095946  2.6764877e-07  0.00013001001  0.0000000   0.0017898899  
-4.9322821e-05  1.3347152e-08  -1.9738914e-07  4.4800455e-06  5.1138830e-07  1.4338996e-07  -0.0022096722  0.00014171862  -0.0017898899  0.0000000   
