0.0000000   -1.5963118e-06  -0.00011909824  -2.3758095e-05  -0.00017635483  -2.8845884e-06  -3.2181374e-06  -4.2768660e-05  8.0516328e-06  5.3930787e-05  
1.5963118e-06  0.0000000   0.00056671961  -0.00020904593  -0.00057235327  -0.00034286077  0.00025345356  -0.00033918796  0.00011857000  0.00039596157  
0.00011909824  -0.00056671961  0.0000000   -0.00025413100  0.00076081717  -0.00036517798  0.00041608241  0.010840971  0.00013982685  -7.0369210e-05  
2.3758095e-05  0.00020904593  0.00025413100  0.0000000   0.00015835074  -0.00025641218  -0.00083726478  -0.0053190459  0.00010865640  0.00065262456  
0.00017635483  0.00057235327  -0.00076081717  -0.00015835074  0.0000000   -6.6556642e-06  -2.9766818e-05  0.020833031  0.00089041331  -0.00034943409  
2.8845884e-06  0.00034286077  0.00036517798  0.00025641218  6.6556642e-06  0.0000000   -0.00024183558  -0.00063598274  -0.0046177376  -0.016189430  
3.2181374e-06  -0.00025345356  -0.00041608241  0.00083726478  2.9766818e-05  0.00024183558  0.0000000   0.0011283189  -0.022662900  -0.00062714295  
4.2768660e-05  0.00033918796  -0.010840971  0.0053190459  -0.020833031  0.00063598274  -0.0011283189  0.0000000   0.00041053881  6.2308781e-06  
-8.0516328e-06  -0.00011857000  -0.00013982685  -0.00010865640  -0.00089041331  0.0046177376  0.022662900  -0.00041053881  0.0000000   0.00035787467  
-5.3930787e-05  -0.00039596157  7.0369210e-05  -0.00065262456  0.00034943409  0.016189430  0.00062714295  -6.2308781e-06  -0.00035787467  0.0000000   
