0.0000000   -5.0527300e-05  -8.7862325e-05  9.6404820e-06  -7.6191103e-05  1.9189651e-05  -0.00011553690  3.0995006e-05  -0.00011005761  -3.6887355e-05  
5.0527300e-05  0.0000000   -1.5042511e-05  0.00032410455  6.0209209e-05  2.8375735e-08  -1.1538319e-07  0.00031655451  1.0461029e-07  4.6043175e-09  
8.7862325e-05  1.5042511e-05  0.0000000   -0.0013995213  1.8553762e-08  6.0118047e-05  4.8986969e-07  1.1344994e-07  0.00031605147  -5.4914319e-08  
-9.6404820e-06  -0.00032410455  0.0013995213  0.0000000   9.9291684e-08  -4.8203553e-07  6.0081509e-05  -2.6896410e-08  5.1883345e-08  0.00031595062  
7.6191103e-05  -6.0209209e-05  -1.8553762e-08  -9.9291684e-08  0.0000000   -1.5025180e-05  0.00032381264  0.0010404289  3.6889109e-07  -6.7819726e-08  
-1.9189651e-05  -2.8375735e-08  -6.0118047e-05  4.8203553e-07  1.5025180e-05  0.0000000   -0.0013982909  3.8036498e-07  0.0010388165  9.9622293e-08  
0.00011553690  1.1538319e-07  -4.8986969e-07  -6.0081509e-05  -0.00032381264  0.0013982909  0.0000000   -2.9938195e-08  -1.3248038e-07  0.0010384755  
-3.0995006e-05  -0.00031655451  -1.1344994e-07  2.6896410e-08  -0.0010404289  -3.8036498e-07  2.9938195e-08  0.0000000   -1.5018805e-05  0.00032381781  
0.00011005761  -1.0461029e-07  -0.00031605147  -5.1883345e-08  -3.6889109e-07  -0.0010388165  1.3248038e-07  1.5018805e-05  0.0000000   -0.0013983154  
3.6887355e-05  -4.6043175e-09  5.4914319e-08  -0.00031595062  6.7819726e-08  -9.9622293e-08  -0.0010384755  -0.00032381781  0.0013983154  0.0000000   
