0.0000000   2.3203136e-05  -0.00019946491  -5.4858643e-05  -0.00020133854  -1.8428898e-05  0.00013047220  -8.2658385e-06  0.00010276812  3.5723536e-05  
-2.3203136e-05  0.0000000   0.00015268831  0.00022315389  -0.00024722268  -1.6228821e-07  7.5487591e-08  0.00011377586  2.5921379e-08  -1.0212824e-07  
0.00019946491  -0.00015268831  0.0000000   -0.0029676492  -7.5676690e-08  -0.00024528089  3.6038784e-07  6.6728927e-08  0.00011287349  7.2247570e-07  
5.4858643e-05  -0.00022315389  0.0029676492  0.0000000   1.9594119e-08  -4.1112296e-07  -0.00024526335  -7.2559449e-09  -6.7454455e-07  0.00011292123  
0.00020133854  0.00024722268  7.5676690e-08  -1.9594119e-08  0.0000000   0.00015246874  0.00022277729  0.0014243575  7.7758784e-07  -6.1302106e-07  
1.8428898e-05  1.6228821e-07  0.00024528089  4.1112296e-07  -0.00015246874  0.0000000   -0.0029626785  7.8037259e-07  0.0014135099  6.7975816e-08  
-0.00013047220  -7.5487591e-08  -3.6038784e-07  0.00024526335  -0.00022277729  0.0029626785  0.0000000   -5.7776842e-07  4.1636162e-08  0.0014135288  
8.2658385e-06  -0.00011377586  -6.6728927e-08  7.2559449e-09  -0.0014243575  -7.8037259e-07  5.7776842e-07  0.0000000   0.00015241608  0.00022279571  
-0.00010276812  -2.5921379e-08  -0.00011287349  6.7454455e-07  -7.7758784e-07  -0.0014135099  -4.1636162e-08  -0.00015241608  0.0000000   -0.0029629185  
-3.5723536e-05  1.0212824e-07  -7.2247570e-07  -0.00011292123  6.1302106e-07  -6.7975816e-08  -0.0014135288  -0.00022279571  0.0029629185  0.0000000   
