0.0000000   -2.4503285e-05  -9.6613521e-06  -8.3719698e-05  -4.4300247e-06  8.1585634e-05  5.3424240e-06  -3.3865433e-05  1.0058888e-07  3.8422777e-05  
2.4503285e-05  0.0000000   -7.4403942e-06  5.7925164e-05  -1.8388368e-05  -0.00016264574  -4.1551715e-06  -1.9977643e-05  -1.1364213e-06  -9.5716176e-05  
9.6613521e-06  7.4403942e-06  0.0000000   -0.0014265249  -0.00014194117  0.00021443489  0.00023106436  -0.0014155577  0.00010426386  0.00018351667  
8.3719698e-05  -5.7925164e-05  0.0014265249  0.0000000   0.0022278867  -4.3400872e-05  -0.00018002081  -0.00043426156  -0.00013627829  -0.00011770486  
4.4300247e-06  1.8388368e-05  0.00014194117  -0.0022278867  0.0000000   0.00029516717  -0.00010057200  -1.6877231e-05  -5.2708408e-05  0.00021653960  
-8.1585634e-05  0.00016264574  -0.00021443489  4.3400872e-05  -0.00029516717  0.0000000   3.1829972e-05  0.00010184086  -9.4092300e-06  0.00029891057  
-5.3424240e-06  4.1551715e-06  -0.00023106436  0.00018002081  0.00010057200  -3.1829972e-05  0.0000000   -0.00032478931  0.00027539329  9.4480784e-06  
3.3865433e-05  1.9977643e-05  0.0014155577  0.00043426156  1.6877231e-05  -0.00010184086  0.00032478931  0.0000000   0.00039202820  -9.2464182e-05  
-1.0058888e-07  1.1364213e-06  -0.00010426386  0.00013627829  5.2708408e-05  9.4092300e-06  -0.00027539329  -0.00039202820  0.0000000   1.5047165e-05  
-3.8422777e-05  9.5716176e-05  -0.00018351667  0.00011770486  -0.00021653960  -0.00029891057  -9.4480784e-06  9.2464182e-05  -1.5047165e-05  0.0000000   
