0.0000000   1.5974956e-06  7.5421423e-06  -9.8432793e-05  7.2657696e-05  0.00018606461  -0.00015348963  5.8799137e-05  0.00016317728  0.00012152269  
-1.5974956e-06  0.0000000   -0.00012245810  -0.00055794157  0.00014842500  0.0095798304  -0.0012068595  0.00038298523  0.0010995182  -0.0025413361  
-7.5421423e-06  0.00012245810  0.0000000   0.00012676402  0.0040700334  0.00023901319  -0.0016572401  -0.0086073783  -0.0017541401  0.00024318777  
9.8432793e-05  0.00055794157  -0.00012676402  0.0000000   -0.0010929648  -0.00058132043  0.00017167695  5.3442427e-05  3.9180664e-06  0.00027408311  
-7.2657696e-05  -0.00014842500  -0.0040700334  0.0010929648  0.0000000   -0.00046964010  0.0011618117  -0.00012169058  0.0017442028  0.0010682730  
-0.00018606461  -0.0095798304  -0.00023901319  0.00058132043  0.00046964010  0.0000000   -0.0034742075  0.00014841112  0.0040424453  0.00069313763  
0.00015348963  0.0012068595  0.0016572401  -0.00017167695  -0.0011618117  0.0034742075  0.0000000   0.0032308810  0.00054235478  0.0080625202  
-5.8799137e-05  -0.00038298523  0.0086073783  -5.3442427e-05  0.00012169058  -0.00014841112  -0.0032308810  0.0000000   -0.0025253598  0.00080939386  
-0.00016317728  -0.0010995182  0.0017541401  -3.9180664e-06  -0.0017442028  -0.0040424453  -0.00054235478  0.0025253598  0.0000000   -0.0080462522  
-0.00012152269  0.0025413361  -0.00024318777  -0.00027408311  -0.0010682730  -0.00069313763  -0.0080625202  -0.00080939386  0.0080462522  0.0000000   
