0.0000000   -1.2827037e-05  -1.7383948e-06  -1.4802550e-07  -6.2372890e-06  2.2038261e-05  1.7898229e-05  2.0934894e-06  2.0608038e-05  -4.1153017e-05  
1.2827037e-05  0.0000000   4.2947699e-06  -1.0565673e-05  3.2621695e-05  0.00012772127  -0.00073003990  -2.7074794e-05  -0.00081214552  0.00044261271  
1.7383948e-06  -4.2947699e-06  0.0000000   -0.00073349403  0.00032862030  0.00011792304  -0.00029853165  0.00099639631  0.00072388595  -0.00016928791  
1.4802550e-07  1.0565673e-05  0.00073349403  0.0000000   0.0013049817  -0.00013798803  3.5526429e-05  -0.00061207540  -0.00018106496  0.00026568417  
6.2372890e-06  -3.2621695e-05  -0.00032862030  -0.0013049817  0.0000000   0.00011938962  -0.00056740383  3.3871535e-06  0.00099216341  -0.00027091795  
-2.2038261e-05  -0.00012772127  -0.00011792304  0.00013798803  -0.00011938962  0.0000000   0.0063131199  5.0830346e-05  0.0069665495  1.0766434e-05  
-1.7898229e-05  0.00073003990  0.00029853165  -3.5526429e-05  0.00056740383  -0.0063131199  0.0000000   -7.9250828e-05  7.0266195e-05  0.014210718  
-2.0934894e-06  2.7074794e-05  -0.00099639631  0.00061207540  -3.3871535e-06  -5.0830346e-05  7.9250828e-05  0.0000000   0.00037247389  0.00014591496  
-2.0608038e-05  0.00081214552  -0.00072388595  0.00018106496  -0.00099216341  -0.0069665495  -7.0266195e-05  -0.00037247389  0.0000000   0.015632482  
4.1153017e-05  -0.00044261271  0.00016928791  -0.00026568417  0.00027091795  -1.0766434e-05  -0.014210718  -0.00014591496  -0.015632482  0.0000000   
