0.0000000   -4.1951508e-06  9.3246531e-05  0.00011578755  0.00011796209  5.8228645e-05  -0.00016509549  -6.0832170e-05  -0.00016273247  -3.5339102e-05  
4.1951508e-06  0.0000000   -7.6220608e-05  -0.00046974030  8.2585174e-05  1.9022079e-07  5.1987432e-08  -0.00034598312  -7.1413737e-07  1.3892363e-07  
-9.3246531e-05  7.6220608e-05  0.0000000   0.0048749442  9.9250874e-08  8.0784449e-05  -8.8565890e-07  -6.6947592e-07  -0.00033876706  -7.8059546e-08  
-0.00011578755  0.00046974030  -0.0048749442  0.0000000   -5.8815388e-08  9.1575511e-07  8.0785390e-05  9.8138484e-08  4.6857556e-08  -0.00033880569  
-0.00011796209  -8.2585174e-05  -9.9250874e-08  5.8815388e-08  0.0000000   -7.6286185e-05  -0.00046961843  -0.00081079936  -1.6520070e-06  3.2139784e-07  
-5.8228645e-05  -1.9022079e-07  -8.0784449e-05  -9.1575511e-07  7.6286185e-05  0.0000000   0.0048735602  -1.6825941e-06  -0.00079421639  5.0676620e-07  
0.00016509549  -5.1987432e-08  8.8565890e-07  -8.0785390e-05  0.00046961843  -0.0048735602  0.0000000   3.3571704e-07  -5.6536288e-07  -0.00079420139  
6.0832170e-05  0.00034598312  6.6947592e-07  -9.8138484e-08  0.00081079936  1.6825941e-06  -3.3571704e-07  0.0000000   -7.6182549e-05  -0.00046960871  
0.00016273247  7.1413737e-07  0.00033876706  -4.6857556e-08  1.6520070e-06  0.00079421639  5.6536288e-07  7.6182549e-05  0.0000000   0.0048731926  
3.5339102e-05  -1.3892363e-07  7.8059546e-08  0.00033880569  -3.2139784e-07  -5.0676620e-07  0.00079420139  0.00046960871  -0.0048731926  0.0000000   
