0.0000000   4.2260538e-05  0.00035562922  4.1914586e-05  -2.1320019e-05  2.5253637e-05  0.00016294817  2.4662317e-05  2.8515116e-06  -3.0717477e-05  
-4.2260538e-05  0.0000000   0.00026350013  -0.00031984235  -0.00025544603  -0.00020025076  9.2531971e-06  6.4920713e-05  -2.1602675e-05  -1.3272751e-05  
-0.00035562922  -0.00026350013  0.0000000   0.00039051361  -0.00048803201  6.8728495e-05  -0.00039509330  -1.4158135e-05  -1.9853390e-05  5.5311277e-05  
-4.1914586e-05  0.00031984235  -0.00039051361  0.0000000   0.00029708331  -0.0013450151  -0.00023745882  -0.00020341408  0.00023563838  -1.7235640e-05  
2.1320019e-05  0.00025544603  0.00048803201  -0.00029708331  0.0000000   -0.0031630109  0.00090159248  -9.6442795e-05  0.00010926286  -0.00011227379  
-2.5253637e-05  0.00020025076  -6.8728495e-05  0.0013450151  0.0031630109  0.0000000   9.5959466e-05  -6.1975430e-05  -0.00011799656  -0.00032188326  
-0.00016294817  -9.2531971e-06  0.00039509330  0.00023745882  -0.00090159248  -9.5959466e-05  0.0000000   -8.8036974e-05  0.00014416623  1.4627933e-05  
-2.4662317e-05  -6.4920713e-05  1.4158135e-05  0.00020341408  9.6442795e-05  6.1975430e-05  8.8036974e-05  0.0000000   -0.00083022681  -0.0019901252  
-2.8515116e-06  2.1602675e-05  1.9853390e-05  -0.00023563838  -0.00010926286  0.00011799656  -0.00014416623  0.00083022681  0.0000000   0.016730275  
3.0717477e-05  1.3272751e-05  -5.5311277e-05  1.7235640e-05  0.00011227379  0.00032188326  -1.4627933e-05  0.0019901252  -0.016730275  0.0000000   
