0.0000000   -1.0656742e-06  3.8967963e-05  -6.9299403e-05  -2.6886271e-05  -0.00022846428  -0.00011138326  -1.7015045e-05  -5.6191090e-05  0.00012296266  
1.0656742e-06  0.0000000   5.8111134e-06  -1.7162203e-05  -9.8124434e-05  -7.9798298e-05  0.00023438715  0.0011314166  0.0012992581  7.8632575e-05  
-3.8967963e-05  -5.8111134e-06  0.0000000   -0.00019961239  -7.3067569e-05  -5.3630461e-05  -0.00011789793  -0.00051516957  0.00036219465  -0.00021581705  
6.9299403e-05  1.7162203e-05  0.00019961239  0.0000000   -2.4803001e-05  8.6773141e-05  0.00079037645  3.4310319e-07  0.00038231588  -0.00057873990  
2.6886271e-05  9.8124434e-05  7.3067569e-05  2.4803001e-05  0.0000000   3.2585819e-05  0.00019860703  -7.2925149e-05  4.2861487e-05  -0.00052863946  
0.00022846428  7.9798298e-05  5.3630461e-05  -8.6773141e-05  -3.2585819e-05  0.0000000   -0.00037638440  -0.00054155285  0.00024051206  0.00031533229  
0.00011138326  -0.00023438715  0.00011789793  -0.00079037645  -0.00019860703  0.00037638440  0.0000000   -0.00085630049  -0.00087451005  0.022381469  
1.7015045e-05  -0.0011314166  0.00051516957  -3.4310319e-07  7.2925149e-05  0.00054155285  0.00085630049  0.0000000   -0.00016733444  0.0076764738  
5.6191090e-05  -0.0012992581  -0.00036219465  -0.00038231588  -4.2861487e-05  -0.00024051206  0.00087451005  0.00016733444  0.0000000   0.0026421493  
-0.00012296266  -7.8632575e-05  0.00021581705  0.00057873990  0.00052863946  -0.00031533229  -0.022381469  -0.0076764738  -0.0026421493  0.0000000   
