0.0000000   -3.2716644e-05  -0.00016775340  -3.2354780e-05  4.6179874e-05  -1.0809796e-05  -2.6984669e-05  0.00022290696  1.1798865e-05  -2.5691918e-05  
3.2716644e-05  0.0000000   0.00011805429  7.4139652e-05  2.5005081e-05  -0.00052101268  -0.00097698834  0.00011373445  0.00093054081  -0.00092419713  
0.00016775340  -0.00011805429  0.0000000   0.00051479996  0.0014808591  0.00011065516  -0.00015958458  0.0065952530  -0.00044292345  9.3006143e-06  
3.2354780e-05  -7.4139652e-05  -0.00051479996  0.0000000   0.0026658187  0.00019502418  -0.00041476669  0.012512389  -0.00080376618  -4.8494579e-05  
-4.6179874e-05  -2.5005081e-05  -0.0014808591  -0.0026658187  0.0000000   6.9386973e-05  0.0013749894  0.00065178148  0.00068246111  -0.00078312301  
1.0809796e-05  0.00052101268  -0.00011065516  -0.00019502418  -6.9386973e-05  0.0000000   -0.00046864052  5.0132940e-05  -0.00038152561  0.00010877968  
2.6984669e-05  0.00097698834  0.00015958458  0.00041476669  -0.0013749894  0.00046864052  0.0000000   0.00041148664  -0.00010231274  -0.00036052132  
-0.00022290696  -0.00011373445  -0.0065952530  -0.012512389  -0.00065178148  -5.0132940e-05  -0.00041148664  0.0000000   -0.00019057584  0.00023700362  
-1.1798865e-05  -0.00093054081  0.00044292345  0.00080376618  -0.00068246111  0.00038152561  0.00010231274  0.00019057584  0.0000000   -0.00032849651  
2.5691918e-05  0.00092419713  -9.3006143e-06  4.8494579e-05  0.00078312301  -0.00010877968  0.00036052132  -0.00023700362  0.00032849651  0.0000000   
