0.0000000   1.2606069e-05  -1.1255452e-05  -1.7805896e-06  6.8056279e-06  -4.1215418e-05  -0.00046755698  6.4604164e-06  -4.2625715e-06  7.0497478e-05  
-1.2606069e-05  0.0000000   -7.4933169e-06  -2.0931143e-05  8.2758401e-07  -2.4908565e-05  0.00017637578  -4.3004833e-06  0.00017199082  -2.4237893e-05  
1.1255452e-05  7.4933169e-06  0.0000000   0.00035121697  4.8269035e-05  5.3413778e-05  0.00019609011  -7.4276822e-06  -1.2085216e-05  -7.3806423e-05  
1.7805896e-06  2.0931143e-05  -0.00035121697  0.0000000   -4.5994640e-05  1.7962257e-05  9.2772738e-06  -0.00069258580  -1.5427960e-05  -1.4068549e-05  
-6.8056279e-06  -8.2758401e-07  -4.8269035e-05  4.5994640e-05  0.0000000   -7.3468390e-05  -0.00022147516  -8.6324304e-05  2.1804378e-05  0.00013770036  
4.1215418e-05  2.4908565e-05  -5.3413778e-05  -1.7962257e-05  7.3468390e-05  0.0000000   -0.0014270773  2.1133247e-05  -0.0013344615  0.00054657124  
0.00046755698  -0.00017637578  -0.00019609011  -9.2772738e-06  0.00022147516  0.0014270773  0.0000000   0.00011046490  -0.00012813668  -0.0026153599  
-6.4604164e-06  4.3004833e-06  7.4276822e-06  0.00069258580  8.6324304e-05  -2.1133247e-05  -0.00011046490  0.0000000   -1.7630799e-05  4.3400107e-05  
4.2625715e-06  -0.00017199082  1.2085216e-05  1.5427960e-05  -2.1804378e-05  0.0013344615  0.00012813668  1.7630799e-05  0.0000000   -0.0032458132  
-7.0497478e-05  2.4237893e-05  7.3806423e-05  1.4068549e-05  -0.00013770036  -0.00054657124  0.0026153599  -4.3400107e-05  0.0032458132  0.0000000   
