0.0000000   -1.1079702e-05  7.4077638e-05  -5.4337315e-05  -1.7166943e-05  0.00011123231  1.9588520e-05  -4.4434552e-05  5.9572816e-05  -3.5144363e-07  
1.1079702e-05  0.0000000   -0.00066311389  0.00013079095  -1.0353597e-05  9.2720094e-05  -2.7785889e-05  -0.00057827056  1.3866473e-05  -2.8158761e-06  
-7.4077638e-05  0.00066311389  0.0000000   -0.0026132682  -0.0014943289  -1.2909885e-05  -0.00012367285  7.7480658e-05  9.4904606e-05  -7.0469940e-05  
5.4337315e-05  -0.00013079095  0.0026132682  0.0000000   -3.0774543e-05  6.4371816e-05  0.00052389482  -0.00056659752  0.00015321761  0.00017352476  
1.7166943e-05  1.0353597e-05  0.0014943289  3.0774543e-05  0.0000000   0.00010489045  0.0020982679  -8.7670338e-05  -0.0010200302  0.00069075607  
-0.00011123231  -9.2720094e-05  1.2909885e-05  -6.4371816e-05  -0.00010489045  0.0000000   -8.1657031e-05  0.0015439476  -0.00067396372  8.3586183e-05  
-1.9588520e-05  2.7785889e-05  0.00012367285  -0.00052389482  -0.0020982679  8.1657031e-05  0.0000000   -6.6817750e-06  0.0020485654  0.0041297758  
4.4434552e-05  0.00057827056  -7.7480658e-05  0.00056659752  8.7670338e-05  -0.0015439476  6.6817750e-06  0.0000000   -7.7368012e-05  3.2149934e-05  
-5.9572816e-05  -1.3866473e-05  -9.4904606e-05  -0.00015321761  0.0010200302  0.00067396372  -0.0020485654  7.7368012e-05  0.0000000   -0.0036241433  
3.5144363e-07  2.8158761e-06  7.0469940e-05  -0.00017352476  -0.00069075607  -8.3586183e-05  -0.0041297758  -3.2149934e-05  0.0036241433  0.0000000   
