0.0000000   6.9367951e-06  0.00013878934  0.00011889377  0.00014225046  -1.3731090e-05  -2.4178851e-06  -8.4653567e-05  2.4472087e-05  -5.1357283e-07  
-6.9367951e-06  0.0000000   0.00060592023  0.00014974125  -0.00064918519  1.7599726e-07  -6.1144734e-07  -2.9330381e-05  2.1801981e-07  2.3996188e-08  
-0.00013878934  -0.00060592023  0.0000000   0.0017507537  2.1947395e-07  -0.00064752744  -8.0284216e-08  -1.7188341e-07  -2.9256587e-05  5.9701949e-07  
-0.00011889377  -0.00014974125  -0.0017507537  0.0000000   -5.6535058e-07  9.7498226e-08  -0.00064754812  -8.2120648e-08  -5.9367181e-07  -2.9266499e-05  
-0.00014225046  0.00064918519  -2.1947395e-07  5.6535058e-07  0.0000000   0.00060572958  0.00014970090  -0.00062069760  1.9162765e-07  -5.8799783e-07  
1.3731090e-05  -1.7599726e-07  0.00064752744  -9.7498226e-08  -0.00060572958  0.0000000   0.0017502021  2.1288170e-07  -0.00061915083  -2.8571130e-08  
2.4178851e-06  6.1144734e-07  8.0284216e-08  0.00064754812  -0.00014970090  -0.0017502021  0.0000000   -5.7203851e-07  3.2224987e-08  -0.00061915859  
8.4653567e-05  2.9330381e-05  1.7188341e-07  8.2120648e-08  0.00062069760  -2.1288170e-07  5.7203851e-07  0.0000000   0.00060607234  0.00014978927  
-2.4472087e-05  -2.1801981e-07  2.9256587e-05  5.9367181e-07  -1.9162765e-07  0.00061915083  -3.2224987e-08  -0.00060607234  0.0000000   0.0017512472  
5.1357283e-07  -2.3996188e-08  -5.9701949e-07  2.9266499e-05  5.8799783e-07  2.8571130e-08  0.00061915859  -0.00014978927  -0.0017512472  0.0000000   
