0.0000000   5.6013445e-06  0.00024944497  -5.6360420e-05  -0.00027441246  2.5695810e-05  -0.00013472172  -2.8461360e-05  -0.00012722959  1.2652206e-05  
-5.6013445e-06  0.0000000   -0.00012418617  -2.2850457e-05  -6.1343151e-05  -8.4624708e-10  -1.5300497e-08  -3.1048421e-05  -1.0647816e-08  -5.2905198e-09  
-0.00024944497  0.00012418617  0.0000000   -0.00017470509  1.6468624e-08  -6.1322324e-05  -3.2447541e-09  4.7781298e-09  -3.1039708e-05  -1.0390458e-08  
5.6360420e-05  2.2850457e-05  0.00017470509  0.0000000   -9.0328774e-10  -1.7180953e-09  -6.1314288e-05  -2.1678404e-09  1.0440481e-08  -3.1040845e-05  
0.00027441246  6.1343151e-05  -1.6468624e-08  9.0328774e-10  0.0000000   -0.00012421444  -2.2846714e-05  -0.00020181155  -9.1083850e-09  -3.2669853e-08  
-2.5695810e-05  8.4624708e-10  6.1322324e-05  1.7180953e-09  0.00012421444  0.0000000   -0.00017472075  1.3958854e-08  -0.00020180458  -2.4896111e-08  
0.00013472172  1.5300497e-08  3.2447541e-09  6.1314288e-05  2.2846714e-05  0.00017472075  0.0000000   -2.7439350e-08  3.9799672e-09  -0.00020177054  
2.8461360e-05  3.1048421e-05  -4.7781298e-09  2.1678404e-09  0.00020181155  -1.3958854e-08  2.7439350e-08  0.0000000   -0.00012420915  -2.2850284e-05  
0.00012722959  1.0647816e-08  3.1039708e-05  -1.0440481e-08  9.1083850e-09  0.00020180458  -3.9799672e-09  0.00012420915  0.0000000   -0.00017473071  
-1.2652206e-05  5.2905198e-09  1.0390458e-08  3.1040845e-05  3.2669853e-08  2.4896111e-08  0.00020177054  2.2850284e-05  0.00017473071  0.0000000   
