0.0000000   -8.9381743e-07  -6.4686327e-05  0.00011629850  8.8506585e-05  4.4011057e-06  4.4202076e-05  7.9124576e-05  3.0901057e-05  -2.0610709e-05  
8.9381743e-07  0.0000000   0.00068436186  -0.00012741824  0.00054309965  -2.3192892e-07  -7.3990993e-07  0.00013853586  4.7153084e-07  -2.8659182e-07  
6.4686327e-05  -0.00068436186  0.0000000   -0.0025367131  -9.4987036e-09  0.00054014171  3.5911513e-07  -5.0520468e-07  0.00013779327  -1.8953909e-06  
-0.00011629850  0.00012741824  0.0025367131  0.0000000   -7.5373925e-07  -4.3264157e-07  0.00054015282  -1.1554649e-07  1.8590659e-06  0.00013779730  
-8.8506585e-05  -0.00054309965  9.4987036e-09  7.5373925e-07  0.0000000   0.00068332454  -0.00012723126  0.0012914037  -3.2275270e-07  -1.7869685e-06  
-4.4011057e-06  2.3192892e-07  -0.00054014171  4.3264157e-07  -0.00068332454  0.0000000   -0.0025329227  -2.8910369e-07  0.0012843837  -5.5650417e-08  
-4.4202076e-05  7.3990993e-07  -3.5911513e-07  -0.00054015282  0.00012723126  0.0025329227  0.0000000   -1.8093739e-06  -1.4587951e-07  0.0012844225  
-7.9124576e-05  -0.00013853586  5.0520468e-07  1.1554649e-07  -0.0012914037  2.8910369e-07  1.8093739e-06  0.0000000   0.00068362888  -0.00012727278  
-3.0901057e-05  -4.7153084e-07  -0.00013779327  -1.8590659e-06  3.2275270e-07  -0.0012843837  1.4587951e-07  -0.00068362888  0.0000000   -0.0025340292  
2.0610709e-05  2.8659182e-07  1.8953909e-06  -0.00013779730  1.7869685e-06  5.5650417e-08  -0.0012844225  0.00012727278  0.0025340292  0.0000000   
