0.0000000   -7.6754956e-06  3.2429486e-07  5.1497573e-06  -7.9977166e-06  2.4772410e-05  -0.00014307404  3.1216500e-06  -1.5511642e-05  2.0371535e-06  
7.6754956e-06  0.0000000   -0.00017701643  0.00019068869  0.00014902341  5.1250491e-05  0.00015795484  -3.7451104e-05  0.00030963201  -9.4071243e-05  
-3.2429486e-07  0.00017701643  0.0000000   -0.00025428559  5.2669654e-05  0.00011526207  0.00011387268  -0.0016537076  -1.3499625e-05  -4.5296897e-05  
-5.1497573e-06  -0.00019068869  0.00025428559  0.0000000   0.0011701415  -2.5498965e-05  -6.9088839e-05  0.00032251865  -0.00010049534  -6.7737252e-05  
7.9977166e-06  -0.00014902341  -5.2669654e-05  -0.0011701415  0.0000000   8.8482634e-05  0.00016039758  -0.0042590404  -0.00010658544  -0.00014757054  
-2.4772410e-05  -5.1250491e-05  -0.00011526207  2.5498965e-05  -8.8482634e-05  0.0000000   -0.0025962123  5.7995382e-05  -0.0029956036  -0.00071021407  
0.00014307404  -0.00015795484  -0.00011387268  6.9088839e-05  -0.00016039758  0.0025962123  0.0000000   -5.0620632e-07  0.00014592129  -0.0088378223  
-3.1216500e-06  3.7451104e-05  0.0016537076  -0.00032251865  0.0042590404  -5.7995382e-05  5.0620632e-07  0.0000000   -0.00031466576  -0.00012157117  
1.5511642e-05  -0.00030963201  1.3499625e-05  0.00010049534  0.00010658544  0.0029956036  -0.00014592129  0.00031466576  0.0000000   -0.0072584387  
-2.0371535e-06  9.4071243e-05  4.5296897e-05  6.7737252e-05  0.00014757054  0.00071021407  0.0088378223  0.00012157117  0.0072584387  0.0000000   
