0.0000000   7.2233956e-06  -0.00014726173  0.00026726211  0.00028545116  -7.8186821e-05  -0.00013847474  0.00014055121  -0.00014871620  5.3968370e-05  
-7.2233956e-06  0.0000000   0.00037188261  0.00010507001  0.00029499083  -3.9239914e-07  2.0791642e-07  -0.00026321449  -2.5587034e-07  -3.5694223e-07  
0.00014726173  -0.00037188261  0.0000000   0.0030114299  8.7029032e-08  0.00029269038  -2.4370838e-06  1.7492539e-07  -0.00026099616  -2.6547599e-06  
-0.00026726211  -0.00010507001  -0.0030114299  0.0000000   1.6727988e-07  2.5363198e-06  0.00029265710  -3.9704464e-10  2.6745056e-06  -0.00026112655  
-0.00028545116  -0.00029499083  -8.7029032e-08  -1.6727988e-07  0.0000000   0.00036787533  0.00010385152  -0.0035582586  9.4598958e-07  -3.5354062e-06  
7.8186821e-05  3.9239914e-07  -0.00029269038  -2.5363198e-06  -0.00036787533  0.0000000   0.0029793222  8.2987122e-07  -0.0035302641  1.0263781e-06  
0.00013847474  -2.0791642e-07  2.4370838e-06  -0.00029265710  -0.00010385152  -0.0029793222  0.0000000   -3.7144428e-06  -2.1040473e-07  -0.0035300725  
-0.00014055121  0.00026321449  -1.7492539e-07  3.9704464e-10  0.0035582586  -8.2987122e-07  3.7144428e-06  0.0000000   0.00036798698  0.00010389687  
0.00014871620  2.5587034e-07  0.00026099616  -2.6745056e-06  -9.4598958e-07  0.0035302641  2.1040473e-07  -0.00036798698  0.0000000   0.0029793727  
-5.3968370e-05  3.5694223e-07  2.6547599e-06  0.00026112655  3.5354062e-06  -1.0263781e-06  0.0035300725  -0.00010389687  -0.0029793727  0.0000000   
