0.0000000   -1.4648468e-05  -0.00016112339  -4.2461119e-05  -0.00016359396  -2.8888449e-06  -6.9546487e-06  3.8179849e-07  -7.8785546e-06  -5.9019818e-06  
1.4648468e-05  0.0000000   -2.7400708e-05  -4.1599209e-05  4.7419932e-05  -2.4996717e-09  -3.6168640e-09  -0.00011075050  -1.4119818e-09  1.2173224e-10  
0.00016112339  2.7400708e-05  0.0000000   -0.00083771017  1.3613374e-08  4.7361786e-05  -3.8691076e-08  1.3962961e-09  -0.00011066634  -9.6340310e-08  
4.2461119e-05  4.1599209e-05  0.00083771017  0.0000000   -2.5481176e-08  3.7020144e-08  4.7374572e-05  7.9907425e-09  8.1025584e-08  -0.00011067681  
0.00016359396  -4.7419932e-05  -1.3613374e-08  2.5481176e-08  0.0000000   -2.7417960e-05  -4.1599091e-05  0.00057177699  5.5021021e-09  -1.8279514e-08  
2.8888449e-06  2.4996717e-09  -4.7361786e-05  -3.7020144e-08  2.7417960e-05  0.0000000   -0.00083750918  -1.5113756e-09  0.00057138703  4.2113752e-08  
6.9546487e-06  3.6168640e-09  3.8691076e-08  -4.7374572e-05  4.1599091e-05  0.00083750918  0.0000000   -2.0152562e-08  5.6805000e-08  0.00057139830  
-3.8179849e-07  0.00011075050  -1.3962961e-09  -7.9907425e-09  -0.00057177699  1.5113756e-09  2.0152562e-08  0.0000000   -2.7401207e-05  -4.1590287e-05  
7.8785546e-06  1.4119818e-09  0.00011066634  -8.1025584e-08  -5.5021021e-09  -0.00057138703  -5.6805000e-08  2.7401207e-05  0.0000000   -0.00083745609  
5.9019818e-06  -1.2173224e-10  9.6340310e-08  0.00011067681  1.8279514e-08  -4.2113752e-08  -0.00057139830  4.1590287e-05  0.00083745609  0.0000000   
