0.0000000   -3.6555720e-05  -0.00018431627  -1.6370057e-06  2.3582845e-05  -1.2922737e-05  0.00010942261  1.4716949e-05  -2.0763528e-05  3.9919736e-07  
3.6555720e-05  0.0000000   0.00015493072  -0.00026635507  -0.00010894699  0.00028724506  1.8931072e-05  2.2149715e-05  -4.1999109e-06  9.3878130e-06  
0.00018431627  -0.00015493072  0.0000000   -5.5877750e-05  2.5611998e-05  1.8756766e-05  6.2820589e-05  -7.1350130e-05  2.1494541e-05  9.6891595e-06  
1.6370057e-06  0.00026635507  5.5877750e-05  0.0000000   0.00027136291  0.00044471252  0.00034061912  -1.5556351e-05  -8.9889205e-06  -0.00021965178  
-2.3582845e-05  0.00010894699  -2.5611998e-05  -0.00027136291  0.0000000   0.00063077408  -0.00060531243  3.5979520e-05  -2.8017242e-05  -9.3618032e-05  
1.2922737e-05  -0.00028724506  -1.8756766e-05  -0.00044471252  -0.00063077408  0.0000000   -2.9794977e-05  8.9628664e-05  -0.00024606033  -1.3143823e-05  
-0.00010942261  -1.8931072e-05  -6.2820589e-05  -0.00034061912  0.00060531243  2.9794977e-05  0.0000000   5.1641638e-05  -6.0583962e-05  3.3384740e-05  
-1.4716949e-05  -2.2149715e-05  7.1350130e-05  1.5556351e-05  -3.5979520e-05  -8.9628664e-05  -5.1641638e-05  0.0000000   0.00016277934  -0.00030109003  
2.0763528e-05  4.1999109e-06  -2.1494541e-05  8.9889205e-06  2.8017242e-05  0.00024606033  6.0583962e-05  -0.00016277934  0.0000000   -0.0011938222  
-3.9919736e-07  -9.3878130e-06  -9.6891595e-06  0.00021965178  9.3618032e-05  1.3143823e-05  -3.3384740e-05  0.00030109003  0.0011938222  0.0000000   
