0.0000000   -2.5066243e-05  0.00013756637  -8.4525793e-05  5.8146651e-05  -0.00011884087  -6.6930697e-05  -0.00011422255  -7.2276563e-05  -4.9706046e-05  
2.5066243e-05  0.0000000   -0.00036375795  -0.00028721638  -0.00035469423  0.00046358717  3.2251404e-05  -0.00041213859  0.00031547147  0.00022980707  
-0.00013756637  0.00036375795  0.0000000   -0.0011265964  0.0080590398  0.00013932043  -0.0015244715  -0.0043803190  -0.00047704286  -7.0809514e-05  
8.4525793e-05  0.00028721638  0.0011265964  0.0000000   0.0079047633  0.00016723700  -0.00064724734  -0.0052113459  -0.00038825531  -4.0944942e-05  
-5.8146651e-05  0.00035469423  -0.0080590398  -0.0079047633  0.0000000   2.6218874e-05  0.0012708897  0.0014042455  0.00060917769  2.5790536e-05  
0.00011884087  -0.00046358717  -0.00013932043  -0.00016723700  -2.6218874e-05  0.0000000   0.0028126244  -0.00091642064  -3.4169632e-05  -0.0012104989  
6.6930697e-05  -3.2251404e-05  0.0015244715  0.00064724734  -0.0012708897  -0.0028126244  0.0000000   -0.00020932585  -0.00087126085  -0.0052279698  
0.00011422255  0.00041213859  0.0043803190  0.0052113459  -0.0014042455  0.00091642064  0.00020932585  0.0000000   0.00030766521  0.00013654225  
7.2276563e-05  -0.00031547147  0.00047704286  0.00038825531  -0.00060917769  3.4169632e-05  0.00087126085  -0.00030766521  0.0000000   -0.0024915490  
4.9706046e-05  -0.00022980707  7.0809514e-05  4.0944942e-05  -2.5790536e-05  0.0012104989  0.0052279698  -0.00013654225  0.0024915490  0.0000000   
