0.0000000   2.5515669e-05  0.00019210614  -0.00012678792  -0.00024561282  5.5729781e-05  9.7386804e-05  3.9050788e-05  0.00011138419  -6.8308817e-05  
-2.5515669e-05  0.0000000   0.00024345758  0.00018694307  0.00021114751  -2.8018091e-07  2.2373076e-07  -0.00016597777  8.4192315e-08  -3.0114643e-07  
-0.00019210614  -0.00024345758  0.0000000   0.0066458398  -3.1140650e-07  0.00020310082  -2.1338905e-06  1.8982463e-07  -0.00015952034  -2.3772486e-06  
0.00012678792  -0.00018694307  -0.0066458398  0.0000000   7.9905726e-08  2.2041264e-06  0.00020313128  -5.9871303e-08  2.3854093e-06  -0.00015957534  
0.00024561282  -0.00021114751  3.1140650e-07  -7.9905726e-08  0.0000000   0.00024256565  0.00018638097  -0.0020116901  2.0944121e-06  -2.5708772e-06  
-5.5729781e-05  2.8018091e-07  -0.00020310082  -2.2041264e-06  -0.00024256565  0.0000000   0.0066238314  1.9740385e-06  -0.0019340455  1.7142068e-07  
-9.7386804e-05  -2.2373076e-07  2.1338905e-06  -0.00020313128  -0.00018638097  -0.0066238314  0.0000000   -2.7391579e-06  -2.4230793e-07  -0.0019342061  
-3.9050788e-05  0.00016597777  -1.8982463e-07  5.9871303e-08  0.0020116901  -1.9740385e-06  2.7391579e-06  0.0000000   0.00024265250  0.00018627315  
-0.00011138419  -8.4192315e-08  0.00015952034  -2.3854093e-06  -2.0944121e-06  0.0019340455  2.4230793e-07  -0.00024265250  0.0000000   0.0066227892  
6.8308817e-05  3.0114643e-07  2.3772486e-06  0.00015957534  2.5708772e-06  -1.7142068e-07  0.0019342061  -0.00018627315  -0.0066227892  0.0000000   
