0.0000000   1.0140493e-05  7.1527295e-06  5.2685404e-05  -0.00018842480  -2.3985293e-05  -4.4531002e-05  6.5969263e-05  -4.1097602e-05  9.9349625e-06  
-1.0140493e-05  0.0000000   -0.00017405668  3.5413381e-05  0.00029078372  -0.00044204981  3.4851641e-05  9.8137890e-05  5.6758630e-06  9.3889385e-05  
-7.1527295e-06  0.00017405668  0.0000000   0.00019392344  -4.3572145e-05  -0.00035041306  -0.00060509068  0.00059570501  -0.00052278672  0.00037978588  
-5.2685404e-05  -3.5413381e-05  -0.00019392344  0.0000000   0.00011951149  0.00033552130  0.00024484071  -0.00010590022  0.00035750520  -8.4529537e-06  
0.00018842480  -0.00029078372  4.3572145e-05  -0.00011951149  0.0000000   -0.00054970656  -0.0018866785  -0.00026266620  -0.0016137118  0.00025526670  
2.3985293e-05  0.00044204981  0.00035041306  -0.00033552130  0.00054970656  0.0000000   0.00062540258  -0.00054721374  0.00048919549  0.00046529066  
4.4531002e-05  -3.4851641e-05  0.00060509068  -0.00024484071  0.0018866785  -0.00062540258  0.0000000   0.00044816976  -0.00011766459  0.00071555091  
-6.5969263e-05  -9.8137890e-05  -0.00059570501  0.00010590022  0.00026266620  0.00054721374  -0.00044816976  0.0000000   -0.00043715162  0.00035426560  
4.1097602e-05  -5.6758630e-06  0.00052278672  -0.00035750520  0.0016137118  -0.00048919549  0.00011766459  0.00043715162  0.0000000   0.00060910237  
-9.9349625e-06  -9.3889385e-05  -0.00037978588  8.4529537e-06  -0.00025526670  -0.00046529066  -0.00071555091  -0.00035426560  -0.00060910237  0.0000000   
