0.0000000   -7.4820717e-06  -1.5071578e-05  3.3594577e-06  4.6562654e-06  -1.1636344e-05  2.9785965e-05  -3.3641873e-05  3.3699195e-05  -6.2737097e-06  
7.4820717e-06  0.0000000   -1.2388965e-05  -0.00035852129  -3.7718004e-05  -2.7037509e-05  0.00036860155  -0.00016097242  4.0129444e-05  0.00035001891  
1.5071578e-05  1.2388965e-05  0.0000000   -0.00028674599  8.3314107e-05  2.4634546e-06  0.00072366766  -3.8786123e-05  -0.00014146095  -3.1280741e-05  
-3.3594577e-06  0.00035852129  0.00028674599  0.0000000   -0.00037899719  -0.00043333769  0.00011156270  -0.00013096623  6.0799981e-05  0.00010245500  
-4.6562654e-06  3.7718004e-05  -8.3314107e-05  0.00037899719  0.0000000   0.00012732267  0.00015842505  -4.5658222e-05  -0.00014217442  -1.4630677e-05  
1.1636344e-05  2.7037509e-05  -2.4634546e-06  0.00043333769  -0.00012732267  0.0000000   -0.00047647662  2.6802594e-05  9.4336535e-05  5.2201629e-05  
-2.9785965e-05  -0.00036860155  -0.00072366766  -0.00011156270  -0.00015842505  0.00047647662  0.0000000   -0.0022547914  -0.022617664  -0.0078696515  
3.3641873e-05  0.00016097242  3.8786123e-05  0.00013096623  4.5658222e-05  -2.6802594e-05  0.0022547914  0.0000000   0.00084543161  0.00019539853  
-3.3699195e-05  -4.0129444e-05  0.00014146095  -6.0799981e-05  0.00014217442  -9.4336535e-05  0.022617664  -0.00084543161  0.0000000   -0.00019103966  
6.2737097e-06  -0.00035001891  3.1280741e-05  -0.00010245500  1.4630677e-05  -5.2201629e-05  0.0078696515  -0.00019539853  0.00019103966  0.0000000   
