0.0000000   9.2733004e-06  -0.00017248593  8.0453231e-05  7.9161911e-05  -1.2785070e-06  6.5277315e-07  2.8167669e-06  0.00011658893  6.7878498e-06  
-9.2733004e-06  0.0000000   -0.00043097584  0.00025698743  -0.00035201584  0.00044037415  1.2531352e-05  0.0086412626  -7.2856948e-05  0.00069487869  
0.00017248593  0.00043097584  0.0000000   -0.0032838147  -0.0017527016  -0.022085367  -8.7339134e-05  0.00046304853  -0.00030782628  0.00021164917  
-8.0453231e-05  -0.00025698743  0.0032838147  0.0000000   0.013606613  -0.00078513233  0.00072412376  1.6967094e-05  9.9333533e-05  0.00022462498  
-7.9161911e-05  0.00035201584  0.0017527016  -0.013606613  0.0000000   0.0067796521  -0.00040401510  0.00031025753  0.00021680704  0.00037765057  
1.2785070e-06  -0.00044037415  0.022085367  0.00078513233  -0.0067796521  0.0000000   0.00032231589  -0.00015759589  -0.00042578293  -8.4792515e-05  
-6.5277315e-07  -1.2531352e-05  8.7339134e-05  -0.00072412376  0.00040401510  -0.00032231589  0.0000000   0.0020317307  5.5717788e-05  -0.00074223551  
-2.8167669e-06  -0.0086412626  -0.00046304853  -1.6967094e-05  -0.00031025753  0.00015759589  -0.0020317307  0.0000000   0.00065733687  0.00018950595  
-0.00011658893  7.2856948e-05  0.00030782628  -9.9333533e-05  -0.00021680704  0.00042578293  -5.5717788e-05  -0.00065733687  0.0000000   -6.2974125e-05  
-6.7878498e-06  -0.00069487869  -0.00021164917  -0.00022462498  -0.00037765057  8.4792515e-05  0.00074223551  -0.00018950595  6.2974125e-05  0.0000000   
