0.0000000   -1.5749905e-05  -1.4305335e-05  -0.00013018898  6.3469718e-05  8.6583742e-06  6.8617572e-05  5.6748871e-06  -7.1953540e-05  -1.5536314e-05  
1.5749905e-05  0.0000000   -0.0012613657  8.7996481e-05  -2.8942516e-05  1.8268604e-05  2.8409427e-05  -9.2632148e-05  0.00020782792  0.0013469765  
1.4305335e-05  0.0012613657  0.0000000   -0.00030976111  0.00011594523  -1.7649921e-05  -0.00010112116  0.00087146371  -0.00048778173  0.00020415854  
0.00013018898  -8.7996481e-05  0.00030976111  0.0000000   -7.1748958e-05  -0.0010614057  -0.0010591787  -2.8389753e-05  0.00033930235  0.00035472856  
-6.3469718e-05  2.8942516e-05  -0.00011594523  7.1748958e-05  0.0000000   -0.0035254886  0.00032578357  4.4756892e-05  -0.00039399441  0.00023515841  
-8.6583742e-06  -1.8268604e-05  1.7649921e-05  0.0010614057  0.0035254886  0.0000000   -0.00038915814  0.00023613587  0.00031966358  1.8794782e-05  
-6.8617572e-05  -2.8409427e-05  0.00010112116  0.0010591787  -0.00032578357  0.00038915814  0.0000000   -0.00078453809  -0.021276869  0.0045960854  
-5.6748871e-06  9.2632148e-05  -0.00087146371  2.8389753e-05  -4.4756892e-05  -0.00023613587  0.00078453809  0.0000000   0.0039616439  0.015498744  
7.1953540e-05  -0.00020782792  0.00048778173  -0.00033930235  0.00039399441  -0.00031966358  0.021276869  -0.0039616439  0.0000000   0.0068978652  
1.5536314e-05  -0.0013469765  -0.00020415854  -0.00035472856  -0.00023515841  -1.8794782e-05  -0.0045960854  -0.015498744  -0.0068978652  0.0000000   
