0.0000000   3.5360184e-05  -7.6455308e-05  6.7212039e-06  -4.3081433e-05  -7.4100312e-05  1.2654902e-05  -7.1432718e-05  3.7955570e-05  2.0036113e-05  
-3.5360184e-05  0.0000000   0.00031218612  -0.00020235277  6.5228132e-06  -0.00028925774  -0.00040106780  -0.00034822711  0.00029223430  8.2972855e-05  
7.6455308e-05  -0.00031218612  0.0000000   -0.0028250839  0.010870187  9.0712100e-05  -8.2197509e-05  0.00028165098  -3.5375828e-06  -4.3212648e-05  
-6.7212039e-06  0.00020235277  0.0028250839  0.0000000   -0.014352483  -3.6374741e-05  -0.00027573072  0.00050345469  -0.00014950080  0.00017163021  
4.3081433e-05  -6.5228132e-06  -0.010870187  0.014352483  0.0000000   -9.2415989e-05  -0.00028602872  -0.0012702637  -0.0027110919  0.00025972798  
7.4100312e-05  0.00028925774  -9.0712100e-05  3.6374741e-05  9.2415989e-05  0.0000000   -0.00053268941  0.0029841588  0.00063047913  -0.00014541724  
-1.2654902e-05  0.00040106780  8.2197509e-05  0.00027573072  0.00028602872  0.00053268941  0.0000000   0.00019506587  -0.0027691997  -0.00076560307  
7.1432718e-05  0.00034822711  -0.00028165098  -0.00050345469  0.0012702637  -0.0029841588  -0.00019506587  0.0000000   0.00012438012  1.2390745e-05  
-3.7955570e-05  -0.00029223430  3.5375828e-06  0.00014950080  0.0027110919  -0.00063047913  0.0027691997  -0.00012438012  0.0000000   0.0042104610  
-2.0036113e-05  -8.2972855e-05  4.3212648e-05  -0.00017163021  -0.00025972798  0.00014541724  0.00076560307  -1.2390745e-05  -0.0042104610  0.0000000   
