0.0000000   -4.7366337e-06  -1.9171803e-05  -1.8023476e-05  7.5079252e-06  -2.4152934e-05  -4.7771410e-06  5.0540494e-05  2.0695539e-06  1.0724507e-05  
4.7366337e-06  0.0000000   0.00016905590  0.00015773807  -5.6125590e-05  1.5441446e-08  -4.6579558e-08  0.00017229576  -1.0585235e-07  8.9115436e-08  
1.9171803e-05  -0.00016905590  0.0000000   0.0039167024  4.0514678e-08  -5.5367561e-05  -2.8212179e-07  -6.3814356e-08  0.00016996691  -4.5906443e-07  
1.8023476e-05  -0.00015773807  -0.0039167024  0.0000000   -2.3617537e-08  2.8477009e-07  -5.5379357e-05  1.2408558e-07  4.5389055e-07  0.00017000080  
-7.5079252e-06  5.6125590e-05  -4.0514678e-08  2.3617537e-08  0.0000000   0.00016905763  0.00015774103  0.00043323388  -2.1136289e-07  2.7220330e-07  
2.4152934e-05  -1.5441446e-08  5.5367561e-05  -2.8477009e-07  -0.00016905763  0.0000000   0.0039167498  -2.1516754e-07  0.00042738359  8.3853062e-08  
4.7771410e-06  4.6579558e-08  2.8212179e-07  5.5379357e-05  -0.00015774103  -0.0039167498  0.0000000   2.6275246e-07  -9.5329513e-08  0.00042746499  
-5.0540494e-05  -0.00017229576  6.3814356e-08  -1.2408558e-07  -0.00043323388  2.1516754e-07  -2.6275246e-07  0.0000000   0.00016906064  0.00015773639  
-2.0695539e-06  1.0585235e-07  -0.00016996691  -4.5389055e-07  2.1136289e-07  -0.00042738359  9.5329513e-08  -0.00016906064  0.0000000   0.0039167126  
-1.0724507e-05  -8.9115436e-08  4.5906443e-07  -0.00017000080  -2.7220330e-07  -8.3853062e-08  -0.00042746499  -0.00015773639  -0.0039167126  0.0000000   
