0.0000000   6.5638007e-06  6.0137766e-06  -3.4050646e-05  1.5633265e-05  -2.1450995e-05  4.0698597e-05  -7.8291033e-05  5.9703754e-05  -2.5245588e-06  
-6.5638007e-06  0.0000000   -0.00029187658  0.00043701297  8.8952942e-07  2.7535953e-05  -0.00020356599  0.00037790395  0.00022050819  1.6635294e-05  
-6.0137766e-06  0.00029187658  0.0000000   -0.00085837227  0.00053027678  -0.00082792483  0.00063020490  0.00042200916  -0.00072327970  -0.0013033519  
3.4050646e-05  -0.00043701297  0.00085837227  0.0000000   0.0035295946  0.00083097066  6.0326987e-05  0.0010538988  -0.00015833253  -0.00013364923  
-1.5633265e-05  -8.8952942e-07  -0.00053027678  -0.0035295946  0.0000000   -0.0014529412  0.00081771568  0.0014048048  -0.0010589252  -0.0016025242  
2.1450995e-05  -2.7535953e-05  0.00082792483  -0.00083097066  0.0014529412  0.0000000   0.0010139567  -0.0020546586  -0.00011805845  0.00075181475  
-4.0698597e-05  0.00020356599  -0.00063020490  -6.0326987e-05  -0.00081771568  -0.0010139567  0.0000000   -0.00052243406  0.0024536786  -0.00071224934  
7.8291033e-05  -0.00037790395  -0.00042200916  -0.0010538988  -0.0014048048  0.0020546586  0.00052243406  0.0000000   -0.00053500897  -0.0015673476  
-5.9703754e-05  -0.00022050819  0.00072327970  0.00015833253  0.0010589252  0.00011805845  -0.0024536786  0.00053500897  0.0000000   -0.0010939698  
2.5245588e-06  -1.6635294e-05  0.0013033519  0.00013364923  0.0016025242  -0.00075181475  0.00071224934  0.0015673476  0.0010939698  0.0000000   
