0.0000000   4.3028851e-06  -0.00034627280  6.0574547e-05  0.00038645532  4.9762958e-05  -8.1403752e-06  -6.0684486e-05  -1.5206678e-05  -8.9431068e-06  
-4.3028851e-06  0.0000000   0.00027206051  0.00046266374  0.00018266321  8.6026972e-08  2.5883132e-07  -0.00043011861  1.6708823e-07  2.9488831e-08  
0.00034627280  -0.00027206051  0.0000000   0.00067823529  -1.7804201e-07  0.00018264850  3.5626557e-07  2.0525077e-07  -0.00042993846  2.0199118e-07  
-6.0574547e-05  -0.00046266374  -0.00067823529  0.0000000   -2.8959955e-07  -3.7820624e-07  0.00018254289  -1.9046308e-07  -8.9039276e-08  -0.00042980530  
-0.00038645532  -0.00018266321  1.7804201e-07  2.8959955e-07  0.0000000   0.00027167467  0.00046200371  0.0013372172  -3.9319333e-07  2.8449032e-07  
-4.9762958e-05  -8.6026972e-08  -0.00018264850  3.7820624e-07  -0.00027167467  0.0000000   0.00067742706  -3.7545769e-07  0.0013370440  -1.7188539e-07  
8.1403752e-06  -2.5883132e-07  -3.5626557e-07  -0.00018254289  -0.00046200371  -0.00067742706  0.0000000   1.9389305e-07  -2.6712847e-07  0.0013364340  
6.0684486e-05  0.00043011861  -2.0525077e-07  1.9046308e-07  -0.0013372172  3.7545769e-07  -1.9389305e-07  0.0000000   0.00027164164  0.00046196341  
1.5206678e-05  -1.6708823e-07  0.00042993846  8.9039276e-08  3.9319333e-07  -0.0013370440  2.6712847e-07  -0.00027164164  0.0000000   0.00067729803  
8.9431068e-06  -2.9488831e-08  -2.0199118e-07  0.00042980530  -2.8449032e-07  1.7188539e-07  -0.0013364340  -0.00046196341  -0.00067729803  0.0000000   
