0.0000000   7.0298898e-06  -0.00017593590  8.4304253e-05  0.00022966901  7.0820292e-05  0.00015346415  0.00010292171  0.00016093024  -6.6131491e-05  
-7.0298898e-06  0.0000000   0.00052293905  -9.9777234e-05  0.00055492557  -4.5998869e-08  -7.5625279e-07  -9.5174156e-05  3.8973116e-07  5.8446566e-08  
0.00017593590  -0.00052293905  0.0000000   -0.0030003841  -1.6058815e-07  0.00055069636  -3.5449382e-07  -2.8821178e-07  -9.4405460e-05  -2.1651910e-06  
-8.4304253e-05  9.9777234e-05  0.0030003841  0.0000000   -6.2552831e-07  4.8147357e-07  0.00055083594  2.2489993e-07  2.1603420e-06  -9.4469865e-05  
-0.00022966901  -0.00055492557  1.6058815e-07  6.2552831e-07  0.0000000   0.00052176966  -9.9567315e-05  0.0015692882  -3.0883923e-07  -2.0542594e-06  
-7.0820292e-05  4.5998869e-08  -0.00055069636  -4.8147357e-07  -0.00052176966  0.0000000   -0.0029940152  -3.7900544e-07  0.0015572841  -1.4124799e-07  
-0.00015346415  7.5625279e-07  3.5449382e-07  -0.00055083594  9.9567315e-05  0.0029940152  0.0000000   -2.1338365e-06  3.8644665e-07  0.0015576384  
-0.00010292171  9.5174156e-05  2.8821178e-07  -2.2489993e-07  -0.0015692882  3.7900544e-07  2.1338365e-06  0.0000000   0.00052197205  -9.9572134e-05  
-0.00016093024  -3.8973116e-07  9.4405460e-05  -2.1603420e-06  3.0883923e-07  -0.0015572841  -3.8644665e-07  -0.00052197205  0.0000000   -0.0029946816  
6.6131491e-05  -5.8446566e-08  2.1651910e-06  9.4469865e-05  2.0542594e-06  1.4124799e-07  -0.0015576384  9.9572134e-05  0.0029946816  0.0000000   
