0.0000000   3.9363907e-05  -5.5245801e-05  0.00012739206  -8.0247274e-05  3.9961440e-05  0.00018414807  -8.8901715e-05  0.00017856104  -1.9541027e-05  
-3.9363907e-05  0.0000000   0.00069384832  -0.00023942117  -0.00068606417  -6.2778987e-07  -1.5158281e-06  -0.00015478080  4.7763654e-07  -5.7139992e-07  
5.5245801e-05  -0.00069384832  0.0000000   0.0038914829  -3.5602272e-07  -0.00067708798  -8.6090628e-07  -6.7649149e-07  -0.00015281863  3.3324582e-06  
-0.00012739206  0.00023942117  -0.0038914829  0.0000000   -1.5784398e-06  7.1692263e-07  -0.00067722004  -1.3195579e-07  -3.3389123e-06  -0.00015283124  
8.0247274e-05  0.00068606417  3.5602272e-07  1.5784398e-06  0.0000000   0.00069274843  -0.00023907769  -0.0013746438  -1.1168546e-06  -3.0604355e-06  
-3.9961440e-05  6.2778987e-07  0.00067708798  -7.1692263e-07  -0.00069274843  0.0000000   0.0038855675  -9.2110332e-07  -0.0013566464  -5.0979181e-07  
-0.00018414807  1.5158281e-06  8.6090628e-07  0.00067722004  0.00023907769  -0.0038855675  0.0000000   -3.1402450e-06  2.8288661e-07  -0.0013569403  
8.8901715e-05  0.00015478080  6.7649149e-07  1.3195579e-07  0.0013746438  9.2110332e-07  3.1402450e-06  0.0000000   0.00069315572  -0.00023915775  
-0.00017856104  -4.7763654e-07  0.00015281863  3.3389123e-06  1.1168546e-06  0.0013566464  -2.8288661e-07  -0.00069315572  0.0000000   0.0038877457  
1.9541027e-05  5.7139992e-07  -3.3324582e-06  0.00015283124  3.0604355e-06  5.0979181e-07  0.0013569403  0.00023915775  -0.0038877457  0.0000000   
