0.0000000   2.1769701e-07  8.1786103e-05  -1.2002216e-05  2.1554820e-05  -3.5245731e-07  -0.00026650371  5.8778053e-06  1.9553910e-05  8.5041061e-06  
-2.1769701e-07  0.0000000   2.6701806e-08  -4.9402310e-07  3.1513156e-06  0.00015751616  9.2152309e-08  -5.7950912e-07  5.6718475e-08  1.6812340e-06  
-8.1786103e-05  -2.6701806e-08  0.0000000   2.9792426e-05  -4.0341267e-05  9.9556460e-07  0.00011203611  -4.0820623e-07  -9.1650372e-06  2.8589264e-07  
1.2002216e-05  4.9402310e-07  -2.9792426e-05  0.0000000   -0.00056744965  8.8936480e-06  1.6669003e-05  2.5484895e-05  7.5504539e-05  -0.00020999787  
-2.1554820e-05  -3.1513156e-06  4.0341267e-05  0.00056744965  0.0000000   -1.6519650e-07  6.5682345e-05  -6.4678442e-05  3.3311156e-05  -0.00010586027  
3.5245731e-07  -0.00015751616  -9.9556460e-07  -8.8936480e-06  1.6519650e-07  0.0000000   -1.2163206e-06  -8.4792729e-09  -2.2452731e-06  1.6058413e-07  
0.00026650371  -9.2152309e-08  -0.00011203611  -1.6669003e-05  -6.5682345e-05  1.2163206e-06  0.0000000   -3.0335377e-05  4.9916640e-05  -2.1133515e-05  
-5.8778053e-06  5.7950912e-07  4.0820623e-07  -2.5484895e-05  6.4678442e-05  8.4792729e-09  3.0335377e-05  0.0000000   -0.00046992954  3.6889154e-05  
-1.9553910e-05  -5.6718475e-08  9.1650372e-06  -7.5504539e-05  -3.3311156e-05  2.2452731e-06  -4.9916640e-05  0.00046992954  0.0000000   0.00054818218  
-8.5041061e-06  -1.6812340e-06  -2.8589264e-07  0.00020999787  0.00010586027  -1.6058413e-07  2.1133515e-05  -3.6889154e-05  -0.00054818218  0.0000000   
