0.0000000   -7.8191093e-06  -7.6565734e-05  2.6033998e-05  4.2825823e-07  -4.4809865e-05  1.9257502e-05  2.8007522e-05  -6.5019180e-06  3.1614808e-05  
7.8191093e-06  0.0000000   1.9024735e-05  -0.00021205174  0.00022855758  -0.0013492235  0.00064309411  -0.00032654118  -0.00060739877  -0.0025536025  
7.6565734e-05  -1.9024735e-05  0.0000000   -0.00012033151  -3.9943271e-05  4.6611393e-05  -2.6668368e-05  0.00044620625  9.4744987e-06  -4.4288618e-05  
-2.6033998e-05  0.00021205174  0.00012033151  0.0000000   -0.00067473718  -4.9865124e-05  0.00036231919  0.011179021  0.00035574343  -1.2839520e-05  
-4.2825823e-07  -0.00022855758  3.9943271e-05  0.00067473718  0.0000000   -0.00033477057  -0.00045883879  0.00076807433  -0.00073454450  -0.00068144068  
4.4809865e-05  0.0013492235  -4.6611393e-05  4.9865124e-05  0.00033477057  0.0000000   -3.5766173e-05  -4.9394470e-05  0.00016409455  -3.6381219e-05  
-1.9257502e-05  -0.00064309411  2.6668368e-05  -0.00036231919  0.00045883879  3.5766173e-05  0.0000000   0.0028777003  -4.5546624e-05  -0.00016736763  
-2.8007522e-05  0.00032654118  -0.00044620625  -0.011179021  -0.00076807433  4.9394470e-05  -0.0028777003  0.0000000   -0.0029382652  -0.00016441825  
6.5019180e-06  0.00060739877  -9.4744987e-06  -0.00035574343  0.00073454450  -0.00016409455  4.5546624e-05  0.0029382652  0.0000000   -4.5483958e-05  
-3.1614808e-05  0.0025536025  4.4288618e-05  1.2839520e-05  0.00068144068  3.6381219e-05  0.00016736763  0.00016441825  4.5483958e-05  0.0000000   
