0.0000000   4.6835929e-05  4.5136485e-05  1.8446759e-05  -7.4458611e-06  -2.3541808e-05  -4.5517031e-06  -7.3526757e-05  1.0065858e-05  1.5175313e-05  
-4.6835929e-05  0.0000000   -6.6351409e-05  0.00010919578  1.8244595e-05  0.00022803998  -2.6101774e-05  -8.0197374e-05  8.3288816e-06  1.5698946e-06  
-4.5136485e-05  6.6351409e-05  0.0000000   -0.0020884228  -0.0011453423  -5.7341905e-05  -0.00018315066  0.00034415999  0.00032856126  -8.9687052e-05  
-1.8446759e-05  -0.00010919578  0.0020884228  0.0000000   0.00048503330  0.00011409863  3.5957858e-05  -0.00095445984  7.1218284e-05  0.00020748713  
7.4458611e-06  -1.8244595e-05  0.0011453423  -0.00048503330  0.0000000   0.00018350651  0.0016725382  -0.0013380622  -0.0014535524  0.00041713455  
2.3541808e-05  -0.00022803998  5.7341905e-05  -0.00011409863  -0.00018350651  0.0000000   -0.00016340825  0.0017043354  -4.8305024e-05  -4.6671429e-05  
4.5517031e-06  2.6101774e-05  0.00018315066  -3.5957858e-05  -0.0016725382  0.00016340825  0.0000000   -5.3456158e-05  0.0014186074  0.0034325401  
7.3526757e-05  8.0197374e-05  -0.00034415999  0.00095445984  0.0013380622  -0.0017043354  5.3456158e-05  0.0000000   -0.00014713890  5.0227387e-05  
-1.0065858e-05  -8.3288816e-06  -0.00032856126  -7.1218284e-05  0.0014535524  4.8305024e-05  -0.0014186074  0.00014713890  0.0000000   -0.0026577551  
-1.5175313e-05  -1.5698946e-06  8.9687052e-05  -0.00020748713  -0.00041713455  4.6671429e-05  -0.0034325401  -5.0227387e-05  0.0026577551  0.0000000   
