0.0000000   1.3995200e-05  0.00011875572  -5.1018636e-06  0.00011160890  -3.3040033e-07  -9.5448710e-05  -8.0467612e-06  -7.5690882e-05  9.9134155e-06  
-1.3995200e-05  0.0000000   -9.7432271e-05  0.00031119663  0.00015352428  2.1814118e-07  -2.0787292e-08  0.00018600136  2.0787997e-07  1.3890446e-07  
-0.00011875572  9.7432271e-05  0.0000000   -0.0045210044  1.6804836e-07  0.00015085532  1.0371687e-06  2.3980624e-07  0.00018272894  -1.1675364e-06  
5.1018636e-06  -0.00031119663  0.0045210044  0.0000000   7.1997818e-08  -1.0417554e-06  0.00015084739  -1.2597746e-08  1.1846724e-06  0.00018270271  
-0.00011160890  -0.00015352428  -1.6804836e-07  -7.1997818e-08  0.0000000   -9.7147405e-05  0.00031036564  0.0017617650  2.2022575e-06  5.6727569e-07  
3.3040033e-07  -2.1814118e-07  -0.00015085532  1.0417554e-06  9.7147405e-05  0.0000000   -0.0045091512  2.2067374e-06  0.0017308201  5.5744305e-08  
9.5448710e-05  2.0787292e-08  -1.0371687e-06  -0.00015084739  -0.00031036564  0.0045091512  0.0000000   6.0663488e-07  -3.1957463e-08  0.0017305701  
8.0467612e-06  -0.00018600136  -2.3980624e-07  1.2597746e-08  -0.0017617650  -2.2067374e-06  -6.0663488e-07  0.0000000   -9.7189431e-05  0.00031038275  
7.5690882e-05  -2.0787997e-07  -0.00018272894  -1.1846724e-06  -2.2022575e-06  -0.0017308201  3.1957463e-08  9.7189431e-05  0.0000000   -0.0045092713  
-9.9134155e-06  -1.3890446e-07  1.1675364e-06  -0.00018270271  -5.6727569e-07  -5.5744305e-08  -0.0017305701  -0.00031038275  0.0045092713  0.0000000   
