0.0000000   -3.7364926e-05  0.00031430352  -0.00010531184  -0.00032335539  -1.3811911e-05  1.6149350e-05  -3.4761604e-05  -1.3082477e-05  2.6862263e-05  
3.7364926e-05  0.0000000   -3.8533265e-05  -0.00020439487  -0.00016303157  3.1369796e-09  1.3430172e-08  0.00010031882  1.5740630e-09  -5.4800932e-09  
-0.00031430352  3.8533265e-05  0.0000000   3.8368403e-05  2.8509401e-08  -0.00016305397  5.2796383e-09  -3.1505313e-08  0.00010030137  -2.9351312e-08  
0.00010531184  0.00020439487  -3.8368403e-05  0.0000000   1.8837481e-08  3.3846179e-08  -0.00016301198  -4.1205533e-09  -1.5071756e-08  0.00010029801  
0.00032335539  0.00016303157  -2.8509401e-08  -1.8837481e-08  0.0000000   -3.8507241e-05  -0.00020435105  -0.00026374744  2.0857099e-08  3.3402037e-08  
1.3811911e-05  -3.1369796e-09  0.00016305397  -3.3846179e-08  3.8507241e-05  0.0000000   3.8359191e-05  5.5080225e-09  -0.00026378514  5.5050066e-08  
-1.6149350e-05  -1.3430172e-08  -5.2796383e-09  0.00016301198  0.00020435105  -3.8359191e-05  0.0000000   1.7670842e-08  5.3706524e-08  -0.00026373271  
3.4761604e-05  -0.00010031882  3.1505313e-08  4.1205533e-09  0.00026374744  -5.5080225e-09  -1.7670842e-08  0.0000000   -3.8509958e-05  -0.00020438235  
1.3082477e-05  -1.5740630e-09  -0.00010030137  1.5071756e-08  -2.0857099e-08  0.00026378514  -5.3706524e-08  3.8509958e-05  0.0000000   3.8360347e-05  
-2.6862263e-05  5.4800932e-09  2.9351312e-08  -0.00010029801  -3.3402037e-08  -5.5050066e-08  0.00026373271  0.00020438235  -3.8360347e-05  0.0000000   
