0.0000000   3.6385247e-05  2.1399746e-05  -7.4943957e-05  -2.9078532e-05  -8.1748036e-05  -3.0983912e-06  -7.0972131e-06  -4.6958453e-07  -3.4677980e-05  
-3.6385247e-05  0.0000000   0.00016625723  -0.00029389301  -0.00023235060  0.00044230140  -0.00013959753  -0.00031740496  -0.00020833436  -0.0018695288  
-2.1399746e-05  -0.00016625723  0.0000000   -0.0011869113  -3.2569480e-05  -5.5560871e-05  -0.00013233434  -0.0084163434  -0.00090411806  0.00028767040  
7.4943957e-05  0.00029389301  0.0011869113  0.0000000   -0.0015086692  -0.00019986558  -0.00032941191  0.014024529  0.00010927527  0.0010379932  
2.9078532e-05  0.00023235060  3.2569480e-05  0.0015086692  0.0000000   9.4450100e-05  -0.00053186149  0.011311148  0.0010848266  -0.00010091837  
8.1748036e-05  -0.00044230140  5.5560871e-05  0.00019986558  -9.4450100e-05  0.0000000   -0.0011093931  0.00072821559  -0.0011084246  -0.016591534  
3.0983912e-06  0.00013959753  0.00013233434  0.00032941191  0.00053186149  0.0011093931  0.0000000   0.00099499807  8.2655232e-05  0.00044078270  
7.0972131e-06  0.00031740496  0.0084163434  -0.014024529  -0.011311148  -0.00072821559  -0.00099499807  0.0000000   -0.00017017988  -0.00020017182  
4.6958453e-07  0.00020833436  0.00090411806  -0.00010927527  -0.0010848266  0.0011084246  -8.2655232e-05  0.00017017988  0.0000000   0.00059556449  
3.4677980e-05  0.0018695288  -0.00028767040  -0.0010379932  0.00010091837  0.016591534  -0.00044078270  0.00020017182  -0.00059556449  0.0000000   
