0.0000000   -1.5023547e-05  -2.1649449e-05  -2.7446190e-05  1.9317764e-05  8.2245967e-06  1.5033765e-06  1.0934944e-07  5.6524182e-07  -6.0744773e-07  
1.5023547e-05  0.0000000   7.0914058e-05  -0.00014482528  -0.00011892280  5.7210302e-09  -1.7542995e-08  -5.3742430e-06  -2.1875310e-07  4.5397918e-07  
2.1649449e-05  -7.0914058e-05  0.0000000   -0.00039680899  -7.8143035e-09  -0.00011888823  -3.1249368e-08  2.3320713e-07  -5.3657612e-06  1.2560604e-06  
2.7446190e-05  0.00014482528  0.00039680899  0.0000000   1.0619889e-08  4.3646109e-08  -0.00011890147  -4.5466931e-07  -1.2534896e-06  -5.3936389e-06  
-1.9317764e-05  0.00011892280  7.8143035e-09  -1.0619889e-08  0.0000000   7.0783833e-05  -0.00014455178  -1.0687633e-08  4.3707343e-06  -8.9354492e-06  
-8.2245967e-06  -5.7210302e-09  0.00011888823  -4.3646109e-08  -7.0783833e-05  0.0000000   -0.00039606569  -4.3834091e-06  -9.1444787e-09  -2.4508495e-05  
-1.5033765e-06  1.7542995e-08  3.1249368e-08  0.00011890147  0.00014455178  0.00039606569  0.0000000   8.9461283e-06  2.4512473e-05  -3.9279019e-09  
-1.0934944e-07  5.3742430e-06  -2.3320713e-07  4.5466931e-07  1.0687633e-08  4.3834091e-06  -8.9461283e-06  0.0000000   -7.0790683e-05  0.00014456759  
-5.6524182e-07  2.1875310e-07  5.3657612e-06  1.2534896e-06  -4.3707343e-06  9.1444787e-09  -2.4512473e-05  7.0790683e-05  0.0000000   0.00039610931  
6.0744773e-07  -4.5397918e-07  -1.2560604e-06  5.3936389e-06  8.9354492e-06  2.4508495e-05  3.9279019e-09  -0.00014456759  -0.00039610931  0.0000000   
