0.0000000   2.4061798e-06  1.1036278e-06  -2.9536636e-06  -7.7067276e-06  9.4198894e-06  -5.5041956e-05  3.5070823e-07  2.3970419e-06  1.4488534e-07  
-2.4061798e-06  0.0000000   0.00022966662  -0.00026091169  -2.5928891e-07  -4.3663681e-06  4.9444814e-06  -0.00011362418  -3.7279745e-08  6.2516450e-08  
-1.1036278e-06  -0.00022966662  0.0000000   -0.00072292022  4.3706669e-06  -2.5755624e-07  1.3760573e-05  5.6038648e-08  -0.00011354234  1.3303302e-07  
2.9536636e-06  0.00026091169  0.00072292022  0.0000000   -4.9373769e-06  -1.3787863e-05  -6.2255207e-08  -3.8805600e-08  -1.6718444e-07  -0.00011351913  
7.7067276e-06  2.5928891e-07  -4.3706669e-06  4.9373769e-06  0.0000000   -0.00022972887  0.00026099409  -1.4626712e-06  -3.6003777e-06  4.0934203e-06  
-9.4198894e-06  4.3663681e-06  2.5755624e-07  1.3787863e-05  0.00022972887  0.0000000   0.00072311935  3.5808977e-06  -1.5060849e-06  1.1392232e-05  
5.5041956e-05  -4.9444814e-06  -1.3760573e-05  6.2255207e-08  -0.00026099409  -0.00072311935  0.0000000   -3.9098052e-06  -1.1277556e-05  -1.5800604e-06  
-3.5070823e-07  0.00011362418  -5.6038648e-08  3.8805600e-08  1.4626712e-06  -3.5808977e-06  3.9098052e-06  0.0000000   0.00022975806  -0.00026101366  
-2.3970419e-06  3.7279745e-08  0.00011354234  1.6718444e-07  3.6003777e-06  1.5060849e-06  1.1277556e-05  -0.00022975806  0.0000000   -0.00072318519  
-1.4488534e-07  -6.2516450e-08  -1.3303302e-07  0.00011351913  -4.0934203e-06  -1.1392232e-05  1.5800604e-06  0.00026101366  0.00072318519  0.0000000   
