0.0000000   2.0944776e-05  0.00011310203  3.3374426e-05  9.9235689e-05  8.8159992e-05  -0.00026406052  1.7851842e-05  -0.00028974519  -8.2104487e-05  
-2.0944776e-05  0.0000000   -0.00020080441  -0.00025582433  0.00034430532  -4.3347840e-07  1.7638300e-07  -0.00011926304  -8.6320521e-08  -3.7507842e-07  
-0.00011310203  0.00020080441  0.0000000   -0.0048376813  -2.8014258e-07  0.00033738037  -1.7176732e-06  3.0442645e-07  -0.00011684791  -5.3015099e-06  
-3.3374426e-05  0.00025582433  0.0048376813  0.0000000   3.2102472e-07  1.5966780e-06  0.00033736212  1.7170343e-07  5.3853589e-06  -0.00011680881  
-9.9235689e-05  -0.00034430532  2.8014258e-07  -3.2102472e-07  0.0000000   -0.00019858700  -0.00025297032  0.0036021950  -3.7710226e-06  2.7062992e-06  
-8.8159992e-05  4.3347840e-07  -0.00033738037  -1.5966780e-06  0.00019858700  0.0000000   -0.0047844705  -3.8985745e-06  0.0035296050  -2.9058531e-08  
0.00026406052  -1.7638300e-07  1.7176732e-06  -0.00033736212  0.00025297032  0.0047844705  0.0000000   2.7695897e-06  -1.1035635e-06  0.0035288322  
-1.7851842e-05  0.00011926304  -3.0442645e-07  -1.7170343e-07  -0.0036021950  3.8985745e-06  -2.7695897e-06  0.0000000   -0.00019871633  -0.00025307388  
0.00028974519  8.6320521e-08  0.00011684791  -5.3853589e-06  3.7710226e-06  -0.0035296050  1.1035635e-06  0.00019871633  0.0000000   -0.0047847786  
8.2104487e-05  3.7507842e-07  5.3015099e-06  0.00011680881  -2.7062992e-06  2.9058531e-08  -0.0035288322  0.00025307388  0.0047847786  0.0000000   
