0.0000000   -1.9736065e-05  0.00011847377  6.2554369e-05  -0.00014315936  7.0760838e-05  -7.2204234e-05  3.9285462e-05  -7.6995195e-05  -5.9138963e-05  
1.9736065e-05  0.0000000   -4.4943018e-05  -8.2062291e-05  -6.7880256e-05  2.2541983e-08  2.2083145e-08  7.3050929e-05  7.3499165e-09  1.3688782e-08  
-0.00011847377  4.4943018e-05  0.0000000   -9.7723510e-05  -4.2420745e-09  -6.7909796e-05  3.6365259e-09  4.8874111e-08  7.3025438e-05  3.8475715e-08  
-6.2554369e-05  8.2062291e-05  9.7723510e-05  0.0000000   -2.4482152e-08  -5.1409009e-08  -6.7885859e-05  2.9085943e-08  -2.4216521e-08  7.3073148e-05  
0.00014315936  6.7880256e-05  4.2420745e-09  2.4482152e-08  0.0000000   -4.4230581e-05  -8.0786837e-05  0.0041822704  -1.5277455e-07  5.0821665e-07  
-7.0760838e-05  -2.2541983e-08  6.7909796e-05  5.1409009e-08  4.4230581e-05  0.0000000   -9.6290672e-05  -1.5177242e-07  0.0041822125  2.4663900e-08  
7.2204234e-05  -2.2083145e-08  -3.6365259e-09  6.7885859e-05  8.0786837e-05  9.6290672e-05  0.0000000   5.1562840e-07  3.0985398e-08  0.0041820250  
-3.9285462e-05  -7.3050929e-05  -4.8874111e-08  -2.9085943e-08  -0.0041822704  1.5177242e-07  -5.1562840e-07  0.0000000   -4.4242436e-05  -8.0792243e-05  
7.6995195e-05  -7.3499165e-09  -7.3025438e-05  2.4216521e-08  1.5277455e-07  -0.0041822125  -3.0985398e-08  4.4242436e-05  0.0000000   -9.6297872e-05  
5.9138963e-05  -1.3688782e-08  -3.8475715e-08  -7.3073148e-05  -5.0821665e-07  -2.4663900e-08  -0.0041820250  8.0792243e-05  9.6297872e-05  0.0000000   
