0.0000000   -2.8465238e-06  7.9484950e-06  9.8010988e-06  -8.8137586e-05  -2.1544054e-05  4.8959554e-05  0.00012026788  -0.00020709200  -6.7522466e-05  
2.8465238e-06  0.0000000   -0.00026742750  4.7968938e-06  1.4030509e-05  0.00054594439  0.00048916649  6.7967121e-06  0.00045224231  -0.0012867721  
-7.9484950e-06  0.00026742750  0.0000000   0.0014665648  -0.023078618  -0.00015467855  -0.0013912969  0.0045826536  0.00089886090  -0.00046133805  
-9.8010988e-06  -4.7968938e-06  -0.0014665648  0.0000000   -0.0027088363  -2.6445098e-05  -0.00081870486  -0.016758750  -0.00013064195  3.7264395e-05  
8.8137586e-05  -1.4030509e-05  0.023078618  0.0027088363  0.0000000   0.00010519326  8.6122473e-05  -7.3118106e-05  -0.00025281606  0.00051524959  
2.1544054e-05  -0.00054594439  0.00015467855  2.6445098e-05  -0.00010519326  0.0000000   0.00039495911  -0.0014306336  -0.00078652849  -7.3238202e-05  
-4.8959554e-05  -0.00048916649  0.0013912969  0.00081870486  -8.6122473e-05  -0.00039495911  0.0000000   -0.00057738224  0.00059595585  9.5427322e-05  
-0.00012026788  -6.7967121e-06  -0.0045826536  0.016758750  7.3118106e-05  0.0014306336  0.00057738224  0.0000000   -0.00034741925  0.00056542093  
0.00020709200  -0.00045224231  -0.00089886090  0.00013064195  0.00025281606  0.00078652849  -0.00059595585  0.00034741925  0.0000000   7.8174113e-05  
6.7522466e-05  0.0012867721  0.00046133805  -3.7264395e-05  -0.00051524959  7.3238202e-05  -9.5427322e-05  -0.00056542093  -7.8174113e-05  0.0000000   
