0.0000000   -1.1465844e-05  9.8133204e-05  9.2368966e-06  5.8513968e-05  -5.1093615e-06  -3.1561570e-05  -6.0351193e-05  -1.8087342e-05  -1.7452414e-05  
1.1465844e-05  0.0000000   0.00056450223  -8.6125979e-05  -0.00057120434  5.9850999e-08  1.3479196e-06  0.00015402770  -5.2685150e-07  -2.8649976e-07  
-9.8133204e-05  -0.00056450223  0.0000000   -0.0047952233  3.0411704e-07  -0.00055983383  1.0073576e-06  4.1452940e-07  0.00015097565  4.0459530e-06  
-9.2368966e-06  8.6125979e-05  0.0047952233  0.0000000   1.2849159e-06  -1.0916414e-06  -0.00055993318  -4.0665331e-07  -4.0154935e-06  0.00015099922  
-5.8513968e-05  0.00057120434  -3.0411704e-07  -1.2849159e-06  0.0000000   0.00056318708  -8.5927239e-05  0.0016677393  -4.7233114e-07  -3.8908823e-06  
5.1093615e-06  -5.9850999e-08  0.00055983383  1.0916414e-06  -0.00056318708  0.0000000   -0.0047840458  -5.9873540e-07  0.0016345854  -4.3516788e-07  
3.1561570e-05  -1.3479196e-06  -1.0073576e-06  0.00055993318  8.5927239e-05  0.0047840458  0.0000000   -3.8721121e-06  6.6354475e-07  0.0016348684  
6.0351193e-05  -0.00015402770  -4.1452940e-07  4.0665331e-07  -0.0016677393  5.9873540e-07  3.8721121e-06  0.0000000   0.00056330352  -8.5942581e-05  
1.8087342e-05  5.2685150e-07  -0.00015097565  4.0154935e-06  4.7233114e-07  -0.0016345854  -6.6354475e-07  -0.00056330352  0.0000000   -0.0047851760  
1.7452414e-05  2.8649976e-07  -4.0459530e-06  -0.00015099922  3.8908823e-06  4.3516788e-07  -0.0016348684  8.5942581e-05  0.0047851760  0.0000000   
