0.0000000   -1.3906587e-05  -0.00010355942  -7.7671402e-05  -0.00010784225  1.3021482e-05  0.00012955661  6.3129635e-05  0.00012824998  3.1273645e-06  
1.3906587e-05  0.0000000   -0.00043101956  -0.00011746574  0.00041275078  -2.0271571e-08  1.1484246e-07  -0.00012814349  3.9311069e-09  -3.8090307e-08  
0.00010355942  0.00043101956  0.0000000   -0.00075802407  -1.0461711e-08  0.00041261943  -2.8607366e-08  2.4768253e-09  -0.00012811026  -4.7954592e-09  
7.7671402e-05  0.00011746574  0.00075802407  0.0000000   1.2307977e-07  -1.3977351e-08  0.00041262061  -3.7728647e-08  7.1157359e-10  -0.00012811257  
0.00010784225  -0.00041275078  1.0461711e-08  -1.2307977e-07  0.0000000   -0.00043097181  -0.00011745315  2.8803108e-05  -1.4049139e-08  -7.7465336e-09  
-1.3021482e-05  2.0271571e-08  -0.00041261943  1.3977351e-08  0.00043097181  0.0000000   -0.00075794463  1.7877911e-08  2.8799385e-05  -2.6646793e-08  
-0.00012955661  -1.1484246e-07  2.8607366e-08  -0.00041262061  0.00011745315  0.00075794463  0.0000000   1.0580346e-08  2.5547040e-08  2.8805947e-05  
-6.3129635e-05  0.00012814349  -2.4768253e-09  3.7728647e-08  -2.8803108e-05  -1.7877911e-08  -1.0580346e-08  0.0000000   -0.00043107398  -0.00011747513  
-0.00012824998  -3.9311069e-09  0.00012811026  -7.1157359e-10  1.4049139e-08  -2.8799385e-05  -2.5547040e-08  0.00043107398  0.0000000   -0.00075810883  
-3.1273645e-06  3.8090307e-08  4.7954592e-09  0.00012811257  7.7465336e-09  2.6646793e-08  -2.8805947e-05  0.00011747513  0.00075810883  0.0000000   
