0.0000000   1.0481372e-05  -3.3095792e-05  -1.1397358e-06  1.7998891e-05  8.6993434e-06  2.3238806e-05  2.3952981e-06  6.9848260e-06  -1.3645663e-05  
-1.0481372e-05  0.0000000   -0.00019897287  -0.00024649562  -5.0411136e-05  0.00010579149  -1.7254366e-05  0.00010698077  -2.9766659e-05  -9.2999017e-06  
3.3095792e-05  0.00019897287  0.0000000   -5.1824921e-05  6.7337316e-05  5.9767091e-05  -0.00031020721  2.6908304e-05  5.0220747e-06  -1.1852313e-05  
1.1397358e-06  0.00024649562  5.1824921e-05  0.0000000   -0.00014471210  0.00016727423  0.00017871675  -0.00010382892  -2.7791928e-05  -9.3717599e-06  
-1.7998891e-05  5.0411136e-05  -6.7337316e-05  0.00014471210  0.0000000   -6.4099748e-05  -0.00065900190  -3.7713352e-05  -8.7482854e-06  -8.2488608e-05  
-8.6993434e-06  -0.00010579149  -5.9767091e-05  -0.00016727423  6.4099748e-05  0.0000000   -0.00022569379  -4.4246821e-05  -0.00013369355  8.8251370e-05  
-2.3238806e-05  1.7254366e-05  0.00031020721  -0.00017871675  0.00065900190  0.00022569379  0.0000000   -1.2911081e-05  -2.0757233e-05  -0.00014757266  
-2.3952981e-06  -0.00010698077  -2.6908304e-05  0.00010382892  3.7713352e-05  4.4246821e-05  1.2911081e-05  0.0000000   -0.00056454615  -4.0189091e-05  
-6.9848260e-06  2.9766659e-05  -5.0220747e-06  2.7791928e-05  8.7482854e-06  0.00013369355  2.0757233e-05  0.00056454615  0.0000000   0.00061688969  
1.3645663e-05  9.2999017e-06  1.1852313e-05  9.3717599e-06  8.2488608e-05  -8.8251370e-05  0.00014757266  4.0189091e-05  -0.00061688969  0.0000000   
