0.0000000   6.1795741e-06  0.00035272595  4.3748594e-05  -0.00015147137  1.4964101e-05  3.2237532e-05  -0.00031533997  -0.00010081490  2.7940996e-05  
-6.1795741e-06  0.0000000   -0.00012615091  -0.00011007429  -8.1730334e-05  7.8893113e-05  0.00060643630  0.00050318130  -7.0097981e-05  5.4279748e-05  
-0.00035272595  0.00012615091  0.0000000   -0.0017291211  0.0010600036  0.00022448450  0.00026755073  -0.0013799331  -4.3372161e-05  7.2835014e-05  
-4.3748594e-05  0.00011007429  0.0017291211  0.0000000   0.0025020381  0.00015449898  -0.00024596567  0.0014558807  -1.9467321e-05  0.00013629354  
0.00015147137  8.1730334e-05  -0.0010600036  -0.0025020381  0.0000000   2.3624867e-05  -0.00046327568  -0.00011681968  0.00012539434  -8.9434647e-05  
-1.4964101e-05  -7.8893113e-05  -0.00022448450  -0.00015449898  -2.3624867e-05  0.0000000   0.0013214365  -5.1950347e-05  0.0012730575  0.00024954075  
-3.2237532e-05  -0.00060643630  -0.00026755073  0.00024596567  0.00046327568  -0.0013214365  0.0000000   -0.00048389587  0.00010529965  0.0029706862  
0.00031533997  -0.00050318130  0.0013799331  -0.0014558807  0.00011681968  5.1950347e-05  0.00048389587  0.0000000   0.00010013013  0.00011640820  
0.00010081490  7.0097981e-05  4.3372161e-05  1.9467321e-05  -0.00012539434  -0.0012730575  -0.00010529965  -0.00010013013  0.0000000   0.0031631757  
-2.7940996e-05  -5.4279748e-05  -7.2835014e-05  -0.00013629354  8.9434647e-05  -0.00024954075  -0.0029706862  -0.00011640820  -0.0031631757  0.0000000   
