0.0000000   -1.0706297e-05  0.00014399820  7.6314233e-05  2.6644821e-05  -3.9545315e-05  2.9972156e-05  -2.0548734e-05  -1.9862154e-06  -7.3143256e-05  
1.0706297e-05  0.0000000   -5.5676914e-07  7.2293448e-06  0.00055975923  -4.9923095e-05  0.0015383264  -0.00016496811  0.0025823733  0.00054221393  
-0.00014399820  5.5676914e-07  0.0000000   -0.00030577281  -0.016969304  -0.00039392239  -0.0012073954  0.0096861474  -0.0010629469  0.00062008907  
-7.6314233e-05  -7.2293448e-06  0.00030577281  0.0000000   0.011254940  0.00066502917  0.00023703815  -0.0064281638  0.00063951809  0.0015095963  
-2.6644821e-05  -0.00055975923  0.016969304  -0.011254940  0.0000000   -9.5106867e-05  0.00023842421  -0.00080732481  4.0641375e-05  5.8671992e-05  
3.9545315e-05  4.9923095e-05  0.00039392239  -0.00066502917  9.5106867e-05  0.0000000   1.5780850e-05  -0.00019974046  3.6637398e-06  -0.00017714532  
-2.9972156e-05  -0.0015383264  0.0012073954  -0.00023703815  -0.00023842421  -1.5780850e-05  0.0000000   -0.00030542126  -0.00012733801  3.2989889e-05  
2.0548734e-05  0.00016496811  -0.0096861474  0.0064281638  0.00080732481  0.00019974046  0.00030542126  0.0000000   -0.00029563265  3.0905302e-05  
1.9862154e-06  -0.0025823733  0.0010629469  -0.00063951809  -4.0641375e-05  -3.6637398e-06  0.00012733801  0.00029563265  0.0000000   2.2382376e-05  
7.3143256e-05  -0.00054221393  -0.00062008907  -0.0015095963  -5.8671992e-05  0.00017714532  -3.2989889e-05  -3.0905302e-05  -2.2382376e-05  0.0000000   
