0.0000000   6.7570261e-07  -7.6334855e-05  -2.4564012e-05  -9.6264315e-06  -1.2177359e-06  6.2055869e-05  -2.5977186e-05  8.0374454e-05  1.3171894e-05  
-6.7570261e-07  0.0000000   7.8175293e-06  -4.2505552e-05  -3.8777873e-05  -1.5817996e-05  -0.00062037245  0.00014891477  0.00014751488  -0.00017370471  
7.6334855e-05  -7.8175293e-06  0.0000000   0.0031651843  -0.00023102842  -0.00046578193  -0.0016705345  -0.0035444449  0.00055696990  -4.5385333e-06  
2.4564012e-05  4.2505552e-05  -0.0031651843  0.0000000   -0.0020564661  9.7331569e-05  0.0016596816  0.013507405  0.00052298579  0.00042019217  
9.6264315e-06  3.8777873e-05  0.00023102842  0.0020564661  0.0000000   -0.00029084043  -0.0014517332  0.0013423441  0.00081072901  0.00048798311  
1.2177359e-06  1.5817996e-05  0.00046578193  -9.7331569e-05  0.00029084043  0.0000000   0.00086595734  -0.0019599299  0.00037530362  0.00033911892  
-6.2055869e-05  0.00062037245  0.0016705345  -0.0016596816  0.0014517332  -0.00086595734  0.0000000   0.0014141423  0.021931585  0.0023661982  
2.5977186e-05  -0.00014891477  0.0035444449  -0.013507405  -0.0013423441  0.0019599299  -0.0014141423  0.0000000   -0.0042279136  -0.00092073820  
-8.0374454e-05  -0.00014751488  -0.00055696990  -0.00052298579  -0.00081072901  -0.00037530362  -0.021931585  0.0042279136  0.0000000   -0.0073039795  
-1.3171894e-05  0.00017370471  4.5385333e-06  -0.00042019217  -0.00048798311  -0.00033911892  -0.0023661982  0.00092073820  0.0073039795  0.0000000   
