0.0000000   4.0786744e-05  0.00034042472  3.1671318e-05  -0.00034328359  1.4476038e-05  -0.00021664488  -6.0784570e-05  0.00021131817  -9.9233547e-06  
-4.0786744e-05  0.0000000   0.00045621192  -0.00013904338  0.00029590553  8.8875977e-08  3.5478441e-07  1.9520096e-06  1.4488386e-07  -5.9326319e-08  
-0.00034042472  -0.00045621192  0.0000000   0.0028275335  1.0247863e-07  0.00029378935  -5.2599857e-08  2.8810020e-09  1.8886464e-06  9.3293607e-07  
-3.1671318e-05  0.00013904338  -0.0028275335  0.0000000   4.1121485e-08  1.1448875e-07  0.00029362211  1.7351360e-08  -8.5480892e-07  1.8953632e-06  
0.00034328359  -0.00029590553  -1.0247863e-07  -4.1121485e-08  0.0000000   0.00045577601  -0.00013882901  0.0011865944  4.6235433e-07  1.4442056e-06  
-1.4476038e-05  -8.8875977e-08  -0.00029378935  -1.1448875e-07  -0.00045577601  0.0000000   0.0028244962  4.3871591e-07  0.0011786810  1.1032841e-07  
0.00021664488  -3.5478441e-07  5.2599857e-08  -0.00029362211  0.00013882901  -0.0028244962  0.0000000   1.2292978e-06  2.4313538e-07  0.0011785282  
6.0784570e-05  -1.9520096e-06  -2.8810020e-09  -1.7351360e-08  -0.0011865944  -4.3871591e-07  -1.2292978e-06  0.0000000   0.00045560431  -0.00013881976  
-0.00021131817  -1.4488386e-07  -1.8886464e-06  8.5480892e-07  -4.6235433e-07  -0.0011786810  -2.4313538e-07  -0.00045560431  0.0000000   0.0028244221  
9.9233547e-06  5.9326319e-08  -9.3293607e-07  -1.8953632e-06  -1.4442056e-06  -1.1032841e-07  -0.0011785282  0.00013881976  -0.0028244221  0.0000000   
