0.0000000   1.4967149e-05  -0.00026465233  -0.00010832987  6.7968128e-05  5.2500695e-05  -3.9005332e-05  -0.00025681609  -6.8724825e-05  -1.1422589e-05  
-1.4967149e-05  0.0000000   0.0012203774  -9.5257493e-05  4.3334878e-05  -0.0094063013  3.7728638e-05  -0.00030342689  -0.00085108326  -0.00018261447  
0.00026465233  -0.0012203774  0.0000000   0.0030048850  -0.0020274727  -0.00012294475  0.00045785610  0.0076098674  -0.00021393480  0.00017707919  
0.00010832987  9.5257493e-05  -0.0030048850  0.0000000   0.00011832406  0.00011976665  -0.00038112183  0.00029582834  -0.00032065019  -0.00026402585  
-6.7968128e-05  -4.3334878e-05  0.0020274727  -0.00011832406  0.0000000   0.00010686514  -0.00036787050  0.00025072002  0.00045765167  -0.00094005227  
-5.2500695e-05  0.0094063013  0.00012294475  -0.00011976665  -0.00010686514  0.0000000   0.0027534362  -0.00046790675  -0.00026788594  0.00058219838  
3.9005332e-05  -3.7728638e-05  -0.00045785610  0.00038112183  0.00036787050  -0.0027534362  0.0000000   5.2951713e-05  0.022438285  7.3190538e-05  
0.00025681609  0.00030342689  -0.0076098674  -0.00029582834  -0.00025072002  0.00046790675  -5.2951713e-05  0.0000000   -0.0028012466  -0.00026596104  
6.8724825e-05  0.00085108326  0.00021393480  0.00032065019  -0.00045765167  0.00026788594  -0.022438285  0.0028012466  0.0000000   -0.0075415720  
1.1422589e-05  0.00018261447  -0.00017707919  0.00026402585  0.00094005227  -0.00058219838  -7.3190538e-05  0.00026596104  0.0075415720  0.0000000   
