0.0000000   -1.0481623e-05  1.8408387e-05  4.4800268e-05  0.00016898354  -5.8864446e-05  3.4600567e-05  -0.00010634735  3.0194387e-05  2.6887280e-05  
1.0481623e-05  0.0000000   0.00032738679  -0.00015238032  0.00026220825  -0.0029578272  -0.0018160103  -3.3315820e-06  -0.0036434894  -0.00025508301  
-1.8408387e-05  -0.00032738679  0.0000000   -0.00040533917  0.0063369296  0.0038272978  0.0032643975  0.0074876001  0.0023952914  -0.0033072854  
-4.4800268e-05  0.00015238032  0.00040533917  0.0000000   0.0036095495  -0.0025237901  0.0040517253  0.0025086741  0.0033089457  0.0024417716  
-0.00016898354  -0.00026220825  -0.0063369296  -0.0036095495  0.0000000   -0.0045162544  0.0027535740  -0.0058664705  0.0018260771  0.0036834554  
5.8864446e-05  0.0029578272  -0.0038272978  0.0025237901  0.0045162544  0.0000000   -0.010446246  0.0051094965  -0.0065743707  -0.00070754453  
-3.4600567e-05  0.0018160103  -0.0032643975  -0.0040517253  -0.0027535740  0.010446246  0.0000000   -0.0024522297  0.00080006648  -0.0066290440  
0.00010634735  3.3315820e-06  -0.0074876001  -0.0025086741  0.0058664705  -0.0051094965  0.0024522297  0.0000000   0.0016569613  0.0041871771  
-3.0194387e-05  0.0036434894  -0.0023952914  -0.0033089457  -0.0018260771  0.0065743707  -0.00080006648  -0.0016569613  0.0000000   -0.0038592854  
-2.6887280e-05  0.00025508301  0.0033072854  -0.0024417716  -0.0036834554  0.00070754453  0.0066290440  -0.0041871771  0.0038592854  0.0000000   
