0.0000000   -1.9957775e-05  -0.00035918085  4.4508986e-05  -0.00033928802  4.0697510e-05  1.2799984e-05  5.9989609e-06  3.1219951e-06  -3.2666226e-07  
1.9957775e-05  0.0000000   2.5078793e-05  -0.00024393222  -7.2109401e-05  -9.9986742e-09  4.2881028e-08  -8.0251770e-07  -3.3032173e-07  3.3469308e-06  
0.00035918085  -2.5078793e-05  0.0000000   -0.00020211948  3.4992492e-08  -7.2138781e-05  8.0416545e-08  1.1236183e-06  -5.3349933e-07  2.1897724e-06  
-4.4508986e-05  0.00024393222  0.00020211948  0.0000000   -8.8845578e-08  -3.1845616e-08  -7.2063149e-05  -3.4770231e-06  -2.8402420e-06  -7.6932430e-07  
0.00033928802  7.2109401e-05  -3.4992492e-08  8.8845578e-08  0.0000000   2.5060063e-05  -0.00024378556  1.6448074e-06  -5.5616597e-07  7.7038197e-06  
-4.0697510e-05  9.9986742e-09  7.2138781e-05  3.1845616e-08  -2.5060063e-05  0.0000000   -0.00020204560  7.6347872e-07  8.7589527e-07  6.9322620e-06  
-1.2799984e-05  -4.2881028e-08  -8.0416545e-08  7.2063149e-05  0.00024378556  0.00020204560  0.0000000   -8.3089423e-06  -6.8739609e-06  9.3241640e-07  
-5.9989609e-06  8.0251770e-07  -1.1236183e-06  3.4770231e-06  -1.6448074e-06  -7.6347872e-07  8.3089423e-06  0.0000000   -2.5070823e-05  0.00024383892  
-3.1219951e-06  3.3032173e-07  5.3349933e-07  2.8402420e-06  5.5616597e-07  -8.7589527e-07  6.8739609e-06  2.5070823e-05  0.0000000   0.00020205931  
3.2666226e-07  -3.3469308e-06  -2.1897724e-06  7.6932430e-07  -7.7038197e-06  -6.9322620e-06  -9.3241640e-07  -0.00024383892  -0.00020205931  0.0000000   
