0.0000000   2.0276618e-05  0.00020129806  -0.00013368376  -1.1076222e-05  -0.00010446075  -7.0254287e-05  -0.00021391981  -3.3996613e-05  2.5629073e-05  
-2.0276618e-05  0.0000000   0.00043587962  -0.00021357126  5.5140905e-05  0.00012622530  -0.00013293109  0.00041589543  1.7907489e-05  -4.3436490e-05  
-0.00020129806  -0.00043587962  0.0000000   0.0034392097  0.0018830322  1.2720180e-05  -6.8286497e-05  0.00052965979  -1.2842159e-05  -0.00013851771  
0.00013368376  0.00021357126  -0.0034392097  0.0000000   -0.0022530101  3.9911795e-06  0.00049600375  -0.00043711356  6.3049090e-05  0.00012074165  
1.1076222e-05  -5.5140905e-05  -0.0018830322  0.0022530101  0.0000000   -9.9974559e-05  -0.0027880647  0.00027310383  0.00085835065  -0.0026068028  
0.00010446075  -0.00012622530  -1.2720180e-05  -3.9911795e-06  9.9974559e-05  0.0000000   0.0013475305  0.0033674064  -0.00011280049  0.00055665219  
7.0254287e-05  0.00013293109  6.8286497e-05  -0.00049600375  0.0027880647  -0.0013475305  0.0000000   0.00013696307  -0.0080880607  0.0012435664  
0.00021391981  -0.00041589543  -0.00052965979  0.00043711356  -0.00027310383  -0.0033674064  -0.00013696307  0.0000000   -2.1520372e-05  3.8593215e-05  
3.3996613e-05  -1.7907489e-05  1.2842159e-05  -6.3049090e-05  -0.00085835065  0.00011280049  0.0080880607  2.1520372e-05  0.0000000   -0.022024141  
-2.5629073e-05  4.3436490e-05  0.00013851771  -0.00012074165  0.0026068028  -0.00055665219  -0.0012435664  -3.8593215e-05  0.022024141  0.0000000   
