0.0000000   -7.7810126e-05  0.00044993112  -9.7214930e-05  0.00024747868  0.00044202474  8.7113234e-05  3.1034495e-05  -3.0723151e-06  4.9117130e-05  
7.7810126e-05  0.0000000   5.0102264e-05  0.00043017619  0.00040016898  -0.00016665799  0.00031480835  4.4967782e-05  -0.00020067392  0.00060899953  
-0.00044993112  -5.0102264e-05  0.0000000   -0.00011793355  6.7196115e-05  1.5883288e-06  -0.00018424501  -2.5227640e-05  -0.00025396158  -0.00026121078  
9.7214930e-05  -0.00043017619  0.00011793355  0.0000000   0.0060950241  2.2701279e-05  0.00029586182  0.00061098941  -0.00010835937  -0.00016255868  
-0.00024747868  -0.00040016898  -6.7196115e-05  -0.0060950241  0.0000000   -0.0015303875  -3.2884648e-05  -0.0075513963  -3.3043606e-05  5.4078296e-05  
-0.00044202474  0.00016665799  -1.5883288e-06  -2.2701279e-05  0.0015303875  0.0000000   0.0030104971  -4.4798336e-05  0.0015169532  0.0049701491  
-8.7113234e-05  -0.00031480835  0.00018424501  -0.00029586182  3.2884648e-05  -0.0030104971  0.0000000   0.0013151803  0.00081791863  0.0014132870  
-3.1034495e-05  -4.4967782e-05  2.5227640e-05  -0.00061098941  0.0075513963  4.4798336e-05  -0.0013151803  0.0000000   0.00058314184  0.00062234160  
3.0723151e-06  0.00020067392  0.00025396158  0.00010835937  3.3043606e-05  -0.0015169532  -0.00081791863  -0.00058314184  0.0000000   0.00017028374  
-4.9117130e-05  -0.00060899953  0.00026121078  0.00016255868  -5.4078296e-05  -0.0049701491  -0.0014132870  -0.00062234160  -0.00017028374  0.0000000   
