0.0000000   1.0738770e-06  1.5564473e-05  -4.7592368e-05  -3.7519727e-05  5.2577146e-07  -3.1979750e-06  -3.0893799e-06  -8.9109475e-07  -3.5326617e-07  
-1.0738770e-06  0.0000000   -8.5898748e-06  -0.00015416934  -5.2799005e-05  -0.00012363212  -0.00019081964  3.0958146e-05  -7.2864246e-07  7.7374754e-06  
-1.5564473e-05  8.5898748e-06  0.0000000   -0.00035293730  5.4205612e-05  -0.00024879206  0.00020009988  0.0074309937  0.00020164234  -1.4305420e-05  
4.7592368e-05  0.00015416934  0.00035293730  0.0000000   -0.00032113832  -1.1754951e-05  -6.7856359e-05  -0.0011077723  -2.6744348e-05  -1.9749233e-06  
3.7519727e-05  5.2799005e-05  -5.4205612e-05  0.00032113832  0.0000000   0.00026821310  -5.5983716e-05  0.0059658690  0.00017619954  -3.8028526e-05  
-5.2577146e-07  0.00012363212  0.00024879206  1.1754951e-05  -0.00026821310  0.0000000   0.0017021005  -2.1029084e-05  1.8327987e-05  -4.9901373e-05  
3.1979750e-06  0.00019081964  -0.00020009988  6.7856359e-05  5.5983716e-05  -0.0017021005  0.0000000   -5.6138618e-05  4.9898792e-05  7.5809022e-07  
3.0893799e-06  -3.0958146e-05  -0.0074309937  0.0011077723  -0.0059658690  2.1029084e-05  5.6138618e-05  0.0000000   -0.00052663851  -0.00027015182  
8.9109475e-07  7.2864246e-07  -0.00020164234  2.6744348e-05  -0.00017619954  -1.8327987e-05  -4.9898792e-05  0.00052663851  0.0000000   -0.0022292117  
3.5326617e-07  -7.7374754e-06  1.4305420e-05  1.9749233e-06  3.8028526e-05  4.9901373e-05  -7.5809022e-07  0.00027015182  0.0022292117  0.0000000   
