0.0000000   1.9191958e-05  -0.00018795445  4.6886761e-05  -3.9097554e-05  -2.2701719e-05  -0.00014710728  -3.7806441e-05  -5.1522940e-06  -6.9586685e-06  
-1.9191958e-05  0.0000000   0.00018327080  0.00022804268  6.7127851e-05  -0.00018135058  -3.1413069e-05  -0.00010668366  -4.5478091e-05  2.2195659e-05  
0.00018795445  -0.00018327080  0.0000000   4.6886735e-05  8.4106501e-05  -6.4265941e-05  0.00013288586  -1.4087635e-05  1.6250177e-05  1.6660956e-06  
-4.6886761e-05  -0.00022804268  -4.6886735e-05  0.0000000   -0.00053360606  -0.00015816161  2.8391958e-05  9.4338569e-05  0.00018278564  5.8242570e-06  
3.9097554e-05  -6.7127851e-05  -8.4106501e-05  0.00053360606  0.0000000   0.00048379720  4.5562327e-07  7.3465508e-05  0.00010480845  3.7052740e-05  
2.2701719e-05  0.00018135058  6.4265941e-05  0.00015816161  -0.00048379720  0.0000000   5.6141052e-05  -0.00026800895  -0.00010129609  -0.00010049115  
0.00014710728  3.1413069e-05  -0.00013288586  -2.8391958e-05  -4.5562327e-07  -5.6141052e-05  0.0000000   -2.6323321e-05  6.7532867e-05  -2.7613595e-05  
3.7806441e-05  0.00010668366  1.4087635e-05  -9.4338569e-05  -7.3465508e-05  0.00026800895  2.6323321e-05  0.0000000   0.00042592494  -0.00010373463  
5.1522940e-06  4.5478091e-05  -1.6250177e-05  -0.00018278564  -0.00010480845  0.00010129609  -6.7532867e-05  -0.00042592494  0.0000000   0.00037812462  
6.9586685e-06  -2.2195659e-05  -1.6660956e-06  -5.8242570e-06  -3.7052740e-05  0.00010049115  2.7613595e-05  0.00010373463  -0.00037812462  0.0000000   
