0.0000000   -2.4953395e-07  1.1994734e-05  -1.6551565e-05  -1.8202050e-06  6.2314730e-06  0.00010202694  -9.3534577e-06  0.00012843747  6.1595193e-06  
2.4953395e-07  0.0000000   0.00013396736  -0.00011432397  6.8664276e-05  7.7908051e-09  -2.6051992e-09  -4.3307216e-06  -1.8925013e-08  1.3722908e-08  
-1.1994734e-05  -0.00013396736  0.0000000   0.00081882320  6.8165683e-09  6.8619693e-05  1.4002907e-08  1.5896995e-08  -4.3226050e-06  -9.9992772e-08  
1.6551565e-05  0.00011432397  -0.00081882320  0.0000000   3.0393864e-10  8.0915499e-09  6.8599488e-05  -1.4684948e-08  1.0020842e-07  -4.3253641e-06  
1.8202050e-06  -6.8664276e-05  -6.8165683e-09  -3.0393864e-10  0.0000000   0.00013396122  -0.00011431312  -0.00042677663  -2.9493090e-08  -5.5187061e-09  
-6.2314730e-06  -7.7908051e-09  -6.8619693e-05  -8.0915499e-09  -0.00013396122  0.0000000   0.00081878030  -5.9340303e-08  -0.00042649891  1.2759668e-08  
-0.00010202694  2.6051992e-09  -1.4002907e-08  -6.8599488e-05  0.00011431312  -0.00081878030  0.0000000   1.8566077e-08  -1.2279748e-07  -0.00042636382  
9.3534577e-06  4.3307216e-06  -1.5896995e-08  1.4684948e-08  0.00042677663  5.9340303e-08  -1.8566077e-08  0.0000000   0.00013398224  -0.00011434179  
-0.00012843747  1.8925013e-08  4.3226050e-06  -1.0020842e-07  2.9493090e-08  0.00042649891  1.2279748e-07  -0.00013398224  0.0000000   0.00081894286  
-6.1595193e-06  -1.3722908e-08  9.9992772e-08  4.3253641e-06  5.5187061e-09  -1.2759668e-08  0.00042636382  0.00011434179  -0.00081894286  0.0000000   
