0.0000000   1.3633890e-05  -7.2673385e-06  -2.0452778e-05  4.7359266e-06  7.3343758e-06  7.0424097e-06  -2.3484110e-05  3.6488812e-06  1.5175657e-05  
-1.3633890e-05  0.0000000   -3.0891580e-05  7.4726579e-06  -2.4922013e-05  -2.4717717e-07  -6.9846734e-07  -2.1350933e-06  9.7993576e-07  -3.0034044e-07  
7.2673385e-06  3.0891580e-05  0.0000000   -0.0019313772  -1.0123752e-07  2.4324645e-05  -2.3675490e-06  -4.2934992e-07  1.9880429e-06  6.1609002e-05  
2.0452778e-05  -7.4726579e-06  0.0019313772  0.0000000   -1.4809111e-07  2.2444477e-06  2.4552233e-05  8.7418627e-08  -6.1940003e-05  2.1855659e-06  
-4.7359266e-06  2.4922013e-05  1.0123752e-07  1.4809111e-07  0.0000000   3.1350818e-05  -7.3857496e-06  0.0016286432  1.4030223e-05  4.6838667e-05  
-7.3343758e-06  2.4717717e-07  -2.4324645e-05  -2.2444477e-06  -3.1350818e-05  0.0000000   0.0019286023  1.3904079e-05  -0.0016243962  6.0720790e-07  
-7.0424097e-06  6.9846734e-07  2.3675490e-06  -2.4552233e-05  7.3857496e-06  -0.0019286023  0.0000000   4.6408834e-05  5.3087980e-07  -0.0016237016  
2.3484110e-05  2.1350933e-06  4.2934992e-07  -8.7418627e-08  -0.0016286432  -1.3904079e-05  -4.6408834e-05  0.0000000   3.1158031e-05  -7.4991451e-06  
-3.6488812e-06  -9.7993576e-07  -1.9880429e-06  6.1940003e-05  -1.4030223e-05  0.0016243962  -5.3087980e-07  -3.1158031e-05  0.0000000   0.0019269781  
-1.5175657e-05  3.0034044e-07  -6.1609002e-05  -2.1855659e-06  -4.6838667e-05  -6.0720790e-07  0.0016237016  7.4991451e-06  -0.0019269781  0.0000000   
