0.0000000   -3.0718030e-05  0.00019397485  5.2769762e-05  -0.00019876576  4.9617172e-05  -0.00023323164  5.5124561e-05  -0.00024373681  -2.6858738e-05  
3.0718030e-05  0.0000000   8.3096935e-07  4.9920933e-05  2.1176216e-05  4.7809884e-09  1.0377264e-08  -6.4525927e-06  6.7107926e-09  -1.0689948e-08  
-0.00019397485  -8.3096935e-07  0.0000000   0.0017810374  1.3031351e-08  2.1057438e-05  3.1780259e-08  -1.5942052e-08  -6.4165060e-06  2.0208248e-08  
-5.2769762e-05  -4.9920933e-05  -0.0017810374  0.0000000   -6.3106513e-08  -2.6027739e-08  2.1032580e-05  1.5020413e-08  -3.4589446e-08  -6.4263824e-06  
0.00019876576  -2.1176216e-05  -1.3031351e-08  6.3106513e-08  0.0000000   8.9120088e-07  4.9931038e-05  -0.00033674786  3.4300304e-08  -7.6605234e-08  
-4.9617172e-05  -4.7809884e-09  -2.1057438e-05  2.6027739e-08  -8.9120088e-07  0.0000000   0.0017810351  4.5959245e-08  -0.00033589865  4.2317063e-09  
0.00023323164  -1.0377264e-08  -3.1780259e-08  -2.1032580e-05  -4.9931038e-05  -0.0017810351  0.0000000   5.8450702e-09  -8.5469065e-08  -0.00033588963  
-5.5124561e-05  6.4525927e-06  1.5942052e-08  -1.5020413e-08  0.00033674786  -4.5959245e-08  -5.8450702e-09  0.0000000   8.2256198e-07  4.9928013e-05  
0.00024373681  -6.7107926e-09  6.4165060e-06  3.4589446e-08  -3.4300304e-08  0.00033589865  8.5469065e-08  -8.2256198e-07  0.0000000   0.0017810067  
2.6858738e-05  1.0689948e-08  -2.0208248e-08  6.4263824e-06  7.6605234e-08  -4.2317063e-09  0.00033588963  -4.9928013e-05  -0.0017810067  0.0000000   
