0.0000000   7.0764792e-07  8.2023845e-06  4.8721633e-05  1.4187579e-06  8.2250364e-07  0.00010647225  2.5489782e-05  -8.3186276e-05  3.0208741e-06  
-7.0764792e-07  0.0000000   -0.00055294470  -3.2762465e-05  0.00046219108  0.00024438005  -5.3938581e-05  0.00014322502  -6.9105447e-05  0.00036405539  
-8.2023845e-06  0.00055294470  0.0000000   0.00010278607  -2.7285477e-05  7.7287726e-05  -0.00013328250  0.00034616720  9.5105999e-05  0.00018177494  
-4.8721633e-05  3.2762465e-05  -0.00010278607  0.0000000   -0.00027201369  0.00013436662  -0.00053951843  -6.1364007e-05  2.3769379e-06  -6.1381841e-05  
-1.4187579e-06  -0.00046219108  2.7285477e-05  0.00027201369  0.0000000   4.0227300e-06  -5.0332444e-05  -0.00019363300  0.00014667596  -0.00013902647  
-8.2250364e-07  -0.00024438005  -7.7287726e-05  -0.00013436662  -4.0227300e-06  0.0000000   0.00032148187  0.00040726555  0.00029156682  -0.0013661283  
-0.00010647225  5.3938581e-05  0.00013328250  0.00053951843  5.0332444e-05  -0.00032148187  0.0000000   0.00013430650  0.00028780392  -1.0622855e-05  
-2.5489782e-05  -0.00014322502  -0.00034616720  6.1364007e-05  0.00019363300  -0.00040726555  -0.00013430650  0.0000000   1.7307881e-06  -0.00015982067  
8.3186276e-05  6.9105447e-05  -9.5105999e-05  -2.3769379e-06  -0.00014667596  -0.00029156682  -0.00028780392  -1.7307881e-06  0.0000000   -0.00020613620  
-3.0208741e-06  -0.00036405539  -0.00018177494  6.1381841e-05  0.00013902647  0.0013661283  1.0622855e-05  0.00015982067  0.00020613620  0.0000000   
