0.0000000   1.3927747e-05  0.00012443732  4.4373316e-05  0.00013652141  1.5713884e-05  2.3674691e-05  3.5451422e-05  -9.9497661e-06  3.1430151e-05  
-1.3927747e-05  0.0000000   -0.00013161580  0.00031701993  4.4698003e-05  0.00015465522  -0.00033196659  -0.00011098244  4.8515651e-05  -0.00018408218  
-0.00012443732  0.00013161580  0.0000000   1.2217916e-05  8.5367393e-05  5.0917918e-05  -0.00072656739  0.00012786567  0.00057447765  -1.4709482e-06  
-4.4373316e-05  -0.00031701993  -1.2217916e-05  0.0000000   0.00011571861  6.4409300e-05  -0.00031943095  -6.2135715e-05  0.00035783063  -2.1485315e-05  
-0.00013652141  -4.4698003e-05  -8.5367393e-05  -0.00011571861  0.0000000   -4.8492131e-05  0.00075037329  -3.0091955e-05  -0.00063688229  -9.6000297e-06  
-1.5713884e-05  -0.00015465522  -5.0917918e-05  -6.4409300e-05  4.8492131e-05  0.0000000   -0.0015081706  7.7405233e-05  0.00038502511  -0.0014305577  
-2.3674691e-05  0.00033196659  0.00072656739  0.00031943095  -0.00075037329  0.0015081706  0.0000000   -0.00028300972  7.1849625e-05  0.00061236738  
-3.5451422e-05  0.00011098244  -0.00012786567  6.2135715e-05  3.0091955e-05  -7.7405233e-05  0.00028300972  0.0000000   -0.00029562807  -5.7420787e-05  
9.9497661e-06  -4.8515651e-05  -0.00057447765  -0.00035783063  0.00063688229  -0.00038502511  -7.1849625e-05  0.00029562807  0.0000000   -0.00022083184  
-3.1430151e-05  0.00018408218  1.4709482e-06  2.1485315e-05  9.6000297e-06  0.0014305577  -0.00061236738  5.7420787e-05  0.00022083184  0.0000000   
