0.0000000   6.0959826e-05  0.00020043568  -2.1433745e-09  -0.00013211822  2.3116264e-05  0.00015963442  1.9714039e-06  -3.1939964e-05  1.0438575e-05  
-6.0959826e-05  0.0000000   5.1986926e-05  -6.7823560e-05  7.2357152e-05  -0.00058945800  -3.2035689e-05  9.1324852e-05  -2.1635613e-05  3.1999291e-05  
-0.00020043568  -5.1986926e-05  0.0000000   0.00019290680  -0.00011734991  -2.2653846e-06  -0.00043786486  6.3353221e-05  4.2409680e-05  3.4466751e-06  
2.1433745e-09  6.7823560e-05  -0.00019290680  0.0000000   0.00064903300  -0.00051726993  -0.00054200853  -8.8831675e-05  -0.00025507226  1.3562438e-05  
0.00013211822  -7.2357152e-05  0.00011734991  -0.00064903300  0.0000000   -0.0043201853  0.0012802108  -8.5533817e-06  -0.00017093466  -0.00014024614  
-2.3116264e-05  0.00058945800  2.2653846e-06  0.00051726993  0.0043201853  0.0000000   0.00046110939  -0.00050355256  -0.00013380809  0.00015985660  
-0.00015963442  3.2035689e-05  0.00043786486  0.00054200853  -0.0012802108  -0.00046110939  0.0000000   -0.00021431999  -3.4031762e-05  2.3718739e-05  
-1.9714039e-06  -9.1324852e-05  -6.3353221e-05  8.8831675e-05  8.5533817e-06  0.00050355256  0.00021431999  0.0000000   -0.00061439857  0.00019395308  
3.1939964e-05  2.1635613e-05  -4.2409680e-05  0.00025507226  0.00017093466  0.00013380809  3.4031762e-05  0.00061439857  0.0000000   -0.0038766440  
-1.0438575e-05  -3.1999291e-05  -3.4466751e-06  -1.3562438e-05  0.00014024614  -0.00015985660  -2.3718739e-05  -0.00019395308  0.0038766440  0.0000000   
