0.0000000   -7.0355262e-06  1.8735003e-05  -3.0806815e-05  4.7036949e-05  2.3922853e-06  -6.7756736e-06  -6.0006789e-05  5.4705030e-07  4.3518572e-06  
7.0355262e-06  0.0000000   -0.00018807766  0.00022403587  -0.00044597430  -4.6139666e-05  7.5877764e-05  0.00055805769  0.00017162204  0.00011892339  
-1.8735003e-05  0.00018807766  0.0000000   -8.2572056e-05  0.00065198577  -0.00041475321  0.00039940704  0.00046768981  0.00037498286  0.00020765179  
3.0806815e-05  -0.00022403587  8.2572056e-05  0.0000000   -0.00025086762  -0.00051846306  0.00070548615  -0.00019174281  0.00064706187  0.00032222052  
-4.7036949e-05  0.00044597430  -0.00065198577  0.00025086762  0.0000000   -0.00019889699  0.00016823756  -0.00029188799  0.00013932561  0.00020545935  
-2.3922853e-06  4.6139666e-05  0.00041475321  0.00051846306  0.00019889699  0.0000000   -0.00019263960  0.00017984939  -0.00048529630  0.00021099077  
6.7756736e-06  -7.5877764e-05  -0.00039940704  -0.00070548615  -0.00016823756  0.00019263960  0.0000000   0.00014409119  0.00082386221  -0.00070625500  
6.0006789e-05  -0.00055805769  -0.00046768981  0.00019174281  0.00029188799  -0.00017984939  -0.00014409119  0.0000000   -0.00019622944  8.0592810e-05  
-5.4705030e-07  -0.00017162204  -0.00037498286  -0.00064706187  -0.00013932561  0.00048529630  -0.00082386221  0.00019622944  0.0000000   -0.00089296658  
-4.3518572e-06  -0.00011892339  -0.00020765179  -0.00032222052  -0.00020545935  -0.00021099077  0.00070625500  -8.0592810e-05  0.00089296658  0.0000000   
