0.0000000   -2.1143101e-05  -0.00012239482  -0.00014360166  0.00013430212  -7.7256334e-07  -0.00011524827  -0.00014794453  -0.00011713787  -8.2589816e-06  
2.1143101e-05  0.0000000   0.0010133274  0.00010748186  0.00099030872  -7.7582412e-08  8.3510304e-07  -4.6153774e-05  -3.8605168e-07  -8.0791365e-08  
0.00012239482  -0.0010133274  0.0000000   0.00094356884  -1.2893836e-07  0.00098939008  -3.6261877e-07  3.9242901e-07  -4.6125859e-05  -3.5220519e-07  
0.00014360166  -0.00010748186  -0.00094356884  0.0000000   8.1878920e-07  -3.8441902e-07  0.00099006149  1.1201949e-08  3.8091639e-07  -4.6149934e-05  
-0.00013430212  -0.00099030872  1.2893836e-07  -8.1878920e-07  0.0000000   0.0010133137  0.00010751454  -0.00045952143  -1.1430125e-07  -4.0242527e-07  
7.7256334e-07  7.7582412e-08  -0.00098939008  3.8441902e-07  -0.0010133137  0.0000000   0.00094357117  2.2852709e-07  -0.00045909567  2.4338236e-09  
0.00011524827  -8.3510304e-07  3.6261877e-07  -0.00099006149  -0.00010751454  -0.00094357117  0.0000000   -3.3244099e-07  3.4810252e-07  -0.00045942384  
0.00014794453  4.6153774e-05  -3.9242901e-07  -1.1201949e-08  0.00045952143  -2.2852709e-07  3.3244099e-07  0.0000000   0.0010142598  0.00010757626  
0.00011713787  3.8605168e-07  4.6125859e-05  -3.8091639e-07  1.1430125e-07  0.00045909567  -3.4810252e-07  -0.0010142598  0.0000000   0.00094445830  
8.2589816e-06  8.0791365e-08  3.5220519e-07  4.6149934e-05  4.0242527e-07  -2.4338236e-09  0.00045942384  -0.00010757626  -0.00094445830  0.0000000   
