0.0000000   -5.9999684e-09  3.7760286e-06  -5.7910766e-05  -9.9688526e-06  -2.2574903e-06  1.4346306e-05  0.00018298103  -2.5623881e-05  2.8361643e-06  
5.9999684e-09  0.0000000   3.6577818e-05  -1.4373100e-05  4.1355798e-05  8.6181434e-05  -0.00019587231  -9.2890779e-06  0.00021707426  -6.1172644e-05  
-3.7760286e-06  -3.6577818e-05  0.0000000   3.5616226e-05  2.7958120e-06  -9.1419397e-06  -0.00065385847  -4.6922390e-05  -0.00062670439  0.00018126052  
5.7910766e-05  1.4373100e-05  -3.5616226e-05  0.0000000   4.1842662e-05  6.8321081e-05  0.00013243811  -0.00038347941  -7.2712694e-05  0.00016475685  
9.9688526e-06  -4.1355798e-05  -2.7958120e-06  -4.1842662e-05  0.0000000   3.9276034e-05  0.0010155841  2.3056595e-05  0.00092292072  -0.00020719520  
2.2574903e-06  -8.6181434e-05  9.1419397e-06  -6.8321081e-05  -3.9276034e-05  0.0000000   -0.0020253400  -7.9332728e-05  0.0014026245  5.0931263e-05  
-1.4346306e-05  0.00019587231  0.00065385847  -0.00013243811  -0.0010155841  0.0020253400  0.0000000   -9.3038580e-05  0.00023421514  0.0035661384  
-0.00018298103  9.2890779e-06  4.6922390e-05  0.00038347941  -2.3056595e-05  7.9332728e-05  9.3038580e-05  0.0000000   5.5491329e-05  0.00011936019  
2.5623881e-05  -0.00021707426  0.00062670439  7.2712694e-05  -0.00092292072  -0.0014026245  -0.00023421514  -5.5491329e-05  0.0000000   -0.0043332154  
-2.8361643e-06  6.1172644e-05  -0.00018126052  -0.00016475685  0.00020719520  -5.0931263e-05  -0.0035661384  -0.00011936019  0.0043332154  0.0000000   
