0.0000000   -5.9195449e-06  0.00022618257  -6.7018277e-05  -0.00013069738  2.1129832e-05  8.2046581e-05  -1.6607776e-05  -5.2726435e-05  9.0092868e-05  
5.9195449e-06  0.0000000   0.00015094274  -0.00026685141  0.00046246694  -0.00036575533  0.00013712330  0.00033887893  0.00048208396  -0.0041888435  
-0.00022618257  -0.00015094274  0.0000000   0.00057670759  0.0015946804  0.00052754320  0.00021187238  0.00012384016  0.00013868207  -0.00016113992  
6.7018277e-05  0.00026685141  -0.00057670759  0.0000000   0.00073910966  -0.00044719451  -0.00082691383  9.7543405e-05  -0.00069914809  0.00055130670  
0.00013069738  -0.00046246694  -0.0015946804  -0.00073910966  0.0000000   -0.00070684971  -0.0012301037  -3.0217930e-05  0.00012108536  0.0010653161  
-2.1129832e-05  0.00036575533  -0.00052754320  0.00044719451  0.00070684971  0.0000000   0.0012412174  0.0019414129  -0.017868415  -0.013261805  
-8.2046581e-05  -0.00013712330  -0.00021187238  0.00082691383  0.0012301037  -0.0012412174  0.0000000   -0.00021510004  -0.014624755  0.014025003  
1.6607776e-05  -0.00033887893  -0.00012384016  -9.7543405e-05  3.0217930e-05  -0.0019414129  0.00021510004  0.0000000   0.00098907506  -0.00050198331  
5.2726435e-05  -0.00048208396  -0.00013868207  0.00069914809  -0.00012108536  0.017868415  0.014624755  -0.00098907506  0.0000000   0.0018879613  
-9.0092868e-05  0.0041888435  0.00016113992  -0.00055130670  -0.0010653161  0.013261805  -0.014025003  0.00050198331  -0.0018879613  0.0000000   
