0.0000000   -6.2848470e-07  -7.2680626e-07  8.0248388e-07  -9.8864967e-06  2.7703212e-06  -1.6956366e-05  -2.0045964e-05  -4.1526503e-06  3.5785852e-06  
6.2848470e-07  0.0000000   -0.00026523031  -0.00032212319  -8.8239355e-05  0.00031162146  5.6486141e-07  2.4846875e-07  2.9301092e-06  -1.0106976e-05  
7.2680626e-07  0.00026523031  0.0000000   -0.00018912330  0.00018309956  -0.00024412100  1.3728738e-06  -6.5029447e-06  -3.0208660e-06  -0.00013065635  
-8.0248388e-07  0.00032212319  0.00018912330  0.0000000   0.00064818024  0.00052179313  -1.7831515e-05  1.4092554e-06  -1.4371816e-05  -0.00017829879  
9.8864967e-06  8.8239355e-05  -0.00018309956  -0.00064818024  0.0000000   -0.0057419421  9.2969874e-05  1.6708127e-05  5.9489282e-05  0.00037490509  
-2.7703212e-06  -0.00031162146  0.00024412100  -0.00052179313  0.0057419421  0.0000000   -6.8015565e-05  -9.9433523e-06  -3.3176540e-05  -0.00020945349  
1.6956366e-05  -5.6486141e-07  -1.3728738e-06  1.7831515e-05  -9.2969874e-05  6.8015565e-05  0.0000000   2.9365501e-05  -7.2180449e-06  3.8293789e-06  
2.0045964e-05  -2.4846875e-07  6.5029447e-06  -1.4092554e-06  -1.6708127e-05  9.9433523e-06  -2.9365501e-05  0.0000000   0.0017591573  -0.00014076593  
4.1526503e-06  -2.9301092e-06  3.0208660e-06  1.4371816e-05  -5.9489282e-05  3.3176540e-05  7.2180449e-06  -0.0017591573  0.0000000   -3.3315705e-07  
-3.5785852e-06  1.0106976e-05  0.00013065635  0.00017829879  -0.00037490509  0.00020945349  -3.8293789e-06  0.00014076593  3.3315705e-07  0.0000000   
