0.0000000   1.5033943e-05  1.0113108e-05  3.7533059e-05  5.3847218e-05  1.7414715e-05  1.1083097e-05  6.2080819e-06  -5.5394342e-06  1.5468459e-05  
-1.5033943e-05  0.0000000   -0.00011527100  -0.00039336412  -0.00016659661  -7.7129239e-05  0.0018589650  -0.0016365417  0.0022375282  0.00090728971  
-1.0113108e-05  0.00011527100  0.0000000   0.0018695132  -0.0047669327  0.00057398605  0.00037296724  4.2777161e-05  -0.00031276877  -0.00024014138  
-3.7533059e-05  0.00039336412  -0.0018695132  0.0000000   -0.0030556632  0.0063999702  0.00035808319  0.00061263227  -0.00014076091  -0.00017130831  
-5.3847218e-05  0.00016659661  0.0047669327  0.0030556632  0.0000000   -0.015357695  -0.00022331628  7.1886302e-05  -0.00039752431  0.00010122320  
-1.7414715e-05  7.7129239e-05  -0.00057398605  -0.0063999702  0.015357695  0.0000000   -0.00053285027  -9.3806531e-06  -0.00049658800  0.0012213819  
-1.1083097e-05  -0.0018589650  -0.00037296724  -0.00035808319  0.00022331628  0.00053285027  0.0000000   0.00025247429  -0.0051228161  0.011071041  
-6.2080819e-06  0.0016365417  -4.2777161e-05  -0.00061263227  -7.1886302e-05  9.3806531e-06  -0.00025247429  0.0000000   -0.0065659484  0.014094465  
5.5394342e-06  -0.0022375282  0.00031276877  0.00014076091  0.00039752431  0.00049658800  0.0051228161  0.0065659484  0.0000000   -0.0053273324  
-1.5468459e-05  -0.00090728971  0.00024014138  0.00017130831  -0.00010122320  -0.0012213819  -0.011071041  -0.014094465  0.0053273324  0.0000000   
