0.0000000   4.7710417e-06  2.2273481e-06  1.2072732e-05  6.9990553e-06  2.6982774e-06  9.8963305e-05  2.7316886e-06  -0.00011316636  -8.2199710e-06  
-4.7710417e-06  0.0000000   -0.00039747850  0.00053395259  -0.00034084769  0.00015972567  0.00089969359  0.00017403763  0.00085331326  0.0016866462  
-2.2273481e-06  0.00039747850  0.0000000   -0.0045051612  0.00086882944  0.00039991496  0.00054468450  9.5081976e-05  0.00037359519  -0.00028734062  
-1.2072732e-05  -0.00053395259  0.0045051612  0.0000000   -0.0097716165  0.0084413736  0.00028446821  6.4394876e-05  0.00013646633  0.0015373706  
-6.9990553e-06  0.00034084769  -0.00086882944  0.0097716165  0.0000000   -0.0025746430  0.00046655051  -8.7078208e-05  0.00082339587  -0.00061104455  
-2.6982774e-06  -0.00015972567  -0.00039991496  -0.0084413736  0.0025746430  0.0000000   -0.00094048857  -0.00024174562  -0.00043600068  -0.00011863457  
-9.8963305e-05  -0.00089969359  -0.00054468450  -0.00028446821  -0.00046655051  0.00094048857  0.0000000   -0.0024504180  0.00072856094  0.0055424682  
-2.7316886e-06  -0.00017403763  -9.5081976e-05  -6.4394876e-05  8.7078208e-05  0.00024174562  0.0024504180  0.0000000   0.0032105797  0.015943770  
0.00011316636  -0.00085331326  -0.00037359519  -0.00013646633  -0.00082339587  0.00043600068  -0.00072856094  -0.0032105797  0.0000000   0.0024964017  
8.2199710e-06  -0.0016866462  0.00028734062  -0.0015373706  0.00061104455  0.00011863457  -0.0055424682  -0.015943770  -0.0024964017  0.0000000   
