0.0000000   7.7593593e-06  -0.00026788107  0.00010571996  -1.1854927e-05  -1.3763877e-05  8.3990646e-06  -1.4796070e-05  -1.0101278e-06  -8.4082865e-06  
-7.7593593e-06  0.0000000   -5.3169449e-05  8.5184572e-06  -0.00010996152  -0.0095632547  0.00060869558  0.00012411584  0.00029489609  -0.0017449725  
0.00026788107  5.3169449e-05  0.0000000   1.2050826e-05  0.00014226797  0.00036900126  -0.00063157609  0.00044648678  0.0013308890  0.00011110434  
-0.00010571996  -8.5184572e-06  -1.2050826e-05  0.0000000   0.0025316345  0.00015791304  -0.00039507042  0.014699044  0.00028361629  0.00025630634  
1.1854927e-05  0.00010996152  -0.00014226797  -0.0025316345  0.0000000   7.1328618e-05  5.8061826e-05  -0.0012159554  -4.6332184e-05  -6.1208081e-05  
1.3763877e-05  0.0095632547  -0.00036900126  -0.00015791304  -7.1328618e-05  0.0000000   -0.0019721641  9.4074472e-05  -0.0039958399  -0.00029819120  
-8.3990646e-06  -0.00060869558  0.00063157609  0.00039507042  -5.8061826e-05  0.0019721641  0.0000000   6.9123371e-05  -0.00024982509  -0.0081784424  
1.4796070e-05  -0.00012411584  -0.00044648678  -0.014699044  0.0012159554  -9.4074472e-05  -6.9123371e-05  0.0000000   -0.00011464315  -0.00010741240  
1.0101278e-06  -0.00029489609  -0.0013308890  -0.00028361629  4.6332184e-05  0.0039958399  0.00024982509  0.00011464315  0.0000000   -0.0065927129  
8.4082865e-06  0.0017449725  -0.00011110434  -0.00025630634  6.1208081e-05  0.00029819120  0.0081784424  0.00010741240  0.0065927129  0.0000000   
