0.0000000   -2.7587629e-05  4.6068761e-06  -0.00011518031  7.0961607e-05  -6.5396628e-06  -2.0272843e-05  0.00010235155  -2.5311243e-05  -1.5109474e-05  
2.7587629e-05  0.0000000   -0.00046938032  0.00016221294  0.00047481251  4.5767959e-08  4.6186560e-08  6.6405450e-05  -1.4235606e-07  5.8158923e-08  
-4.6068761e-06  0.00046938032  0.0000000   -0.00034130607  3.2470739e-09  0.00047472587  8.1521584e-09  1.4005098e-07  6.6399857e-05  -1.0522213e-07  
0.00011518031  -0.00016221294  0.00034130607  0.0000000   5.2971410e-08  -3.2506153e-08  0.00047476738  -4.8418482e-08  9.5654874e-08  6.6404181e-05  
-7.0961607e-05  -0.00047481251  -3.2470739e-09  -5.2971410e-08  0.0000000   -0.00046920275  0.00016215094  0.00073786055  4.2706373e-08  8.3324383e-08  
6.5396628e-06  -4.5767959e-08  -0.00047472587  3.2506153e-08  0.00046920275  0.0000000   -0.00034119249  4.3503305e-08  0.00073772208  -1.6594677e-08  
2.0272843e-05  -4.6186560e-08  -8.1521584e-09  -0.00047476738  -0.00016215094  0.00034119249  0.0000000   7.8423640e-08  -7.4288162e-09  0.00073778299  
-0.00010235155  -6.6405450e-05  -1.4005098e-07  4.8418482e-08  -0.00073786055  -4.3503305e-08  -7.8423640e-08  0.0000000   -0.00046935059  0.00016220268  
2.5311243e-05  1.4235606e-07  -6.6399857e-05  -9.5654874e-08  -4.2706373e-08  -0.00073772208  7.4288162e-09  0.00046935059  0.0000000   -0.00034130194  
1.5109474e-05  -5.8158923e-08  1.0522213e-07  -6.6404181e-05  -8.3324383e-08  1.6594677e-08  -0.00073778299  -0.00016220268  0.00034130194  0.0000000   
