0.0000000   1.5935901e-05  -2.9484770e-05  -0.00010739408  -6.8415053e-05  5.7484717e-05  -1.4186587e-06  -6.1817779e-06  1.5689648e-06  -2.9558644e-06  
-1.5935901e-05  0.0000000   -0.00056975103  0.00033932443  -0.00053511335  5.8340587e-07  8.4785412e-07  -4.1444842e-05  -1.2143728e-06  8.1902320e-07  
2.9484770e-05  0.00056975103  0.0000000   0.0032058023  3.7043062e-07  -0.00053042751  -6.2119327e-07  1.4711397e-06  -4.1030355e-05  7.1617284e-06  
0.00010739408  -0.00033932443  -0.0032058023  0.0000000   9.1972323e-07  4.3016923e-07  -0.00053050736  -9.2960094e-08  -7.2905155e-06  -4.0944210e-05  
6.8415053e-05  0.00053511335  -3.7043062e-07  -9.1972323e-07  0.0000000   -0.00056241438  0.00033494751  2.6575800e-06  -9.1489742e-05  5.4470571e-05  
-5.7484717e-05  -5.8340587e-07  0.00053042751  -4.3016923e-07  0.00056241438  0.0000000   0.0031644895  9.1084818e-05  2.3251344e-06  0.00051428866  
1.4186587e-06  -8.4785412e-07  6.2119327e-07  0.00053050736  -0.00033494751  -0.0031644895  0.0000000   -5.4433694e-05  -0.00051432013  2.2574197e-06  
6.1817779e-06  4.1444842e-05  -1.4711397e-06  9.2960094e-08  -2.6575800e-06  -9.1084818e-05  5.4433694e-05  0.0000000   0.00056261886  -0.00033508169  
-1.5689648e-06  1.2143728e-06  4.1030355e-05  7.2905155e-06  9.1489742e-05  -2.3251344e-06  0.00051432013  -0.00056261886  0.0000000   -0.0031657143  
2.9558644e-06  -8.1902320e-07  -7.1617284e-06  4.0944210e-05  -5.4470571e-05  -0.00051428866  -2.2574197e-06  0.00033508169  0.0031657143  0.0000000   
