0.0000000   -8.0041994e-07  8.2080862e-05  -8.0184895e-05  -0.00010152470  -1.8550609e-05  -7.3932067e-05  -3.1864208e-05  -7.6717597e-05  2.7022739e-05  
8.0041994e-07  0.0000000   -0.00026125125  -0.00031724235  -0.00014896964  -1.5998553e-07  -7.3101716e-08  0.00035603031  1.1471218e-07  -1.5040701e-07  
-8.2080862e-05  0.00026125125  0.0000000   0.0015860096  6.0418366e-09  -0.00014864252  5.6799792e-07  1.9732709e-07  0.00035522506  2.7380436e-07  
8.0184895e-05  0.00031724235  -0.0015860096  0.0000000   1.3907838e-07  -5.4653387e-07  -0.00014865245  -2.1041193e-08  -3.4586993e-07  0.00035523390  
0.00010152470  0.00014896964  -6.0418366e-09  -1.3907838e-07  0.0000000   -0.00026090444  -0.00031682369  -0.0012901915  -5.8370878e-07  3.1096555e-07  
1.8550609e-05  1.5998553e-07  0.00014864252  5.4653387e-07  0.00026090444  0.0000000   0.0015839035  -5.8583700e-07  -0.0012873604  1.6214924e-07  
7.3932067e-05  7.3101716e-08  -5.6799792e-07  0.00014865245  0.00031682369  -0.0015839035  0.0000000   3.3641623e-07  1.5411214e-07  -0.0012873469  
3.1864208e-05  -0.00035603031  -1.9732709e-07  2.1041193e-08  0.0012901915  5.8583700e-07  -3.3641623e-07  0.0000000   -0.00026092260  -0.00031683775  
7.6717597e-05  -1.1471218e-07  -0.00035522506  3.4586993e-07  5.8370878e-07  0.0012873604  -1.5411214e-07  0.00026092260  0.0000000   0.0015839991  
-2.7022739e-05  1.5040701e-07  -2.7380436e-07  -0.00035523390  -3.1096555e-07  -1.6214924e-07  0.0012873469  0.00031683775  -0.0015839991  0.0000000   
