0.0000000   4.1686209e-05  8.4164433e-05  -1.6317324e-05  -0.00010532249  -1.3516404e-05  -0.00022414257  -2.7726873e-05  -0.00022970132  -1.4043492e-05  
-4.1686209e-05  0.0000000   -4.5351813e-05  -0.00025754449  -4.8057793e-05  -4.9420304e-08  -6.9208464e-08  0.00025341999  1.4705772e-07  -1.9079380e-08  
-8.4164433e-05  4.5351813e-05  0.0000000   0.0024037749  -1.8058864e-08  -4.7854808e-05  7.1779511e-07  1.3040589e-07  0.00025217877  1.4933841e-07  
1.6317324e-05  0.00025754449  -0.0024037749  0.0000000   7.0587755e-08  -7.4193596e-07  -4.7849658e-05  6.8919816e-09  -1.5835765e-07  0.00025218036  
0.00010532249  4.8057793e-05  1.8058864e-08  -7.0587755e-08  0.0000000   -4.5232742e-05  -0.00025702077  -0.0014701312  -8.1278783e-07  2.3987738e-08  
1.3516404e-05  4.9420304e-08  4.7854808e-05  7.4193596e-07  4.5232742e-05  0.0000000   0.0023990661  -8.4263253e-07  -0.0014631702  1.4287366e-07  
0.00022414257  6.9208464e-08  -7.1779511e-07  4.7849658e-05  0.00025702077  -0.0023990661  0.0000000   1.0412014e-07  -1.3658225e-07  -0.0014629658  
2.7726873e-05  -0.00025341999  -1.3040589e-07  -6.8919816e-09  0.0014701312  8.4263253e-07  -1.0412014e-07  0.0000000   -4.5291652e-05  -0.00025704872  
0.00022970132  -1.4705772e-07  -0.00025217877  1.5835765e-07  8.1278783e-07  0.0014631702  1.3658225e-07  4.5291652e-05  0.0000000   0.0023991120  
1.4043492e-05  1.9079380e-08  -1.4933841e-07  -0.00025218036  -2.3987738e-08  -1.4287366e-07  0.0014629658  0.00025704872  -0.0023991120  0.0000000   
