0.0000000   3.4835860e-05  -0.00013271256  7.2263943e-06  2.3356281e-05  -2.8197935e-05  0.00025548956  1.8769071e-05  2.2749793e-05  -1.0317831e-05  
-3.4835860e-05  0.0000000   0.00025138552  -0.00046117500  -0.00013855436  -0.00024154281  -1.0931370e-05  6.1876550e-05  -3.0991730e-05  -0.00011313722  
0.00013271256  -0.00025138552  0.0000000   -7.4197899e-06  0.00010965201  -0.00013253698  -0.00012082278  -5.0230276e-05  -1.9393637e-05  1.5890318e-05  
-7.2263943e-06  0.00046117500  7.4197899e-06  0.0000000   0.00065557202  0.00097506813  1.8787439e-05  -2.2603978e-07  -4.2820529e-05  0.00015390118  
-2.3356281e-05  0.00013855436  -0.00010965201  -0.00065557202  0.0000000   0.00098302953  -8.3791976e-05  -0.00032992425  -0.00010439150  0.00014460574  
2.8197935e-05  0.00024154281  0.00013253698  -0.00097506813  -0.00098302953  0.0000000   0.00010985747  -0.00018468251  -4.5288951e-05  9.3979365e-05  
-0.00025548956  1.0931370e-05  0.00012082278  -1.8787439e-05  8.3791976e-05  -0.00010985747  0.0000000   0.00013210307  0.00014584278  0.00012758985  
-1.8769071e-05  -6.1876550e-05  5.0230276e-05  2.2603978e-07  0.00032992425  0.00018468251  -0.00013210307  0.0000000   0.00070722463  -0.0011969092  
-2.2749793e-05  3.0991730e-05  1.9393637e-05  4.2820529e-05  0.00010439150  4.5288951e-05  -0.00014584278  -0.00070722463  0.0000000   0.00085210307  
1.0317831e-05  0.00011313722  -1.5890318e-05  -0.00015390118  -0.00014460574  -9.3979365e-05  -0.00012758985  0.0011969092  -0.00085210307  0.0000000   
