0.0000000   1.6037665e-05  -0.00016418497  -0.00020373125  0.00012932928  -0.00015980156  8.5102334e-05  1.3607476e-05  -7.8537698e-05  6.4493094e-06  
-1.6037665e-05  0.0000000   -0.0010033697  0.00014906129  0.00078940357  5.2529708e-05  -0.00028867629  6.9629354e-05  -0.00073307643  -0.0019289790  
0.00016418497  0.0010033697  0.0000000   -0.0010832171  -0.00041129618  0.00039181106  -0.00078724208  0.0038723753  0.0016053934  0.00014071000  
0.00020373125  -0.00014906129  0.0010832171  0.0000000   -0.00061763150  -0.00084283324  -0.00098686729  -0.00049632573  -0.00050382642  0.00023304057  
-0.00012932928  -0.00078940357  0.00041129618  0.00061763150  0.0000000   8.3004399e-05  -0.00092924701  0.0048334619  0.0021381074  9.6807605e-05  
0.00015980156  -5.2529708e-05  -0.00039181106  0.00084283324  -8.3004399e-05  0.0000000   0.0040790953  -0.00026594387  0.00041858988  0.017181213  
-8.5102334e-05  0.00028867629  0.00078724208  0.00098686729  0.00092924701  -0.0040790953  0.0000000   0.00051087084  -0.022651471  0.0020946893  
-1.3607476e-05  -6.9629354e-05  -0.0038723753  0.00049632573  -0.0048334619  0.00026594387  -0.00051087084  0.0000000   0.00092964453  -0.0010989313  
7.8537698e-05  0.00073307643  -0.0016053934  0.00050382642  -0.0021381074  -0.00041858988  0.022651471  -0.00092964453  0.0000000   -0.0066566991  
-6.4493094e-06  0.0019289790  -0.00014071000  -0.00023304057  -9.6807605e-05  -0.017181213  -0.0020946893  0.0010989313  0.0066566991  0.0000000   
