0.0000000   -4.4359334e-06  -5.5628146e-06  4.5954416e-06  -1.6029221e-06  -2.4480716e-05  2.1673484e-06  -1.4160217e-05  -0.00035698104  2.9451793e-05  
4.4359334e-06  0.0000000   5.0330520e-05  5.9345492e-05  0.00013186881  -0.00066671297  0.00039182088  -7.3649025e-06  0.00034839631  -0.00013898891  
5.5628146e-06  -5.0330520e-05  0.0000000   0.0035994070  -0.020712640  -0.00070511355  -0.0047423875  0.0032059769  0.00026757001  0.00068912896  
-4.5954416e-06  -5.9345492e-05  -0.0035994070  0.0000000   0.0052217352  0.00098384133  0.00031283266  0.00046880591  -0.00040233901  -6.6618794e-05  
1.6029221e-06  -0.00013186881  0.020712640  -0.0052217352  0.0000000   -0.00022092488  0.00075753080  -0.0076326169  -0.0018474632  0.00028618423  
2.4480716e-05  0.00066671297  0.00070511355  -0.00098384133  0.00022092488  0.0000000   0.0027117511  0.0024908010  0.0014014033  0.014562438  
-2.1673484e-06  -0.00039182088  0.0047423875  -0.00031283266  -0.00075753080  -0.0027117511  0.0000000   -0.0017013875  0.00065890948  -0.0016266057  
1.4160217e-05  7.3649025e-06  -0.0032059769  -0.00046880591  0.0076326169  -0.0024908010  0.0017013875  0.0000000   0.0025060609  -0.00035291609  
0.00035698104  -0.00034839631  -0.00026757001  0.00040233901  0.0018474632  -0.0014014033  -0.00065890948  -0.0025060609  0.0000000   -0.0073219142  
-2.9451793e-05  0.00013898891  -0.00068912896  6.6618794e-05  -0.00028618423  -0.014562438  0.0016266057  0.00035291609  0.0073219142  0.0000000   
