0.0000000   -2.1399321e-05  0.00017113799  2.8885229e-05  -0.00015244062  -4.7776869e-06  -9.0136137e-05  4.1109753e-06  -1.6027056e-06  -3.3198894e-06  
2.1399321e-05  0.0000000   0.00049359570  -0.00012289763  0.00052771499  1.0796456e-07  4.1861609e-07  -6.1165119e-06  2.9648443e-06  -7.4564835e-07  
-0.00017113799  -0.00049359570  0.0000000   0.0014911285  1.2038383e-07  0.00052647306  -8.6438762e-08  -3.5553257e-06  -5.4922303e-06  9.0642508e-06  
-2.8885229e-05  0.00012289763  -0.0014911285  0.0000000   3.8143547e-07  -7.9328447e-08  0.00052661922  6.7073068e-07  -9.1013140e-06  -6.1936680e-06  
0.00015244062  -0.00052771499  -1.2038383e-07  -3.8143547e-07  0.0000000   0.00049347898  -0.00012285651  -5.9062786e-06  -1.6220415e-05  4.0199493e-06  
4.7776869e-06  -1.0796456e-07  -0.00052647306  7.9328447e-08  -0.00049347898  0.0000000   0.0014907964  1.5632964e-05  -6.3587273e-06  -4.7184127e-05  
9.0136137e-05  -4.1861609e-07  8.6438762e-08  -0.00052661922  0.00012285651  -0.0014907964  0.0000000   -3.6288623e-06  4.6835277e-05  -6.2618628e-06  
-4.1109753e-06  6.1165119e-06  3.5553257e-06  -6.7073068e-07  5.9062786e-06  -1.5632964e-05  3.6288623e-06  0.0000000   -0.00049359467  0.00012289644  
1.6027056e-06  -2.9648443e-06  5.4922303e-06  9.1013140e-06  1.6220415e-05  6.3587273e-06  -4.6835277e-05  0.00049359467  0.0000000   -0.0014912198  
3.3198894e-06  7.4564835e-07  -9.0642508e-06  6.1936680e-06  -4.0199493e-06  4.7184127e-05  6.2618628e-06  -0.00012289644  0.0014912198  0.0000000   
