0.0000000   1.6607250e-05  -0.00011802679  -1.5345485e-05  1.6174132e-05  -1.2988719e-05  7.7294116e-05  6.0335539e-06  7.3539001e-06  1.9704365e-05  
-1.6607250e-05  0.0000000   -0.00021177709  0.00025301474  0.00013890181  -2.3059418e-05  -5.2988276e-06  8.4883109e-05  5.6848294e-06  6.3865020e-06  
0.00011802679  0.00021177709  0.0000000   2.9327634e-05  -3.9180626e-05  7.6593085e-05  0.00021963199  1.3314862e-05  -3.7386865e-05  4.6610542e-06  
1.5345485e-05  -0.00025301474  -2.9327634e-05  0.0000000   0.00017316971  -6.8153883e-05  6.9670112e-05  7.5106883e-05  9.9484080e-05  4.4722075e-05  
-1.6174132e-05  -0.00013890181  3.9180626e-05  -0.00017316971  0.0000000   0.00078002160  -0.00040613659  2.0307157e-05  5.5569698e-05  -5.6072871e-05  
1.2988719e-05  2.3059418e-05  -7.6593085e-05  6.8153883e-05  -0.00078002160  0.0000000   0.00028156347  -7.1689684e-05  -6.9296296e-05  -0.00016235111  
-7.7294116e-05  5.2988276e-06  -0.00021963199  -6.9670112e-05  0.00040613659  -0.00028156347  0.0000000   2.0458563e-05  -1.2176975e-05  -6.7671140e-05  
-6.0335539e-06  -8.4883109e-05  -1.3314862e-05  -7.5106883e-05  -2.0307157e-05  7.1689684e-05  -2.0458563e-05  0.0000000   -0.00079705831  -0.00012236663  
-7.3539001e-06  -5.6848294e-06  3.7386865e-05  -9.9484080e-05  -5.5569698e-05  6.9296296e-05  1.2176975e-05  0.00079705831  0.0000000   -0.0016176043  
-1.9704365e-05  -6.3865020e-06  -4.6610542e-06  -4.4722075e-05  5.6072871e-05  0.00016235111  6.7671140e-05  0.00012236663  0.0016176043  0.0000000   
