0.0000000   -5.6956746e-06  -0.00032556820  8.5991077e-05  -0.00033750321  -3.8910723e-06  2.6209466e-05  1.8888721e-05  -1.1362309e-05  4.5961097e-06  
5.6956746e-06  0.0000000   6.5714245e-06  -0.00021764251  -4.4470387e-05  -4.1269915e-08  9.6445683e-08  0.00030381409  2.6277902e-07  8.1316553e-09  
0.00032556820  -6.5714245e-06  0.0000000   0.0045757643  4.4893623e-08  -4.3721784e-05  -2.0227329e-06  1.1480524e-07  0.00029834165  -5.1506509e-07  
-8.5991077e-05  0.00021764251  -0.0045757643  0.0000000   3.5093939e-07  2.0401532e-06  -4.3720037e-05  -2.8693957e-08  5.3961933e-07  0.00029818693  
0.00033750321  4.4470387e-05  -4.4893623e-08  -3.5093939e-07  0.0000000   6.5064582e-06  -0.00021709413  0.0016572157  1.4078214e-06  -7.6602989e-08  
3.8910723e-06  4.1269915e-08  4.3721784e-05  -2.0401532e-06  -6.5064582e-06  0.0000000   0.0045652831  1.4306284e-06  0.0016276097  1.0723413e-07  
-2.6209466e-05  -9.6445683e-08  2.0227329e-06  4.3720037e-05  0.00021709413  -0.0045652831  0.0000000   -7.2105672e-08  -2.0224751e-07  0.0016267067  
-1.8888721e-05  -0.00030381409  -1.1480524e-07  2.8693957e-08  -0.0016572157  -1.4306284e-06  7.2105672e-08  0.0000000   6.5303071e-06  -0.00021713133  
1.1362309e-05  -2.6277902e-07  -0.00029834165  -5.3961933e-07  -1.4078214e-06  -0.0016276097  2.0224751e-07  -6.5303071e-06  0.0000000   0.0045657426  
-4.5961097e-06  -8.1316553e-09  5.1506509e-07  -0.00029818693  7.6602989e-08  -1.0723413e-07  -0.0016267067  0.00021713133  -0.0045657426  0.0000000   
