0.0000000   -3.3379614e-06  -0.00020859701  0.00011435348  -0.00023933001  4.9870037e-05  0.00016813551  -4.1998485e-05  0.00016291130  -1.6930301e-05  
3.3379614e-06  0.0000000   1.7439591e-05  0.00018585045  5.9863883e-05  1.4529572e-09  -4.6700598e-08  0.00012470457  5.3858738e-09  6.2202627e-09  
0.00020859701  -1.7439591e-05  0.0000000   -0.00091307000  -1.0548382e-08  5.9782552e-05  1.5883327e-07  -4.3321140e-08  0.00012463411  -3.8259166e-08  
-0.00011435348  -0.00018585045  0.00091307000  0.0000000   -5.0947857e-09  -1.3263375e-07  5.9800091e-05  1.7087996e-08  5.3207071e-08  0.00012455011  
0.00023933001  -5.9863883e-05  1.0548382e-08  5.0947857e-09  0.0000000   1.7351453e-05  0.00018543539  0.0016415953  2.5027930e-07  5.5581956e-09  
-4.9870037e-05  -1.4529572e-09  -5.9782552e-05  1.3263375e-07  -1.7351453e-05  0.0000000   -0.00091108565  2.6728326e-07  0.0016405858  -2.0388010e-07  
-0.00016813551  4.6700598e-08  -1.5883327e-07  -5.9800091e-05  -0.00018543539  0.00091108565  0.0000000   -5.6187508e-09  7.9904174e-08  0.0016396997  
4.1998485e-05  -0.00012470457  4.3321140e-08  -1.7087996e-08  -0.0016415953  -2.6728326e-07  5.6187508e-09  0.0000000   1.7342455e-05  0.00018551407  
-0.00016291130  -5.3858738e-09  -0.00012463411  -5.3207071e-08  -2.5027930e-07  -0.0016405858  -7.9904174e-08  -1.7342455e-05  0.0000000   -0.00091138885  
1.6930301e-05  -6.2202627e-09  3.8259166e-08  -0.00012455011  -5.5581956e-09  2.0388010e-07  -0.0016396997  -0.00018551407  0.00091138885  0.0000000   
