0.0000000   -1.0364428e-05  6.8580070e-05  2.1223740e-05  8.1355545e-05  -4.1388652e-07  -5.5694692e-05  -7.6620382e-06  -5.5324975e-05  -1.0495747e-05  
1.0364428e-05  0.0000000   -4.2805994e-05  0.00029140122  -0.00017309358  0.00012250187  0.00020904894  1.3513346e-05  -0.00018645267  -0.0033891037  
-6.8580070e-05  4.2805994e-05  0.0000000   0.00046465815  -0.00065675844  -6.0124518e-05  -0.00054921868  -0.012240360  -0.00023384412  -0.00011142833  
-2.1223740e-05  -0.00029140122  -0.00046465815  0.0000000   -0.00076662652  -4.5153184e-05  -5.6756974e-05  -0.0037095647  0.00053704034  -0.00030100622  
-8.1355545e-05  0.00017309358  0.00065675844  0.00076662652  0.0000000   -2.2346559e-05  -5.4173184e-05  -0.015415493  -0.00034271179  5.2865888e-06  
4.1388652e-07  -0.00012250187  6.0124518e-05  4.5153184e-05  2.2346559e-05  0.0000000   -0.00046918359  0.00019450967  -0.0021682590  0.014428357  
5.5694692e-05  -0.00020904894  0.00054921868  5.6756974e-05  5.4173184e-05  0.00046918359  0.0000000   0.00058968721  -0.023642274  0.0010519335  
7.6620382e-06  -1.3513346e-05  0.012240360  0.0037095647  0.015415493  -0.00019450967  -0.00058968721  0.0000000   0.00075296598  -0.00020672041  
5.5324975e-05  0.00018645267  0.00023384412  -0.00053704034  0.00034271179  0.0021682590  0.023642274  -0.00075296598  0.0000000   0.00088155702  
1.0495747e-05  0.0033891037  0.00011142833  0.00030100622  -5.2865888e-06  -0.014428357  -0.0010519335  0.00020672041  -0.00088155702  0.0000000   
