0.0000000   -9.6951552e-06  -0.00046799579  3.7015479e-06  6.0003048e-05  1.6218849e-05  3.2926680e-05  2.6735278e-05  -2.1601726e-05  -6.0450258e-06  
9.6951552e-06  0.0000000   0.00021359468  -0.00056470688  0.00026707336  0.00016208044  4.0610459e-05  1.2839884e-05  1.3429433e-05  7.2587303e-05  
0.00046799579  -0.00021359468  0.0000000   9.7835045e-05  0.00029315694  -7.2614643e-05  0.00033115111  1.8023835e-05  1.6773050e-05  3.6888173e-05  
-3.7015479e-06  0.00056470688  -9.7835045e-05  0.0000000   -0.00022259677  0.0010079596  6.1646206e-05  4.9534834e-05  -0.00027630414  -0.00024913031  
-6.0003048e-05  -0.00026707336  -0.00029315694  0.00022259677  0.0000000   -0.0029465429  5.7553494e-05  6.6145646e-05  0.00013471640  6.7337570e-05  
-1.6218849e-05  -0.00016208044  7.2614643e-05  -0.0010079596  0.0029465429  0.0000000   -3.4687729e-05  0.00044612379  7.6200600e-05  3.3508944e-05  
-3.2926680e-05  -4.0610459e-05  -0.00033115111  -6.1646206e-05  -5.7553494e-05  3.4687729e-05  0.0000000   7.1703532e-05  -0.00023820017  -4.3849420e-05  
-2.6735278e-05  -1.2839884e-05  -1.8023835e-05  -4.9534834e-05  -6.6145646e-05  -0.00044612379  -7.1703532e-05  0.0000000   -0.00080701766  0.00022024640  
2.1601726e-05  -1.3429433e-05  -1.6773050e-05  0.00027630414  -0.00013471640  -7.6200600e-05  0.00023820017  0.00080701766  0.0000000   -0.0021428932  
6.0450258e-06  -7.2587303e-05  -3.6888173e-05  0.00024913031  -6.7337570e-05  -3.3508944e-05  4.3849420e-05  -0.00022024640  0.0021428932  0.0000000   
