0.0000000   1.7534667e-05  -7.5838397e-05  3.0959046e-05  1.0431730e-05  -3.4887417e-06  5.5397146e-05  -5.2336472e-06  1.5794549e-05  -5.2773064e-08  
-1.7534667e-05  0.0000000   0.00015325353  -0.00012425434  -7.3291965e-05  -5.7431742e-05  2.3387237e-05  -0.00010944899  5.0168977e-06  -3.4936911e-05  
7.5838397e-05  -0.00015325353  0.0000000   0.00025586133  -0.00028664737  -0.00016525312  -1.9234222e-05  -4.9365188e-05  9.2034367e-07  6.5140567e-06  
-3.0959046e-05  0.00012425434  -0.00025586133  0.0000000   -3.1752188e-05  -0.00095677234  0.00010239276  -2.2484832e-05  2.5799023e-05  -3.4887173e-05  
-1.0431730e-05  7.3291965e-05  0.00028664737  3.1752188e-05  0.0000000   -0.0014865246  -0.00029450362  5.4123781e-05  -4.7419937e-05  -2.7560002e-05  
3.4887417e-06  5.7431742e-05  0.00016525312  0.00095677234  0.0014865246  0.0000000   -6.0123435e-05  -0.00015286662  8.5939156e-05  -8.5600219e-05  
-5.5397146e-05  -2.3387237e-05  1.9234222e-05  -0.00010239276  0.00029450362  6.0123435e-05  0.0000000   -6.3463306e-05  7.9915775e-05  4.8111050e-05  
5.2336472e-06  0.00010944899  4.9365188e-05  2.2484832e-05  -5.4123781e-05  0.00015286662  6.3463306e-05  0.0000000   -0.00025026469  -0.0010788531  
-1.5794549e-05  -5.0168977e-06  -9.2034367e-07  -2.5799023e-05  4.7419937e-05  -8.5939156e-05  -7.9915775e-05  0.00025026469  0.0000000   0.0017309504  
5.2773064e-08  3.4936911e-05  -6.5140567e-06  3.4887173e-05  2.7560002e-05  8.5600219e-05  -4.8111050e-05  0.0010788531  -0.0017309504  0.0000000   
