0.0000000   8.8493676e-06  -3.2441129e-05  -2.5420431e-05  5.4599829e-05  4.8626874e-05  -6.1539502e-05  -8.6563716e-06  6.1679581e-05  1.0321168e-05  
-8.8493676e-06  0.0000000   0.00025280455  3.4877645e-05  0.00030173967  -4.3447354e-05  0.00012053384  -0.00065210814  -0.00057680137  -0.0016713136  
3.2441129e-05  -0.00025280455  0.0000000   -0.00016303626  0.00036792480  0.00017516215  -0.00022088459  0.0089484664  -0.00032506833  -0.00038908111  
2.5420431e-05  -3.4877645e-05  0.00016303626  0.0000000   -0.00019978488  0.00012368670  3.6157799e-05  0.0015799535  -0.00062414901  -0.00013535583  
-5.4599829e-05  -0.00030173967  -0.00036792480  0.00019978488  0.0000000   -0.00018502979  0.00040621076  -0.014291190  5.9068468e-05  0.00042807652  
-4.8626874e-05  4.3447354e-05  -0.00017516215  -0.00012368670  0.00018502979  0.0000000   -0.00017819613  0.00047410985  0.0036790496  0.00083867564  
6.1539502e-05  -0.00012053384  0.00022088459  -3.6157799e-05  -0.00040621076  0.00017819613  0.0000000   -0.00073542906  -0.023417363  -0.0033591145  
8.6563716e-06  0.00065210814  -0.0089484664  -0.0015799535  0.014291190  -0.00047410985  0.00073542906  0.0000000   -0.00028076430  0.00025131106  
-6.1679581e-05  0.00057680137  0.00032506833  0.00062414901  -5.9068468e-05  -0.0036790496  0.023417363  0.00028076430  0.0000000   0.00061056453  
-1.0321168e-05  0.0016713136  0.00038908111  0.00013535583  -0.00042807652  -0.00083867564  0.0033591145  -0.00025131106  -0.00061056453  0.0000000   
