0.0000000   -1.9321624e-05  -0.00025505300  4.3533573e-05  2.2999032e-05  -1.6495336e-05  -0.00028906051  4.3526821e-05  -1.5580061e-05  -7.6157943e-06  
1.9321624e-05  0.0000000   -0.00011374745  0.00032868409  0.00020573655  -0.00016311364  4.7303142e-05  0.00010405039  6.7115606e-05  -6.4442648e-05  
0.00025505300  0.00011374745  0.0000000   6.4014349e-05  -0.00035053677  -0.00021401851  0.00056963594  2.8071856e-05  2.6015036e-05  4.2548974e-05  
-4.3533573e-05  -0.00032868409  -6.4014349e-05  0.0000000   0.0010405067  -0.00024142180  -0.00016198675  0.00027551130  0.00016743228  -2.1422013e-05  
-2.2999032e-05  -0.00020573655  0.00035053677  -0.0010405067  0.0000000   -0.0012299518  0.00024548108  0.00024628739  8.2280401e-05  3.1519271e-05  
1.6495336e-05  0.00016311364  0.00021401851  0.00024142180  0.0012299518  0.0000000   0.00013859882  -0.00015258743  2.0407358e-07  -8.1456975e-05  
0.00028906051  -4.7303142e-05  -0.00056963594  0.00016198675  -0.00024548108  -0.00013859882  0.0000000   0.00019632826  -8.2336825e-05  0.00031951570  
-4.3526821e-05  -0.00010405039  -2.8071856e-05  -0.00027551130  -0.00024628739  0.00015258743  -0.00019632826  0.0000000   0.00064924384  0.00066066738  
1.5580061e-05  -6.7115606e-05  -2.6015036e-05  -0.00016743228  -8.2280401e-05  -2.0407358e-07  8.2336825e-05  -0.00064924384  0.0000000   -0.0027108660  
7.6157943e-06  6.4442648e-05  -4.2548974e-05  2.1422013e-05  -3.1519271e-05  8.1456975e-05  -0.00031951570  -0.00066066738  0.0027108660  0.0000000   
