0.0000000   -5.8401130e-08  0.00017230426  7.5627748e-05  -3.8263105e-05  -2.7178599e-05  4.2490072e-05  -8.3214710e-05  4.0071845e-05  9.7912312e-06  
5.8401130e-08  0.0000000   0.00035271345  0.00016275477  5.3200123e-05  0.00047121183  5.9132152e-05  -0.00023126200  1.6313765e-05  -0.00022150430  
-0.00017230426  -0.00035271345  0.0000000   -0.00014850824  0.00020750570  0.00030577760  -0.00062228779  0.00034779554  -0.00052564128  -0.00035090612  
-7.5627748e-05  -0.00016275477  0.00014850824  0.0000000   7.7874853e-05  0.00033213821  -0.00026138248  6.7144856e-05  -0.00036219185  -3.8672123e-06  
3.8263105e-05  -5.3200123e-05  -0.00020750570  -7.7874853e-05  0.0000000   -0.00051009104  0.0019014065  6.7814035e-05  0.0016066150  0.00022298160  
2.7178599e-05  -0.00047121183  -0.00030577760  -0.00033213821  0.00051009104  0.0000000   -0.00063530408  0.00050690930  -0.00046504878  0.00043124501  
-4.2490072e-05  -5.9132152e-05  0.00062228779  0.00026138248  -0.0019014065  0.00063530408  0.0000000   0.00044257218  -0.00013551076  -0.00072932344  
8.3214710e-05  0.00023126200  -0.00034779554  -6.7144856e-05  -6.7814035e-05  -0.00050690930  -0.00044257218  0.0000000   -0.00045166426  -0.00035387627  
-4.0071845e-05  -1.6313765e-05  0.00052564128  0.00036219185  -0.0016066150  0.00046504878  0.00013551076  0.00045166426  0.0000000   -0.00060686265  
-9.7912312e-06  0.00022150430  0.00035090612  3.8672123e-06  -0.00022298160  -0.00043124501  0.00072932344  0.00035387627  0.00060686265  0.0000000   
