0.0000000   -1.7212737e-06  1.8678337e-06  -2.6271788e-07  -9.2055252e-05  2.0498236e-06  0.00015228229  -0.00015863336  -0.00017256070  4.8902159e-06  
1.7212737e-06  0.0000000   -0.00094787431  0.00010924924  -2.9504946e-06  3.4256020e-05  -3.9454284e-06  2.4320500e-05  2.4516131e-06  -2.5713358e-07  
-1.8678337e-06  0.00094787431  0.0000000   -0.0013844869  -3.3893484e-05  -2.9507383e-06  4.9433807e-05  -1.8238315e-06  2.4970611e-05  3.5701037e-06  
2.6271788e-07  -0.00010924924  0.0013844869  0.0000000   4.2663263e-06  -5.0043849e-05  -3.4755502e-06  8.6138081e-07  -2.9803645e-06  2.4290053e-05  
9.2055252e-05  2.9504946e-06  3.3893484e-05  -4.2663263e-06  0.0000000   0.00094635603  -0.00010903657  0.0013752334  1.2054267e-07  1.4549920e-06  
-2.0498236e-06  -3.4256020e-05  2.9507383e-06  5.0043849e-05  -0.00094635603  0.0000000   0.0013822864  2.6514740e-07  0.0013730894  1.5147555e-07  
-0.00015228229  3.9454284e-06  -4.9433807e-05  3.4755502e-06  0.00010903657  -0.0013822864  0.0000000   1.4356898e-06  2.9957726e-07  0.0013741522  
0.00015863336  -2.4320500e-05  1.8238315e-06  -8.6138081e-07  -0.0013752334  -2.6514740e-07  -1.4356898e-06  0.0000000   0.00094689517  -0.00010914124  
0.00017256070  -2.4516131e-06  -2.4970611e-05  2.9803645e-06  -1.2054267e-07  -0.0013730894  -2.9957726e-07  -0.00094689517  0.0000000   0.0013831049  
-4.8902159e-06  2.5713358e-07  -3.5701037e-06  -2.4290053e-05  -1.4549920e-06  -1.5147555e-07  -0.0013741522  0.00010914124  -0.0013831049  0.0000000   
