0.0000000   -1.2800185e-05  -1.9208465e-06  -1.2750420e-06  1.2805638e-06  -3.6114097e-05  -0.00024354270  -2.5139696e-05  -5.5886217e-07  -2.1874853e-06  
1.2800185e-05  0.0000000   -1.2437725e-06  9.6182539e-07  -4.7567275e-06  1.1077497e-08  -4.4206132e-08  0.00021395444  -6.2792849e-08  2.0503684e-06  
1.9208465e-06  1.2437725e-06  0.0000000   -0.00039563721  3.5376623e-09  5.0911589e-06  3.9436757e-06  -1.6035163e-08  -0.00021394735  1.0453976e-07  
1.2750420e-06  -9.6182539e-07  0.00039563721  0.0000000   -2.8331714e-08  -2.4562885e-06  4.1495489e-06  2.0120536e-06  -3.6544499e-08  -0.00021394192  
-1.2805638e-06  4.7567275e-06  -3.5376623e-09  2.8331714e-08  0.0000000   8.8310500e-07  -2.7897445e-06  -1.4673781e-06  2.4162350e-08  -5.6952307e-08  
3.6114097e-05  -1.1077497e-08  -5.0911589e-06  2.4562885e-06  -8.8310500e-07  0.0000000   0.00039550049  -3.1635848e-08  1.6062601e-06  1.3245726e-05  
0.00024354270  4.4206132e-08  -3.9436757e-06  -4.1495489e-06  2.7897445e-06  -0.00039550049  0.0000000   4.6283675e-08  -1.1106742e-05  6.2705517e-07  
2.5139696e-05  -0.00021395444  1.6035163e-08  -2.0120536e-06  1.4673781e-06  3.1635848e-08  -4.6283675e-08  0.0000000   -9.2886615e-07  8.5718607e-07  
5.5886217e-07  6.2792849e-08  0.00021394735  3.6544499e-08  -2.4162350e-08  -1.6062601e-06  1.1106742e-05  9.2886615e-07  0.0000000   -0.00039547176  
2.1874853e-06  -2.0503684e-06  -1.0453976e-07  0.00021394192  5.6952307e-08  -1.3245726e-05  -6.2705517e-07  -8.5718607e-07  0.00039547176  0.0000000   
