0.0000000   2.2002371e-05  -0.00016629063  3.7532907e-05  -9.7165661e-05  8.9651641e-05  -0.00019635145  1.4152241e-05  2.5993675e-06  1.9156674e-05  
-2.2002371e-05  0.0000000   0.00018562441  0.00017081759  -0.0011827063  0.0018760027  0.00035243706  0.0095064373  -0.0011715306  -0.00023767960  
0.00016629063  -0.00018562441  0.0000000   0.00061816470  0.014383302  -0.018474387  0.00041488942  0.00058003436  -0.00050913470  -0.00028481789  
-3.7532907e-05  -0.00017081759  -0.00061816470  0.0000000   0.011438116  0.0069549811  0.00060023454  -0.00044864160  -3.7525675e-05  -0.00052322960  
9.7165661e-05  0.0011827063  -0.014383302  -0.011438116  0.0000000   -0.0037244283  0.0011395798  0.00034097910  -0.00025407787  -0.00060860236  
-8.9651641e-05  -0.0018760027  0.018474387  -0.0069549811  0.0037244283  0.0000000   -0.0011527290  -0.00020124769  0.00015063867  -0.00057171783  
0.00019635145  -0.00035243706  -0.00041488942  -0.00060023454  -0.0011395798  0.0011527290  0.0000000   -0.00012041143  2.1311087e-05  -0.00081079892  
-1.4152241e-05  -0.0095064373  -0.00058003436  0.00044864160  -0.00034097910  0.00020124769  0.00012041143  0.0000000   1.7498388e-05  -0.00031149231  
-2.5993675e-06  0.0011715306  0.00050913470  3.7525675e-05  0.00025407787  -0.00015063867  -2.1311087e-05  -1.7498388e-05  0.0000000   4.9390601e-05  
-1.9156674e-05  0.00023767960  0.00028481789  0.00052322960  0.00060860236  0.00057171783  0.00081079892  0.00031149231  -4.9390601e-05  0.0000000   
