0.0000000   1.6736154e-05  0.00016858780  -5.6025772e-05  -3.6055955e-05  1.8503576e-05  -0.00015756108  0.00017900009  -9.8040015e-05  1.7869017e-05  
-1.6736154e-05  0.0000000   -3.4311507e-05  0.00011075010  1.0124078e-06  -7.9358861e-05  8.8004783e-05  0.00011159469  3.0697151e-05  1.5854377e-05  
-0.00016858780  3.4311507e-05  0.0000000   -0.0056293383  -0.0019993751  -4.0565107e-05  0.00029497565  0.00043828632  -0.00015833752  -2.0682205e-05  
5.6025772e-05  -0.00011075010  0.0056293383  0.0000000   0.00051952768  -3.9201056e-05  -0.00025185226  0.00069598230  9.6449623e-05  1.5080425e-05  
3.6055955e-05  -1.0124078e-06  0.0019993751  -0.00051952768  0.0000000   -4.7038641e-05  0.0038871787  0.0012352702  -0.0024513284  -0.00031747381  
-1.8503576e-05  7.9358861e-05  4.0565107e-05  3.9201056e-05  4.7038641e-05  0.0000000   0.00018996163  -0.0018820055  -0.00039534028  -0.00057902263  
0.00015756108  -8.8004783e-05  -0.00029497565  0.00025185226  -0.0038871787  -0.00018996163  0.0000000   -2.4752997e-05  0.0020862093  0.0020742788  
-0.00017900009  -0.00011159469  -0.00043828632  -0.00069598230  -0.0012352702  0.0018820055  2.4752997e-05  0.0000000   -8.4498952e-05  1.7670535e-05  
9.8040015e-05  -3.0697151e-05  0.00015833752  -9.6449623e-05  0.0024513284  0.00039534028  -0.0020862093  8.4498952e-05  0.0000000   0.0068721834  
-1.7869017e-05  -1.5854377e-05  2.0682205e-05  -1.5080425e-05  0.00031747381  0.00057902263  -0.0020742788  -1.7670535e-05  -0.0068721834  0.0000000   
