0.0000000   8.5256444e-06  -5.4352386e-05  4.7285992e-05  4.2635337e-05  -4.4198442e-06  6.3566804e-05  5.6110821e-05  7.7942203e-05  1.2280288e-05  
-8.5256444e-06  0.0000000   -0.00044757936  0.00025720444  -0.00036017262  -2.1366646e-07  -1.0895072e-07  -0.00030914190  5.5415492e-08  -2.2980802e-07  
5.4352386e-05  0.00044757936  0.0000000   -0.0013712861  -1.4405449e-08  -0.00035958455  -3.2029190e-07  -2.4838934e-07  -0.00030863092  4.5994096e-07  
-4.7285992e-05  -0.00025720444  0.0013712861  0.0000000   -2.1272562e-07  2.5934569e-07  -0.00035960635  -4.5148758e-08  -5.0995080e-07  -0.00030865356  
-4.2635337e-05  0.00036017262  1.4405449e-08  2.1272562e-07  0.0000000   -0.00044727788  0.00025703089  0.00096815786  3.5966597e-07  4.0782899e-07  
4.4198442e-06  2.1366646e-07  0.00035958455  -2.5934569e-07  0.00044727788  0.0000000   -0.0013703634  2.7652962e-07  0.00096658761  2.1773448e-07  
-6.3566804e-05  1.0895072e-07  3.2029190e-07  0.00035960635  -0.00025703089  0.0013703634  0.0000000   4.5076951e-07  -1.0221972e-08  0.00096665177  
-5.6110821e-05  0.00030914190  2.4838934e-07  4.5148758e-08  -0.00096815786  -2.7652962e-07  -4.5076951e-07  0.0000000   -0.00044731112  0.00025706204  
-7.7942203e-05  -5.5415492e-08  0.00030863092  5.0995080e-07  -3.5966597e-07  -0.00096658761  1.0221972e-08  0.00044731112  0.0000000   -0.0013705083  
-1.2280288e-05  2.2980802e-07  -4.5994096e-07  0.00030865356  -4.0782899e-07  -2.1773448e-07  -0.00096665177  -0.00025706204  0.0013705083  0.0000000   
