0.0000000   3.3582893e-06  0.00013263081  8.1917553e-05  5.8630477e-05  -6.4887479e-06  -2.0507479e-05  0.00010350850  3.2209780e-05  -1.5903394e-05  
-3.3582893e-06  0.0000000   3.5294299e-05  1.1256213e-05  -1.5358104e-05  -0.00026016571  3.1502622e-05  -1.9908044e-05  -5.3352439e-05  -0.00016681288  
-0.00013263081  -3.5294299e-05  0.0000000   0.0010213648  -0.00035088514  -0.00021018583  -0.00060786836  7.3595385e-05  -3.2932597e-05  0.00019980644  
-8.1917553e-05  -1.1256213e-05  -0.0010213648  0.0000000   -8.1792583e-05  -0.00010508425  -0.00045755941  0.00025306682  0.00032864011  -3.4590399e-05  
-5.8630477e-05  1.5358104e-05  0.00035088514  8.1792583e-05  0.0000000   0.00016582553  0.00059495897  -0.00025189360  -0.00029740477  -3.1128641e-05  
6.4887479e-06  0.00026016571  0.00021018583  0.00010508425  -0.00016582553  0.0000000   -0.00017829305  -7.1678233e-05  -0.00018182945  -0.00046519106  
2.0507479e-05  -3.1502622e-05  0.00060786836  0.00045755941  -0.00059495897  0.00017829305  0.0000000   -0.00010624775  0.00028957440  1.1008090e-05  
-0.00010350850  1.9908044e-05  -7.3595385e-05  -0.00025306682  0.00025189360  7.1678233e-05  0.00010624775  0.0000000   0.00020681454  -0.00015699169  
-3.2209780e-05  5.3352439e-05  3.2932597e-05  -0.00032864011  0.00029740477  0.00018182945  -0.00028957440  -0.00020681454  0.0000000   0.00013768517  
1.5903394e-05  0.00016681288  -0.00019980644  3.4590399e-05  3.1128641e-05  0.00046519106  -1.1008090e-05  0.00015699169  -0.00013768517  0.0000000   
