0.0000000   1.3467507e-07  5.7232652e-05  -6.2738939e-05  -1.9535842e-05  5.3191909e-06  -2.2060303e-05  3.0474792e-05  1.3215444e-05  -1.8459393e-05  
-1.3467507e-07  0.0000000   -6.4409181e-05  -0.00023186738  0.00019436849  0.00020294822  0.00087925801  -0.00094966654  0.00016788459  -0.0022138009  
-5.7232652e-05  6.4409181e-05  0.0000000   -0.00061056411  -0.00017911756  -0.00017734337  0.00013180597  6.8629398e-05  -0.00010378221  4.7067817e-05  
6.2738939e-05  0.00023186738  0.00061056411  0.0000000   -2.9253144e-05  0.00014071865  0.00025319271  0.00025486070  -7.7115483e-05  -1.4288309e-05  
1.9535842e-05  -0.00019436849  0.00017911756  2.9253144e-05  0.0000000   3.3707929e-05  -5.5123245e-05  -0.00030617549  -0.00023900954  4.6212137e-05  
-5.3191909e-06  -0.00020294822  0.00017734337  -0.00014071865  -3.3707929e-05  0.0000000   -5.4885557e-05  0.00067347759  -0.00020268781  -0.00032237134  
2.2060303e-05  -0.00087925801  -0.00013180597  -0.00025319271  5.5123245e-05  5.4885557e-05  0.0000000   -0.00034357948  8.7398501e-06  0.00019763130  
-3.0474792e-05  0.00094966654  -6.8629398e-05  -0.00025486070  0.00030617549  -0.00067347759  0.00034357948  0.0000000   -0.00029930698  0.00010844499  
-1.3215444e-05  -0.00016788459  0.00010378221  7.7115483e-05  0.00023900954  0.00020268781  -8.7398501e-06  0.00029930698  0.0000000   -0.00010355553  
1.8459393e-05  0.0022138009  -4.7067817e-05  1.4288309e-05  -4.6212137e-05  0.00032237134  -0.00019763130  -0.00010844499  0.00010355553  0.0000000   
