0.0000000   -1.9373008e-05  0.00013013326  -5.6081105e-05  -0.00013253227  -3.0352378e-05  0.00010229319  -5.9539272e-05  7.2519786e-05  4.6553975e-06  
1.9373008e-05  0.0000000   -0.00039112975  0.00023446212  -0.00040545595  -4.3490698e-07  -4.3222787e-07  -0.00016082721  2.0191774e-07  -3.9796412e-07  
-0.00013013326  0.00039112975  0.0000000   -0.0039829354  -1.8159901e-07  -0.00040000882  -1.2364772e-06  -4.1245528e-07  -0.00015867010  3.3242918e-06  
5.6081105e-05  -0.00023446212  0.0039829354  0.0000000   -5.1784760e-07  1.1700699e-06  -0.00039996283  7.7359716e-09  -3.3710609e-06  -0.00015863358  
0.00013253227  0.00040545595  1.8159901e-07  5.1784760e-07  0.0000000   -0.00038956446  0.00023355250  0.0021339928  1.7062941e-06  2.6436100e-06  
3.0352378e-05  4.3490698e-07  0.00040000882  -1.1700699e-06  0.00038956446  0.0000000   -0.0039672912  1.6645138e-06  0.0021052908  2.8087124e-07  
-0.00010229319  4.3222787e-07  1.2364772e-06  0.00039996283  -0.00023355250  0.0039672912  0.0000000   2.6902468e-06  7.3805302e-08  0.0021049192  
5.9539272e-05  0.00016082721  4.1245528e-07  -7.7359716e-09  -0.0021339928  -1.6645138e-06  -2.6902468e-06  0.0000000   -0.00038969945  0.00023359846  
-7.2519786e-05  -2.0191774e-07  0.00015867010  3.3710609e-06  -1.7062941e-06  -0.0021052908  -7.3805302e-08  0.00038969945  0.0000000   -0.0039682585  
-4.6553975e-06  3.9796412e-07  -3.3242918e-06  0.00015863358  -2.6436100e-06  -2.8087124e-07  -0.0021049192  -0.00023359846  0.0039682585  0.0000000   
