0.0000000   1.5935901e-05  -2.9484770e-05  -0.00010739408  -6.8415053e-05  5.7484717e-05  -1.4186587e-06  -0.00013368959  2.8676463e-05  -1.2787804e-05  
-1.5935901e-05  0.0000000   -0.00056975103  0.00033932443  -0.00053511335  5.8340587e-07  8.4785412e-07  -5.3892697e-05  -9.2679051e-07  6.7124937e-07  
2.9484770e-05  0.00056975103  0.0000000   0.0032058023  3.7043062e-07  -0.00053042751  -6.2119327e-07  9.8962467e-07  -5.3420636e-05  5.4791928e-06  
0.00010739408  -0.00033932443  -0.0032058023  0.0000000   9.1972323e-07  4.3016923e-07  -0.00053050736  -4.5505402e-07  -5.5090642e-06  -5.3421189e-05  
6.8415053e-05  0.00053511335  -3.7043062e-07  -9.1972323e-07  0.0000000   -0.00056241438  0.00033494751  -0.0038742929  3.6393627e-06  6.5314404e-06  
-5.7484717e-05  -5.8340587e-07  0.00053042751  -4.3016923e-07  0.00056241438  0.0000000   0.0031644895  3.5145540e-06  -0.0038405122  -1.0558881e-06  
1.4186587e-06  -8.4785412e-07  6.2119327e-07  0.00053050736  -0.00033494751  -0.0031644895  0.0000000   6.5674246e-06  -4.3954959e-07  -0.0038410194  
0.00013368959  5.3892697e-05  -9.8962467e-07  4.5505402e-07  0.0038742929  -3.5145540e-06  -6.5674246e-06  0.0000000   -0.00056261886  0.00033508169  
-2.8676463e-05  9.2679051e-07  5.3420636e-05  5.5090642e-06  -3.6393627e-06  0.0038405122  4.3954959e-07  0.00056261886  0.0000000   0.0031657143  
1.2787804e-05  -6.7124937e-07  -5.4791928e-06  5.3421189e-05  -6.5314404e-06  1.0558881e-06  0.0038410194  -0.00033508169  -0.0031657143  0.0000000   
