0.0000000   -5.1408346e-06  8.0100327e-05  -0.00013513534  2.8519827e-05  -0.00018054204  -0.00012006088  6.2861702e-05  0.00011219312  7.0059659e-06  
5.1408346e-06  0.0000000   0.00064622004  0.00024440204  0.00013522956  -0.00022118295  -3.8827159e-06  -0.00087840051  3.7496869e-07  -3.3932345e-06  
-8.0100327e-05  -0.00064622004  0.0000000   0.0015352387  -0.00041556940  3.8713561e-05  0.00010246491  -0.00041335440  -0.00024815577  -2.8690190e-06  
0.00013513534  -0.00024440204  -0.0015352387  0.0000000   -5.9175671e-05  7.1313386e-07  -0.00091476380  7.0137136e-05  0.00011116470  0.00022476106  
-2.8519827e-05  -0.00013522956  0.00041556940  5.9175671e-05  0.0000000   -4.6242558e-05  0.0013967234  -0.00032377004  0.0012235696  2.3519459e-06  
0.00018054204  0.00022118295  -3.8713561e-05  -7.1313386e-07  4.6242558e-05  0.0000000   7.2804464e-06  -0.0012118495  0.00077983706  -0.00025348441  
0.00012006088  3.8827159e-06  -0.00010246491  0.00091476380  -0.0013967234  -7.2804464e-06  0.0000000   -0.00029581173  -0.00010556575  -0.0011357848  
-6.2861702e-05  0.00087840051  0.00041335440  -7.0137136e-05  0.00032377004  0.0012118495  0.00029581173  0.0000000   -6.8740184e-05  -6.8902881e-07  
-0.00011219312  -3.7496869e-07  0.00024815577  -0.00011116470  -0.0012235696  -0.00077983706  0.00010556575  6.8740184e-05  0.0000000   -0.0014094277  
-7.0059659e-06  3.3932345e-06  2.8690190e-06  -0.00022476106  -2.3519459e-06  0.00025348441  0.0011357848  6.8902881e-07  0.0014094277  0.0000000   
