0.0000000   5.3395113e-05  2.0240966e-06  2.1835532e-05  2.2039450e-06  -1.6768963e-05  1.5248601e-06  -4.4223338e-06  2.5103225e-06  1.0684415e-05  
-5.3395113e-05  0.0000000   5.0218242e-05  3.3091725e-05  -9.2390267e-06  6.5188380e-05  -6.9805270e-05  -8.3940750e-06  -1.0845839e-05  -8.4272423e-05  
-2.0240966e-06  -5.0218242e-05  0.0000000   -0.0055799123  -0.0013544176  7.7275867e-05  -4.6272355e-05  0.00010278236  -0.00018267468  -0.00011139158  
-2.1835532e-05  -3.3091725e-05  0.0055799123  0.0000000   -0.0032530059  -6.8177562e-06  -0.00018000720  -0.0022220907  -0.00046398632  9.2942011e-05  
-2.2039450e-06  9.2390267e-06  0.0013544176  0.0032530059  0.0000000   7.0593017e-05  0.00024092643  -0.00053581904  0.00025578980  -0.00011924762  
1.6768963e-05  -6.5188380e-05  -7.7275867e-05  6.8177562e-06  -7.0593017e-05  0.0000000   0.00088166434  1.0509315e-05  0.00021298799  -0.00025925829  
-1.5248601e-06  6.9805270e-05  4.6272355e-05  0.00018000720  -0.00024092643  -0.00088166434  0.0000000   0.00025517214  0.00030786848  -0.0019546230  
4.4223338e-06  8.3940750e-06  -0.00010278236  0.0022220907  0.00053581904  -1.0509315e-05  -0.00025517214  0.0000000   -0.00010828988  -0.00018285178  
-2.5103225e-06  1.0845839e-05  0.00018267468  0.00046398632  -0.00025578980  -0.00021298799  -0.00030786848  0.00010828988  0.0000000   -0.00036047393  
-1.0684415e-05  8.4272423e-05  0.00011139158  -9.2942011e-05  0.00011924762  0.00025925829  0.0019546230  0.00018285178  0.00036047393  0.0000000   
