0.0000000   -1.3164490e-05  0.00016274277  -0.00010644565  3.9547650e-05  4.2361722e-05  0.00014501206  -0.00017624264  -7.2871781e-05  -0.00011862423  
1.3164490e-05  0.0000000   1.4603522e-05  0.00013915185  8.6563098e-06  0.00012170231  -2.9025706e-05  -1.2363905e-05  1.5670862e-05  3.2985416e-05  
-0.00016274277  -1.4603522e-05  0.0000000   0.0013863703  0.00048428342  9.5159661e-06  8.6980081e-05  5.9521071e-05  0.00021431358  -7.3157220e-05  
0.00010644565  -0.00013915185  -0.0013863703  0.0000000   -0.00041203853  -1.1969172e-06  -8.4518088e-05  -1.9481167e-05  -1.4522223e-05  -5.0767680e-05  
-3.9547650e-05  -8.6563098e-06  -0.00048428342  0.00041203853  0.0000000   -1.1819118e-05  0.00078704548  4.8229444e-05  0.00040842049  2.0088977e-05  
-4.2361722e-05  -0.00012170231  -9.5159661e-06  1.1969172e-06  1.1819118e-05  0.0000000   0.00026720909  -0.00041512863  0.0041375428  -0.00047717247  
-0.00014501206  2.9025706e-05  -8.6980081e-05  8.4518088e-05  -0.00078704548  -0.00026720909  0.0000000   0.00011769051  -0.018471578  0.00027013010  
0.00017624264  1.2363905e-05  -5.9521071e-05  1.9481167e-05  -4.8229444e-05  0.00041512863  -0.00011769051  0.0000000   9.3635748e-06  7.4802803e-05  
7.2871781e-05  -1.5670862e-05  -0.00021431358  1.4522223e-05  -0.00040842049  -0.0041375428  0.018471578  -9.3635748e-06  0.0000000   0.014537667  
0.00011862423  -3.2985416e-05  7.3157220e-05  5.0767680e-05  -2.0088977e-05  0.00047717247  -0.00027013010  -7.4802803e-05  -0.014537667  0.0000000   
