0.0000000   2.5243851e-06  4.8431870e-05  -7.9114183e-05  0.00015053989  -1.1854067e-05  7.2371768e-05  -0.00020600852  -7.7058653e-05  -1.5849264e-05  
-2.5243851e-06  0.0000000   0.00018730003  0.00039687170  0.00033127672  0.0081297029  -0.0014149971  0.00015816386  2.9383250e-05  0.00010157113  
-4.8431870e-05  -0.00018730003  0.0000000   3.5814405e-05  0.0083876452  2.3958653e-06  0.00022604133  0.00026438892  -0.0015829394  0.00040425192  
7.9114183e-05  -0.00039687170  -3.5814405e-05  0.0000000   -0.0010522315  0.00018586181  -0.00062204756  0.00015329525  0.00097759205  -0.00010748249  
-0.00015053989  -0.00033127672  -0.0083876452  0.0010522315  0.0000000   -0.00014677146  0.00036826889  0.020794956  0.00012206861  -9.6419691e-06  
1.1854067e-05  -0.0081297029  -2.3958653e-06  -0.00018586181  0.00014677146  0.0000000   0.0011329255  -0.00027796500  -0.00023875120  0.00045539711  
-7.2371768e-05  0.0014149971  -0.00022604133  0.00062204756  -0.00036826889  -0.0011329255  0.0000000   -2.5477248e-06  0.022916769  0.0053799863  
0.00020600852  -0.00015816386  -0.00026438892  -0.00015329525  -0.020794956  0.00027796500  2.5477248e-06  0.0000000   -0.0010166767  0.00028643950  
7.7058653e-05  -2.9383250e-05  0.0015829394  -0.00097759205  -0.00012206861  0.00023875120  -0.022916769  0.0010166767  0.0000000   -0.00014202760  
1.5849264e-05  -0.00010157113  -0.00040425192  0.00010748249  9.6419691e-06  -0.00045539711  -0.0053799863  -0.00028643950  0.00014202760  0.0000000   
