0.0000000   -8.3251808e-06  -0.00024951904  -3.5627183e-05  -2.5657893e-05  -2.1707842e-05  -0.00014101440  -6.1250878e-07  -1.9938464e-05  -9.7941517e-05  
8.3251808e-06  0.0000000   2.0834261e-05  7.2687127e-06  -1.0777021e-05  -2.6512886e-05  6.6210151e-05  0.00083931520  0.0021590505  0.0010379380  
0.00024951904  -2.0834261e-05  0.0000000   0.00025442118  2.5204461e-05  1.1982885e-06  0.00017170826  2.4176703e-05  4.5187837e-05  0.00014833098  
3.5627183e-05  -7.2687127e-06  -0.00025442118  0.0000000   -0.00079560545  -0.00021208724  -0.00055433657  -3.3300497e-05  6.2916393e-05  0.00034992707  
2.5657893e-05  1.0777021e-05  -2.5204461e-05  0.00079560545  0.0000000   8.2840372e-05  0.00042736090  8.9329487e-06  -1.2228931e-05  2.6358315e-05  
2.1707842e-05  2.6512886e-05  -1.1982885e-06  0.00021208724  -8.2840372e-05  0.0000000   -0.00081864781  -8.2355047e-05  -0.0024198204  -0.018239024  
0.00014101440  -6.6210151e-05  -0.00017170826  0.00055433657  -0.00042736090  0.00081864781  0.0000000   4.4984342e-06  0.00069267665  0.0061134663  
6.1250878e-07  -0.00083931520  -2.4176703e-05  3.3300497e-05  -8.9329487e-06  8.2355047e-05  -4.4984342e-06  0.0000000   -0.00083658712  0.00012892784  
1.9938464e-05  -0.0021590505  -4.5187837e-05  -6.2916393e-05  1.2228931e-05  0.0024198204  -0.00069267665  0.00083658712  0.0000000   0.0019141165  
9.7941517e-05  -0.0010379380  -0.00014833098  -0.00034992707  -2.6358315e-05  0.018239024  -0.0061134663  -0.00012892784  -0.0019141165  0.0000000   
