0.0000000   -6.5991197e-05  1.4359397e-08  6.2772849e-05  -2.7841657e-06  1.3907174e-05  0.00018855246  -2.5531171e-05  -4.7606923e-06  -1.8683908e-05  
6.5991197e-05  0.0000000   0.00015622258  -0.00083181209  -0.00041899810  2.5951345e-05  3.2041690e-05  -0.00013777820  2.9444461e-05  -3.3879235e-05  
-1.4359397e-08  -0.00015622258  0.0000000   -0.00016190113  9.4394417e-05  -0.00013996061  -0.00056785903  2.1981430e-05  3.1629830e-05  -6.2061333e-05  
-6.2772849e-05  0.00083181209  0.00016190113  0.0000000   -8.0013167e-05  0.00012639051  -0.00040783821  -0.00033048084  -0.00034734373  -0.00014042489  
2.7841657e-06  0.00041899810  -9.4394417e-05  8.0013167e-05  0.0000000   -0.0020213927  0.0014152212  -0.00015599909  -0.00015901068  6.1002537e-05  
-1.3907174e-05  -2.5951345e-05  0.00013996061  -0.00012639051  0.0020213927  0.0000000   -0.00037059810  0.00015553973  0.00030453127  0.00047712984  
-0.00018855246  -3.2041690e-05  0.00056785903  0.00040783821  -0.0014152212  0.00037059810  0.0000000   2.4347960e-05  -7.8055456e-05  7.7450918e-05  
2.5531171e-05  0.00013777820  -2.1981430e-05  0.00033048084  0.00015599909  -0.00015553973  -2.4347960e-05  0.0000000   0.0017114328  0.00031313706  
4.7606923e-06  -2.9444461e-05  -3.1629830e-05  0.00034734373  0.00015901068  -0.00030453127  7.8055456e-05  -0.0017114328  0.0000000   0.0022958520  
1.8683908e-05  3.3879235e-05  6.2061333e-05  0.00014042489  -6.1002537e-05  -0.00047712984  -7.7450918e-05  -0.00031313706  -0.0022958520  0.0000000   
