0.0000000   9.7183478e-07  5.1063226e-06  -5.4079274e-06  4.4583016e-07  -7.3186942e-05  -2.1895026e-06  -1.8172276e-05  -4.2908335e-06  2.3365048e-06  
-9.7183478e-07  0.0000000   1.6581101e-05  -0.00013163922  0.00025335681  2.7958304e-05  -0.00025336623  0.00032236728  -0.00031417285  5.1921793e-05  
-5.1063226e-06  -1.6581101e-05  0.0000000   -0.0010516771  -0.00023598721  -1.2913649e-06  -2.7435532e-05  0.00022475943  7.3263013e-05  -1.6886125e-05  
5.4079274e-06  0.00013163922  0.0010516771  0.0000000   -2.3940248e-05  9.3258588e-05  0.00013201886  0.013768853  -4.0912789e-05  4.6544949e-05  
-4.4583016e-07  -0.00025335681  0.00023598721  2.3940248e-05  0.0000000   -6.5098648e-06  7.2507906e-05  0.0030371899  0.00052945451  -4.4129136e-05  
7.3186942e-05  -2.7958304e-05  1.2913649e-06  -9.3258588e-05  6.5098648e-06  0.0000000   5.2753997e-05  4.8600348e-05  6.9437056e-05  0.00066044693  
2.1895026e-06  0.00025336623  2.7435532e-05  -0.00013201886  -7.2507906e-05  -5.2753997e-05  0.0000000   0.00034666864  1.7326970e-05  2.2959286e-05  
1.8172276e-05  -0.00032236728  -0.00022475943  -0.013768853  -0.0030371899  -4.8600348e-05  -0.00034666864  0.0000000   0.0010436556  -0.00012501737  
4.2908335e-06  0.00031417285  -7.3263013e-05  4.0912789e-05  -0.00052945451  -6.9437056e-05  -1.7326970e-05  -0.0010436556  0.0000000   2.9379664e-05  
-2.3365048e-06  -5.1921793e-05  1.6886125e-05  -4.6544949e-05  4.4129136e-05  -0.00066044693  -2.2959286e-05  0.00012501737  -2.9379664e-05  0.0000000   
