0.0000000   5.8997825e-06  -3.5371576e-06  -4.3378677e-05  1.6690710e-05  -1.0274142e-05  -0.00013164687  -6.9852307e-05  -0.00013919877  3.2978996e-05  
-5.8997825e-06  0.0000000   -0.00039996405  0.00027670679  -0.00042599724  -1.5875351e-07  -1.2319847e-07  -0.00015942598  8.0876064e-08  -1.4383076e-07  
3.5371576e-06  0.00039996405  0.0000000   -0.00098245146  -3.3761919e-08  -0.00042567236  -2.2273510e-07  -1.5025187e-07  -0.00015929409  2.6141140e-07  
4.3378677e-05  -0.00027670679  0.00098245146  0.0000000   -2.0560143e-07  7.7710947e-08  -0.00042555475  2.0256558e-08  -3.1458414e-07  -0.00015926039  
-1.6690710e-05  0.00042599724  3.3761919e-08  2.0560143e-07  0.0000000   -0.00039972650  0.00027653245  0.00089145029  1.7867643e-07  3.5465734e-07  
1.0274142e-05  1.5875351e-07  0.00042567236  -7.7710947e-08  0.00039972650  0.0000000   -0.00098186957  2.0800478e-07  0.00089077704  1.4038946e-07  
0.00013164687  1.2319847e-07  2.2273510e-07  0.00042555475  -0.00027653245  0.00098186957  0.0000000   3.3913972e-07  2.0509245e-07  0.00089052726  
6.9852307e-05  0.00015942598  1.5025187e-07  -2.0256558e-08  -0.00089145029  -2.0800478e-07  -3.3913972e-07  0.0000000   -0.00039986768  0.00027664744  
0.00013919877  -8.0876064e-08  0.00015929409  3.1458414e-07  -1.7867643e-07  -0.00089077704  -2.0509245e-07  0.00039986768  0.0000000   -0.00098224358  
-3.2978996e-05  1.4383076e-07  -2.6141140e-07  0.00015926039  -3.5465734e-07  -1.4038946e-07  -0.00089052726  -0.00027664744  0.00098224358  0.0000000   
