0.0000000   -7.6224380e-05  -1.6297683e-05  -8.5935269e-05  -3.2528230e-05  -2.8257265e-05  6.8833177e-05  0.00011288068  0.00011284069  3.2842497e-05  
7.6224380e-05  0.0000000   3.8157115e-05  7.9697180e-05  -2.8452719e-05  -7.0786182e-08  -5.1328368e-08  0.00018280508  -8.1583046e-08  4.3651835e-08  
1.6297683e-05  -3.8157115e-05  0.0000000   0.0040991236  1.3497077e-08  -2.8019065e-05  -2.5709532e-06  -2.2954274e-08  0.00018018107  -4.4359891e-07  
8.5935269e-05  -7.9697180e-05  -0.0040991236  0.0000000   8.1567655e-09  2.5391931e-06  -2.8008900e-05  -5.3481065e-09  4.4302189e-07  0.00018016290  
3.2528230e-05  2.8452719e-05  -1.3497077e-08  -8.1567655e-09  0.0000000   3.7751791e-05  7.8914011e-05  0.0033491480  -1.4570971e-06  9.3730582e-08  
2.8257265e-05  7.0786182e-08  2.8019065e-05  -2.5391931e-06  -3.7751791e-05  0.0000000   0.0040599040  -1.4751106e-06  0.0033003142  -7.5344513e-08  
-6.8833177e-05  5.1328368e-08  2.5709532e-06  2.8008900e-05  -7.8914011e-05  -0.0040599040  0.0000000   9.0526288e-08  1.4311932e-07  0.0033000315  
-0.00011288068  -0.00018280508  2.2954274e-08  5.3481065e-09  -0.0033491480  1.4751106e-06  -9.0526288e-08  0.0000000   3.7772320e-05  7.8885235e-05  
-0.00011284069  8.1583046e-08  -0.00018018107  -4.4302189e-07  1.4570971e-06  -0.0033003142  -1.4311932e-07  -3.7772320e-05  0.0000000   0.0040598943  
-3.2842497e-05  -4.3651835e-08  4.4359891e-07  -0.00018016290  -9.3730582e-08  7.5344513e-08  -0.0033000315  -7.8885235e-05  -0.0040598943  0.0000000   
