0.0000000   -7.8480281e-07  -4.4053258e-05  -8.3350081e-05  4.3415774e-05  -9.9257257e-05  -9.6832837e-05  -4.2537778e-05  -0.00010907366  7.6866653e-06  
7.8480281e-07  0.0000000   -0.00029504618  0.00013557197  0.00042383692  -0.00012023309  -0.00010449676  0.00037341138  9.5815769e-05  3.9745858e-05  
4.4053258e-05  0.00029504618  0.0000000   -0.00055682749  -0.0022392916  -6.1167672e-08  -0.00074692704  -0.013398275  1.5866452e-05  -4.4728698e-05  
8.3350081e-05  -0.00013557197  0.00055682749  0.0000000   -0.00069555622  1.3743475e-06  0.00064963714  0.0039728092  2.4828674e-05  -0.00010071375  
-4.3415774e-05  -0.00042383692  0.0022392916  0.00069555622  0.0000000   -1.4850154e-06  -0.00020924150  -0.019581332  -0.00010531075  -1.9557215e-05  
9.9257257e-05  0.00012023309  6.1167672e-08  -1.3743475e-06  1.4850154e-06  0.0000000   -0.00017307265  -1.7645603e-05  0.00065363572  0.00010238082  
9.6832837e-05  0.00010449676  0.00074692704  -0.00064963714  0.00020924150  0.00017307265  0.0000000   -2.9700096e-05  0.00034043568  0.00027554198  
4.2537778e-05  -0.00037341138  0.013398275  -0.0039728092  0.019581332  1.7645603e-05  2.9700096e-05  0.0000000   -6.3323752e-06  -2.2622594e-06  
0.00010907366  -9.5815769e-05  -1.5866452e-05  -2.4828674e-05  0.00010531075  -0.00065363572  -0.00034043568  6.3323752e-06  0.0000000   0.00081064767  
-7.6866653e-06  -3.9745858e-05  4.4728698e-05  0.00010071375  1.9557215e-05  -0.00010238082  -0.00027554198  2.2622594e-06  -0.00081064767  0.0000000   
