0.0000000   -5.6001909e-05  -0.00014907097  -0.00019299436  9.1882516e-05  7.6778628e-07  -9.3260025e-05  -3.8900223e-05  -0.00010913459  -1.6322457e-05  
5.6001909e-05  0.0000000   -0.00018978406  -0.00010299232  -8.5313179e-05  0.00023551604  0.0024833101  5.6544808e-05  0.0028250911  0.00043527821  
0.00014907097  0.00018978406  0.0000000   -0.00015234265  -0.0038216105  -9.6017040e-05  -0.00067277210  -0.0049463078  0.0010979609  -0.00059702441  
0.00019299436  0.00010299232  0.00015234265  0.0000000   0.0019593937  0.00011651848  0.00098233395  0.0051109380  -0.00040380069  0.00059909908  
-9.1882516e-05  8.5313179e-05  0.0038216105  -0.0019593937  0.0000000   7.0083186e-05  -8.7042899e-05  3.7043496e-05  0.00077206721  -2.1737347e-05  
-7.6778628e-07  -0.00023551604  9.6017040e-05  -0.00011651848  -7.0083186e-05  0.0000000   0.0011793612  2.7810894e-05  -0.00081934420  -0.0013716554  
9.3260025e-05  -0.0024833101  0.00067277210  -0.00098233395  8.7042899e-05  -0.0011793612  0.0000000   0.00096213723  0.00013968704  -0.00020189489  
3.8900223e-05  -5.6544808e-05  0.0049463078  -0.0051109380  -3.7043496e-05  -2.7810894e-05  -0.00096213723  0.0000000   0.00037422638  -0.00024419929  
0.00010913459  -0.0028250911  -0.0010979609  0.00040380069  -0.00077206721  0.00081934420  -0.00013968704  -0.00037422638  0.0000000   0.00029182012  
1.6322457e-05  -0.00043527821  0.00059702441  -0.00059909908  2.1737347e-05  0.0013716554  0.00020189489  0.00024419929  -0.00029182012  0.0000000   
