0.0000000   -2.7967190e-05  -7.0979522e-05  3.7249901e-05  -7.0085131e-05  6.3330046e-05  0.00019338073  -7.3379716e-05  0.00020585122  -5.7704804e-05  
2.7967190e-05  0.0000000   0.00014547024  7.1078415e-05  -0.00015966905  6.7109370e-09  2.4236866e-09  0.00011829799  -1.9277868e-08  -4.1677515e-09  
7.0979522e-05  -0.00014547024  0.0000000   0.00023339480  5.9235721e-08  -0.00015964703  -3.8972578e-08  -1.6533936e-08  0.00011826648  5.1483072e-09  
-3.7249901e-05  -7.1078415e-05  -0.00023339480  0.0000000   9.7407596e-09  4.1180369e-08  -0.00015965251  -4.4086010e-09  1.5489490e-08  0.00011828656  
7.0085131e-05  0.00015966905  -5.9235721e-08  -9.7407596e-09  0.0000000   0.00014545819  7.1088684e-05  0.00058942351  -8.9754113e-08  -1.5111077e-08  
-6.3330046e-05  -6.7109370e-09  0.00015964703  -4.1180369e-08  -0.00014545819  0.0000000   0.00023334883  -9.9674862e-08  0.00058929422  6.5275316e-12  
-0.00019338073  -2.4236866e-09  3.8972578e-08  0.00015965251  -7.1088684e-05  -0.00023334883  0.0000000   -1.9237273e-08  1.0853126e-08  0.00058936784  
7.3379716e-05  -0.00011829799  1.6533936e-08  4.4086010e-09  -0.00058942351  9.9674862e-08  1.9237273e-08  0.0000000   0.00014544635  7.1076855e-05  
-0.00020585122  1.9277868e-08  -0.00011826648  -1.5489490e-08  8.9754113e-08  -0.00058929422  -1.0853126e-08  -0.00014544635  0.0000000   0.00023333788  
5.7704804e-05  4.1677515e-09  -5.1483072e-09  -0.00011828656  1.5111077e-08  -6.5275316e-12  -0.00058936784  -7.1076855e-05  -0.00023333788  0.0000000   
