0.0000000   3.7140662e-05  4.2112813e-05  -2.5197654e-05  2.6938342e-05  -2.9557829e-05  -1.6154278e-06  3.6430100e-05  -8.6174114e-06  2.2596330e-05  
-3.7140662e-05  0.0000000   0.00054948799  0.00026050515  -0.00051700817  -1.4804713e-06  2.5471351e-06  -0.00024989307  -1.9178582e-07  1.4800740e-06  
-4.2112813e-05  -0.00054948799  0.0000000   -0.010407350  -1.0231285e-06  -0.00046654139  4.4735735e-06  -1.0298202e-06  -0.00022551491  -7.9597105e-06  
2.5197654e-05  -0.00026050515  0.010407350  0.0000000   2.7696465e-06  -4.3634049e-06  -0.00046660291  1.0731179e-06  8.0083579e-06  -0.00022554018  
-2.6938342e-05  0.00051700817  1.0231285e-06  -2.7696465e-06  0.0000000   0.00054802521  0.00025979287  -0.0018161886  -4.4589138e-06  9.3330414e-06  
2.9557829e-05  1.4804713e-06  0.00046654139  4.3634049e-06  -0.00054802521  0.0000000   -0.010379866  -4.3061001e-06  -0.0016389355  1.5593165e-06  
1.6154278e-06  -2.5471351e-06  -4.4735735e-06  0.00046660291  -0.00025979287  0.010379866  0.0000000   9.4133632e-06  -1.1784066e-06  -0.0016391611  
-3.6430100e-05  0.00024989307  1.0298202e-06  -1.0731179e-06  0.0018161886  4.3061001e-06  -9.4133632e-06  0.0000000   0.00054804773  0.00025980469  
8.6174114e-06  1.9178582e-07  0.00022551491  -8.0083579e-06  4.4589138e-06  0.0016389355  1.1784066e-06  -0.00054804773  0.0000000   -0.010380400  
-2.2596330e-05  -1.4800740e-06  7.9597105e-06  0.00022554018  -9.3330414e-06  -1.5593165e-06  0.0016391611  -0.00025980469  0.010380400  0.0000000   
