0.0000000   1.1693583e-05  -2.7548704e-07  2.0371197e-05  8.1919304e-07  2.0580928e-05  -0.00011931431  -3.1388505e-06  -2.0762463e-06  2.2350419e-05  
-1.1693583e-05  0.0000000   2.0099102e-05  5.6523892e-05  -3.2235896e-05  -3.0123042e-05  -0.00058930024  -4.3050984e-05  0.00029065614  -0.00010721015  
2.7548704e-07  -2.0099102e-05  0.0000000   0.0013921510  0.00057871879  4.7799060e-05  0.00032931906  0.0034580206  -0.00024290549  6.5122490e-05  
-2.0371197e-05  -5.6523892e-05  -0.0013921510  0.0000000   0.00056026353  -0.00031295645  7.8608265e-05  -0.00024323771  -8.3865778e-05  -0.00034951131  
-8.1919304e-07  3.2235896e-05  -0.00057871879  -0.00056026353  0.0000000   -0.00011130784  -0.00013326958  -0.0014876300  0.00015408951  2.6579286e-05  
-2.0580928e-05  3.0123042e-05  -4.7799060e-05  0.00031295645  0.00011130784  0.0000000   -0.0020365672  0.00024217097  0.0016955160  -0.00025754497  
0.00011931431  0.00058930024  -0.00032931906  -7.8608265e-05  0.00013326958  0.0020365672  0.0000000   -9.2669243e-05  0.00014898880  0.0015735297  
3.1388505e-06  4.3050984e-05  -0.0034580206  0.00024323771  0.0014876300  -0.00024217097  9.2669243e-05  0.0000000   1.3416850e-05  0.00022406477  
2.0762463e-06  -0.00029065614  0.00024290549  8.3865778e-05  -0.00015408951  -0.0016955160  -0.00014898880  -1.3416850e-05  0.0000000   0.0019268225  
-2.2350419e-05  0.00010721015  -6.5122490e-05  0.00034951131  -2.6579286e-05  0.00025754497  -0.0015735297  -0.00022406477  -0.0019268225  0.0000000   
