0.0000000   -6.4493511e-06  -8.3373660e-06  -1.7084050e-05  -1.4175164e-05  -5.9568992e-06  0.00013612137  9.6264540e-06  0.00014974058  -1.1387476e-05  
6.4493511e-06  0.0000000   -8.2037735e-05  -0.00015071048  -6.1851836e-05  6.3028312e-08  1.1027127e-08  0.00013443296  -8.5279981e-08  5.9857227e-08  
8.3373660e-06  8.2037735e-05  0.0000000   -0.0050029325  3.1087512e-08  -6.0501742e-05  9.4042444e-07  -1.0868853e-07  0.00013148380  5.5106081e-07  
1.7084050e-05  0.00015071048  0.0050029325  0.0000000   -5.2564833e-08  -9.5164676e-07  -6.0492502e-05  2.9791602e-08  -5.5002039e-07  0.00013150205  
1.4175164e-05  6.1851836e-05  -3.1087512e-08  5.2564833e-08  0.0000000   -8.1866807e-05  -0.00015041764  0.0015515381  -1.1311107e-06  5.3758059e-07  
5.9568992e-06  -6.3028312e-08  6.0501742e-05  9.5164676e-07  8.1866807e-05  0.0000000   -0.0049928885  -1.1309731e-06  0.0015178510  3.1655933e-07  
-0.00013612137  -1.1027127e-08  -9.4042444e-07  6.0492502e-05  0.00015041764  0.0049928885  0.0000000   5.2226106e-07  -4.5545800e-07  0.0015178668  
-9.6264540e-06  -0.00013443296  1.0868853e-07  -2.9791602e-08  -0.0015515381  1.1309731e-06  -5.2226106e-07  0.0000000   -8.1875017e-05  -0.00015040449  
-0.00014974058  8.5279981e-08  -0.00013148380  5.5002039e-07  1.1311107e-06  -0.0015178510  4.5545800e-07  8.1875017e-05  0.0000000   -0.0049928497  
1.1387476e-05  -5.9857227e-08  -5.5106081e-07  -0.00013150205  -5.3758059e-07  -3.1655933e-07  -0.0015178668  0.00015040449  0.0049928497  0.0000000   
