0.0000000   4.7997377e-05  -1.4799100e-05  -0.00022288068  -2.6868809e-05  -0.00011863987  5.8139488e-05  0.00039313824  -1.8227449e-05  9.4929885e-06  
-4.7997377e-05  0.0000000   0.00047458910  0.00026828312  0.00066071397  0.00024141426  -0.00016797384  0.00060836895  6.0470028e-05  -0.00027768837  
1.4799100e-05  -0.00047458910  0.0000000   -0.0014125995  0.0010664928  0.0012359643  0.0010941779  -0.0010657989  -0.0020575412  -0.0012678931  
0.00022288068  -0.00026828312  0.0014125995  0.0000000   -0.0012520058  0.00049623978  0.0010874991  -6.0858815e-05  -0.0015714931  -0.00057789842  
2.6868809e-05  -0.00066071397  -0.0010664928  0.0012520058  0.0000000   -0.0010866035  -0.0017083850  0.00038668891  0.0028678161  0.0011097750  
0.00011863987  -0.00024141426  -0.0012359643  -0.00049623978  0.0010866035  0.0000000   -0.00061837802  -0.0014063390  -8.4053743e-06  -0.0010129054  
-5.8139488e-05  0.00016797384  -0.0010941779  -0.0010874991  0.0017083850  0.00061837802  0.0000000   6.4536829e-05  -0.00068077923  0.00028995987  
-0.00039313824  -0.00060836895  0.0010657989  6.0858815e-05  -0.00038668891  0.0014063390  -6.4536829e-05  0.0000000   -0.00065738154  -0.0011773453  
1.8227449e-05  -6.0470028e-05  0.0020575412  0.0015714931  -0.0028678161  8.4053743e-06  0.00068077923  0.00065738154  0.0000000   -0.00046523247  
-9.4929885e-06  0.00027768837  0.0012678931  0.00057789842  -0.0011097750  0.0010129054  -0.00028995987  0.0011773453  0.00046523247  0.0000000   
