0.0000000   2.5471925e-05  -0.00022489580  0.00035179721  0.00040553035  -1.5463157e-05  -9.4177158e-05  0.00015839600  -0.00010639691  4.3853207e-05  
-2.5471925e-05  0.0000000   0.00061022348  8.9167161e-05  0.00059878811  -1.1956453e-07  -1.6612870e-06  -0.00045886345  -6.3135668e-07  1.1517005e-06  
0.00022489580  -0.00061022348  0.0000000   -0.0050470490  1.3615900e-06  0.00058527908  3.0498042e-06  3.6287655e-07  -0.00044864670  3.8288029e-06  
-0.00035179721  -8.9167161e-05  0.0050470490  0.0000000   -1.2134893e-06  -3.2365107e-06  0.00058546925  1.6495077e-06  -3.7281935e-06  -0.00044888872  
-0.00040553035  -0.00059878811  -1.3615900e-06  1.2134893e-06  0.0000000   0.00060930865  8.8913204e-05  -0.0015414726  -7.2264772e-07  3.9884370e-06  
1.5463157e-05  1.1956453e-07  -0.00058527908  3.2365107e-06  -0.00060930865  0.0000000   -0.0050385282  -9.0838068e-07  -0.0015071137  -9.5075816e-07  
9.4177158e-05  1.6612870e-06  -3.0498042e-06  -0.00058546925  -8.8913204e-05  0.0050385282  0.0000000   4.1081419e-06  1.6026050e-06  -0.0015078065  
-0.00015839600  0.00045886345  -3.6287655e-07  -1.6495077e-06  0.0015414726  9.0838068e-07  -4.1081419e-06  0.0000000   0.00060933728  8.9003762e-05  
0.00010639691  6.3135668e-07  0.00044864670  3.7281935e-06  7.2264772e-07  0.0015071137  -1.6026050e-06  -0.00060933728  0.0000000   -0.0050403957  
-4.3853207e-05  -1.1517005e-06  -3.8288029e-06  0.00044888872  -3.9884370e-06  9.5075816e-07  0.0015078065  -8.9003762e-05  0.0050403957  0.0000000   
