0.0000000   -2.8211461e-05  0.00012406916  -2.6926017e-05  -4.3494480e-05  2.5031775e-05  -6.7175159e-05  -0.00016731583  -3.0812567e-05  1.7939559e-05  
2.8211461e-05  0.0000000   -0.00011552560  0.00033800028  1.1727415e-05  0.00021072388  -1.3490746e-05  -0.00021539579  2.6562246e-05  1.9010573e-05  
-0.00012406916  0.00011552560  0.0000000   -0.0016481070  0.00013923722  -5.6002515e-05  5.4870336e-05  0.00084419007  0.00023497090  -5.5646732e-06  
2.6926017e-05  -0.00033800028  0.0016481070  0.0000000   0.00028878361  1.8500725e-05  0.00019025087  -0.00013426491  2.9739667e-05  -0.00025808562  
4.3494480e-05  -1.1727415e-05  -0.00013923722  -0.00028878361  0.0000000   -3.6994999e-05  0.0012151866  0.00088648746  -0.00089119564  9.5870224e-06  
-2.5031775e-05  -0.00021072388  5.6002515e-05  -1.8500725e-05  3.6994999e-05  0.0000000   0.00015627992  0.00088197600  -0.00014179683  -0.00035928087  
6.7175159e-05  1.3490746e-05  -5.4870336e-05  -0.00019025087  -0.0012151866  -0.00015627992  0.0000000   0.00039079898  0.00034035127  -0.00031202246  
0.00016731583  0.00021539579  -0.00084419007  0.00013426491  -0.00088648746  -0.00088197600  -0.00039079898  0.0000000   7.1691710e-05  7.1851949e-06  
3.0812567e-05  -2.6562246e-05  -0.00023497090  -2.9739667e-05  0.00089119564  0.00014179683  -0.00034035127  -7.1691710e-05  0.0000000   0.0011082758  
-1.7939559e-05  -1.9010573e-05  5.5646732e-06  0.00025808562  -9.5870224e-06  0.00035928087  0.00031202246  -7.1851949e-06  -0.0011082758  0.0000000   
