0.0000000   -2.2023301e-05  0.00012712233  -0.00010011383  0.00013171077  0.00013477027  6.8047264e-05  1.4492586e-05  -9.8364054e-05  -2.0639971e-05  
2.2023301e-05  0.0000000   -0.00088662790  -0.00023066205  0.00083027398  -0.00026490701  8.2748831e-06  -1.0002992e-06  5.3173612e-06  5.0964719e-06  
-0.00012712233  0.00088662790  0.0000000   -0.0026535308  -0.00043655534  -9.6044170e-06  -1.0922506e-05  0.00081854091  0.00026236166  -1.6687271e-05  
0.00010011383  0.00023066205  0.0026535308  0.0000000   -0.00038262241  -1.0412429e-05  0.00088782419  0.00019973222  1.7711623e-05  0.00025107434  
-0.00013171077  -0.00083027398  0.00043655534  0.00038262241  0.0000000   0.0012233074  -0.00022565129  -0.00086586352  -9.7065684e-07  -1.7153436e-06  
-0.00013477027  0.00026490701  9.6044170e-06  1.0412429e-05  -0.0012233074  0.0000000   2.4318598e-05  5.1234823e-06  0.00091435267  0.00025379923  
-6.8047264e-05  -8.2748831e-06  1.0922506e-05  -0.00088782419  0.00022565129  -2.4318598e-05  0.0000000   0.0024452657  -3.1091666e-05  -0.0011746438  
-1.4492586e-05  1.0002992e-06  -0.00081854091  -0.00019973222  0.00086586352  -5.1234823e-06  -0.0024452657  0.0000000   -0.0013202439  2.2097302e-05  
9.8364054e-05  -5.3173612e-06  -0.00026236166  -1.7711623e-05  9.7065684e-07  -0.00091435267  3.1091666e-05  0.0013202439  0.0000000   -0.0021663278  
2.0639971e-05  -5.0964719e-06  1.6687271e-05  -0.00025107434  1.7153436e-06  -0.00025379923  0.0011746438  -2.2097302e-05  0.0021663278  0.0000000   
