0.0000000   1.3673945e-06  5.4000510e-07  1.4904395e-06  -4.0891064e-05  -5.7483275e-06  -0.00011180013  -2.0108030e-05  -0.00010263075  -3.2643464e-05  
-1.3673945e-06  0.0000000   -1.4086045e-05  0.00020886399  2.4298059e-06  -5.1343575e-08  7.6001483e-07  -6.9527646e-07  -2.7911134e-08  4.5514525e-07  
-5.4000510e-07  1.4086045e-05  0.0000000   0.0016052001  -2.9432610e-08  2.4125395e-06  5.6023232e-06  -8.4930577e-09  -8.9504054e-07  3.4283642e-06  
-1.4904395e-06  -0.00020886399  -0.0016052001  0.0000000   -8.0066782e-07  -5.8268253e-06  2.3050499e-06  -4.7554513e-07  -3.6005838e-06  -7.2880361e-07  
4.0891064e-05  -2.4298059e-06  2.9432610e-08  8.0066782e-07  0.0000000   1.4076517e-05  -0.00020881845  0.00052824605  -1.2035562e-07  -4.7498803e-09  
5.7483275e-06  5.1343575e-08  -2.4125395e-06  5.8268253e-06  -1.4076517e-05  0.0000000   -0.0016048244  -1.1398719e-07  0.00052714505  -2.9797362e-10  
0.00011180013  -7.6001483e-07  -5.6023232e-06  -2.3050499e-06  0.00020881845  0.0016048244  0.0000000   -1.0618125e-08  1.0243664e-08  0.00052703774  
2.0108030e-05  6.9527646e-07  8.4930577e-09  4.7554513e-07  -0.00052824605  1.1398719e-07  1.0618125e-08  0.0000000   1.4087142e-05  -0.00020883769  
0.00010263075  2.7911134e-08  8.9504054e-07  3.6005838e-06  1.2035562e-07  -0.00052714505  -1.0243664e-08  -1.4087142e-05  0.0000000   -0.0016050007  
3.2643464e-05  -4.5514525e-07  -3.4283642e-06  7.2880361e-07  4.7498803e-09  2.9797362e-10  -0.00052703774  0.00020883769  0.0016050007  0.0000000   
