0.0000000   -2.7788018e-05  -9.4613093e-05  0.00013534789  -0.00018472105  3.4845460e-05  5.6315987e-05  -7.4538747e-05  5.6138111e-05  -2.9613146e-05  
2.7788018e-05  0.0000000   0.00068142877  0.00026161095  -0.00058223957  -1.0533255e-06  1.9458685e-06  0.00044177640  1.9925621e-07  -1.7162827e-06  
9.4613093e-05  -0.00068142877  0.0000000   -0.0060076253  -6.1041870e-07  -0.00056381772  2.6407514e-06  8.8521300e-07  0.00042783525  3.1727299e-06  
-0.00013534789  -0.00026161095  0.0060076253  0.0000000   2.0680441e-06  -2.4539754e-06  -0.00056406356  -1.4481476e-06  -3.2768152e-06  0.00042804510  
0.00018472105  0.00058223957  6.1041870e-07  -2.0680441e-06  0.0000000   0.00068101341  0.00026140711  0.00099851406  1.4414198e-06  -3.5291083e-06  
-3.4845460e-05  1.0533255e-06  0.00056381772  2.4539754e-06  -0.00068101341  0.0000000   -0.0060041855  1.1410251e-06  0.00096700048  -1.6308704e-06  
-5.6315987e-05  -1.9458685e-06  -2.6407514e-06  0.00056406356  -0.00026140711  0.0060041855  0.0000000   -3.5837822e-06  1.3683556e-06  0.00096748022  
7.4538747e-05  -0.00044177640  -8.8521300e-07  1.4481476e-06  -0.00099851406  -1.1410251e-06  3.5837822e-06  0.0000000   0.00068101914  0.00026144792  
-5.6138111e-05  -1.9925621e-07  -0.00042783525  3.2768152e-06  -1.4414198e-06  -0.00096700048  -1.3683556e-06  -0.00068101914  0.0000000   -0.0060045903  
2.9613146e-05  1.7162827e-06  -3.1727299e-06  -0.00042804510  3.5291083e-06  1.6308704e-06  -0.00096748022  -0.00026144792  0.0060045903  0.0000000   
