0.0000000   -2.9525702e-05  0.00014725009  -0.00013601696  0.00021545949  -2.9906302e-05  -5.7368861e-06  -6.8912928e-06  -1.6444050e-05  4.3904791e-06  
2.9525702e-05  0.0000000   -1.2921833e-05  -1.3010194e-05  -3.2441306e-05  3.0463163e-09  5.1716573e-10  -1.2213404e-05  1.8417438e-09  -8.8300654e-13  
-0.00014725009  1.2921833e-05  0.0000000   -0.0022539610  -3.3687936e-08  -3.2271962e-05  3.3371713e-08  -1.0237867e-07  -1.2172142e-05  2.3697138e-07  
0.00013601696  1.3010194e-05  0.0022539610  0.0000000   -5.2630390e-08  -3.8265886e-08  -3.2271871e-05  9.3930998e-08  -2.3930502e-07  -1.2183993e-05  
-0.00021545949  3.2441306e-05  3.3687936e-08  5.2630390e-08  0.0000000   -1.2779936e-05  -1.2917952e-05  0.0031699552  -1.2591132e-07  2.4405043e-07  
2.9906302e-05  -3.0463163e-09  3.2271962e-05  3.8265886e-08  1.2779936e-05  0.0000000   -0.0022342077  -1.1716324e-07  0.0031566459  -2.0554146e-07  
5.7368861e-06  -5.1716573e-10  -3.3371713e-08  3.2271871e-05  1.2917952e-05  0.0022342077  0.0000000   2.4685682e-07  -2.6374252e-07  0.0031566434  
6.8912928e-06  1.2213404e-05  1.0237867e-07  -9.3930998e-08  -0.0031699552  1.1716324e-07  -2.4685682e-07  0.0000000   -1.2801853e-05  -1.2898556e-05  
1.6444050e-05  -1.8417438e-09  1.2172142e-05  2.3930502e-07  1.2591132e-07  -0.0031566459  2.6374252e-07  1.2801853e-05  0.0000000   -0.0022342045  
-4.3904791e-06  8.8300654e-13  -2.3697138e-07  1.2183993e-05  -2.4405043e-07  2.0554146e-07  -0.0031566434  1.2898556e-05  0.0022342045  0.0000000   
