0.0000000   2.4099826e-05  2.0289290e-05  3.3369272e-05  7.7633406e-05  -1.7369208e-05  -4.5890580e-05  -2.7559913e-05  -7.3817688e-05  7.3281641e-05  
-2.4099826e-05  0.0000000   0.00024362542  0.00014533862  2.0109444e-05  -0.00036722980  -0.00012097673  -0.00014029256  -0.00049281723  0.00039084820  
-2.0289290e-05  -0.00024362542  0.0000000   -0.00081743009  -0.0027585692  0.0011299376  0.00022453410  -0.00020433341  0.0012655076  -0.00031915553  
-3.3369272e-05  -0.00014533862  0.00081743009  0.0000000   -0.00060834705  -0.0017759537  -0.00084727089  -7.8961734e-05  -0.0026329764  -2.3359853e-06  
-7.7633406e-05  -2.0109444e-05  0.0027585692  0.00060834705  0.0000000   -0.0026621040  -0.0045403259  0.00013422877  -0.010198098  -0.0013785353  
1.7369208e-05  0.00036722980  -0.0011299376  0.0017759537  0.0026621040  0.0000000   0.020708051  -0.0067981293  -0.0028541163  0.0047958467  
4.5890580e-05  0.00012097673  -0.00022453410  0.00084727089  0.0045403259  -0.020708051  0.0000000   0.0056698803  0.0034141615  0.0012519749  
2.7559913e-05  0.00014029256  0.00020433341  7.8961734e-05  -0.00013422877  0.0067981293  -0.0056698803  0.0000000   0.0014194711  -0.0023755816  
7.3817688e-05  0.00049281723  -0.0012655076  0.0026329764  0.010198098  0.0028541163  -0.0034141615  -0.0014194711  0.0000000   0.0034274424  
-7.3281641e-05  -0.00039084820  0.00031915553  2.3359853e-06  0.0013785353  -0.0047958467  -0.0012519749  0.0023755816  -0.0034274424  0.0000000   
