0.0000000   -3.4711508e-05  -3.7967234e-06  1.0483486e-06  8.4020893e-06  -2.2865303e-06  9.9725223e-05  4.8168317e-05  -8.9204302e-05  9.8518476e-08  
3.4711508e-05  0.0000000   1.0629589e-05  1.7649083e-06  -9.5302127e-06  0.00062623784  5.5053622e-05  4.2049778e-05  -5.8813515e-05  0.0024116863  
3.7967234e-06  -1.0629589e-05  0.0000000   0.00050605486  4.4716116e-05  2.8119416e-05  -0.00025547769  -7.3472469e-06  0.0011228633  -0.00036786408  
-1.0483486e-06  -1.7649083e-06  -0.00050605486  0.0000000   0.00095899860  0.00053079100  0.00024587474  -4.3752659e-05  -0.00039102004  0.00026604231  
-8.4020893e-06  9.5302127e-06  -4.4716116e-05  -0.00095899860  0.0000000   -2.0753320e-05  -0.0014721839  -2.0855362e-05  0.00056859205  -0.00033185963  
2.2865303e-06  -0.00062623784  -2.8119416e-05  -0.00053079100  2.0753320e-05  0.0000000   0.00066634944  -0.00098088005  -0.00031725518  -0.017782441  
-9.9725223e-05  -5.5053622e-05  0.00025547769  -0.00024587474  0.0014721839  -0.00066634944  0.0000000   -0.00056680492  -0.023951583  0.00011415555  
-4.8168317e-05  -4.2049778e-05  7.3472469e-06  4.3752659e-05  2.0855362e-05  0.00098088005  0.00056680492  0.0000000   -0.00039951590  0.00013722786  
8.9204302e-05  5.8813515e-05  -0.0011228633  0.00039102004  -0.00056859205  0.00031725518  0.023951583  0.00039951590  0.0000000   0.00092221290  
-9.8518476e-08  -0.0024116863  0.00036786408  -0.00026604231  0.00033185963  0.017782441  -0.00011415555  -0.00013722786  -0.00092221290  0.0000000   
