0.0000000   3.8886595e-06  2.3596493e-06  2.1729845e-06  -8.2357974e-07  3.2918378e-07  -1.5039355e-05  -3.2888704e-06  -7.6879748e-07  6.5929316e-06  
-3.8886595e-06  0.0000000   0.00041280882  -0.00010215966  0.00022882388  -0.00014972569  -6.8735026e-06  -0.0014134977  -2.9558626e-06  0.0027072170  
-2.3596493e-06  -0.00041280882  0.0000000   0.0027388578  -0.0074896248  0.0044362032  0.00013480721  -7.8308173e-05  0.00014976502  0.00018068394  
-2.1729845e-06  0.00010215966  -0.0027388578  0.0000000   -5.0106062e-05  -0.00010216991  9.4634495e-05  0.00033275983  0.00015601661  0.00046710195  
8.2357974e-07  -0.00022882388  0.0074896248  5.0106062e-05  0.0000000   -4.7768694e-05  -0.00014406803  -0.00010393838  0.0011900014  0.00094095778  
-3.2918378e-07  0.00014972569  -0.0044362032  0.00010216991  4.7768694e-05  0.0000000   0.00023386406  -0.00014352800  0.00024342661  0.00013571599  
1.5039355e-05  6.8735026e-06  -0.00013480721  -9.4634495e-05  0.00014406803  -0.00023386406  0.0000000   -0.0020932174  0.018547385  0.014925909  
3.2888704e-06  0.0014134977  7.8308173e-05  -0.00033275983  0.00010393838  0.00014352800  0.0020932174  0.0000000   0.00048155994  0.00035048772  
7.6879748e-07  2.9558626e-06  -0.00014976502  -0.00015601661  -0.0011900014  -0.00024342661  -0.018547385  -0.00048155994  0.0000000   0.00029608819  
-6.5929316e-06  -0.0027072170  -0.00018068394  -0.00046710195  -0.00094095778  -0.00013571599  -0.014925909  -0.00035048772  -0.00029608819  0.0000000   
