0.0000000   2.2064312e-05  6.6479448e-05  5.6170957e-05  7.9730013e-05  -2.2644313e-05  5.5978302e-05  -2.3131528e-05  7.6219996e-05  3.6621666e-05  
-2.2064312e-05  0.0000000   0.00023306992  0.00014007617  -0.00032906842  -9.2356606e-08  1.4492437e-07  2.8219375e-05  -8.3726550e-08  -6.3152967e-08  
-6.6479448e-05  -0.00023306992  0.0000000   -0.0020783806  -6.5572381e-08  -0.00032780997  9.2570018e-08  8.8834003e-08  2.8116289e-05  7.9006875e-07  
-5.6170957e-05  -0.00014007617  0.0020783806  0.0000000   1.4694078e-07  -9.3443949e-08  -0.00032783045  4.0173924e-08  -7.8879803e-07  2.8116457e-05  
-7.9730013e-05  0.00032906842  6.5572381e-08  -1.4694078e-07  0.0000000   0.00023265984  0.00013982462  0.0014857127  3.8295825e-07  -6.7323800e-07  
2.2644313e-05  9.2356606e-08  0.00032780997  9.3443949e-08  -0.00023265984  0.0000000   -0.0020746739  3.7072189e-07  0.0014800480  -5.5158704e-08  
-5.5978302e-05  -1.4492437e-07  -9.2570018e-08  0.00032783045  -0.00013982462  0.0020746739  0.0000000   -6.9939228e-07  1.0297065e-07  0.0014801129  
2.3131528e-05  -2.8219375e-05  -8.8834003e-08  -4.0173924e-08  -0.0014857127  -3.7072189e-07  6.9939228e-07  0.0000000   0.00023267967  0.00013983266  
-7.6219996e-05  8.3726550e-08  -2.8116289e-05  7.8879803e-07  -3.8295825e-07  -0.0014800480  -1.0297065e-07  -0.00023267967  0.0000000   -0.0020748198  
-3.6621666e-05  6.3152967e-08  -7.9006875e-07  -2.8116457e-05  6.7323800e-07  5.5158704e-08  -0.0014801129  -0.00013983266  0.0020748198  0.0000000   
