0.0000000   2.5743684e-05  -4.0117464e-05  -9.1151078e-05  2.3382683e-05  0.00010297560  -7.6016052e-05  -2.4001707e-06  -4.9870211e-05  -1.8450164e-05  
-2.5743684e-05  0.0000000   0.00076834627  -0.00017196686  0.00052983703  -1.1600982e-06  -2.7005433e-06  0.00074942586  -0.00081466783  -0.0037226722  
4.0117464e-05  -0.00076834627  0.0000000   -3.9417794e-05  0.00071667562  0.00017545848  4.7761501e-06  0.010866839  0.00073596732  0.00026977026  
9.1151078e-05  0.00017196686  3.9417794e-05  0.0000000   -0.00012382403  0.00014363086  0.00087511590  -0.0016274707  -0.00010280216  0.00091177564  
-2.3382683e-05  -0.00052983703  -0.00071667562  0.00012382403  0.0000000   0.00016234363  7.6345149e-05  -0.015614987  0.00019513232  -0.00020359555  
-0.00010297560  1.1600982e-06  -0.00017545848  -0.00014363086  -0.00016234363  0.0000000   -0.00016722713  0.00012271270  0.00091613337  -0.016729029  
7.6016052e-05  2.7005433e-06  -4.7761501e-06  -0.00087511590  -7.6345149e-05  0.00016722713  0.0000000   -0.00012294577  0.023736053  -0.00077154828  
2.4001707e-06  -0.00074942586  -0.010866839  0.0016274707  0.015614987  -0.00012271270  0.00012294577  0.0000000   0.00021151540  -1.8515559e-06  
4.9870211e-05  0.00081466783  -0.00073596732  0.00010280216  -0.00019513232  -0.00091613337  -0.023736053  -0.00021151540  0.0000000   0.0010369834  
1.8450164e-05  0.0037226722  -0.00026977026  -0.00091177564  0.00020359555  0.016729029  0.00077154828  1.8515559e-06  -0.0010369834  0.0000000   
