0.0000000   7.6223181e-06  -0.00016897650  -0.00012216287  -1.5235053e-05  -9.9816776e-05  -2.2254018e-06  0.00017998007  4.7136880e-06  -3.5239329e-05  
-7.6223181e-06  0.0000000   0.00087188281  -2.5561502e-05  -0.00017058219  -0.0088738019  0.00019568430  0.00080989844  1.3116192e-05  -0.0037820507  
0.00016897650  -0.00087188281  0.0000000   0.0020374417  0.00076012301  0.00040485945  -5.4304722e-05  0.00037253909  2.1377312e-05  0.00021303720  
0.00012216287  2.5561502e-05  -0.0020374417  0.0000000   -0.00080044124  -0.00088105076  0.00052511340  -0.015179329  -0.00045824594  -3.2289675e-05  
1.5235053e-05  0.00017058219  -0.00076012301  0.00080044124  0.0000000   0.00033324159  0.0010394047  -0.0018418171  -0.0045732086  -0.00087951872  
9.9816776e-05  0.0088738019  -0.00040485945  0.00088105076  -0.00033324159  0.0000000   0.0030536245  -0.0026783296  0.00086804052  0.00024060343  
2.2254018e-06  -0.00019568430  5.4304722e-05  -0.00052511340  -0.0010394047  -0.0030536245  0.0000000   0.00034476726  -0.00065681055  0.0071186010  
-0.00017998007  -0.00080989844  -0.00037253909  0.015179329  0.0018418171  0.0026783296  -0.00034476726  0.0000000   0.00064315778  0.0013673926  
-4.7136880e-06  -1.3116192e-05  -2.1377312e-05  0.00045824594  0.0045732086  -0.00086804052  0.00065681055  -0.00064315778  0.0000000   0.0024241595  
3.5239329e-05  0.0037820507  -0.00021303720  3.2289675e-05  0.00087951872  -0.00024060343  -0.0071186010  -0.0013673926  -0.0024241595  0.0000000   
