0.0000000   -4.9834063e-05  0.00012615335  -4.8424316e-05  -0.00014385819  2.6877770e-05  7.9437997e-05  3.1419745e-06  0.00010723018  -2.2890780e-05  
4.9834063e-05  0.0000000   4.5118439e-06  -0.00022115694  2.3268567e-05  -3.7488325e-08  3.4320210e-07  0.00034069832  -3.7909027e-07  -4.5367314e-08  
-0.00012615335  -4.5118439e-06  0.0000000   -0.0062515729  9.3206701e-09  2.2466326e-05  9.8249238e-06  -2.9804652e-07  0.00032908048  -1.6792130e-06  
4.8424316e-05  0.00022115694  0.0062515729  0.0000000   -2.4421437e-07  -9.8585935e-06  2.2402585e-05  5.3292762e-08  1.6678700e-06  0.00032903929  
0.00014385819  -2.3268567e-05  -9.3206701e-09  2.4421437e-07  0.0000000   4.4183961e-06  -0.00021600248  0.0051824524  -5.7275625e-06  3.4310068e-07  
-2.6877770e-05  3.7488325e-08  -2.2466326e-05  9.8585935e-06  -4.4183961e-06  0.0000000   -0.0061067940  -5.7258998e-06  0.0050058522  -1.9552751e-07  
-7.9437997e-05  -3.4320210e-07  -9.8249238e-06  -2.2402585e-05  0.00021600248  0.0061067940  0.0000000   4.5623743e-07  5.8205745e-07  0.0050046632  
-3.1419745e-06  -0.00034069832  2.9804652e-07  -5.3292762e-08  -0.0051824524  5.7258998e-06  -4.5623743e-07  0.0000000   4.3563129e-06  -0.00021598170  
-0.00010723018  3.7909027e-07  -0.00032908048  -1.6678700e-06  5.7275625e-06  -0.0050058522  -5.8205745e-07  -4.3563129e-06  0.0000000   -0.0061066699  
2.2890780e-05  4.5367314e-08  1.6792130e-06  -0.00032903929  -3.4310068e-07  1.9552751e-07  -0.0050046632  0.00021598170  0.0061066699  0.0000000   
