0.0000000   -5.0600787e-06  -0.00028551994  -6.7439163e-05  8.6620117e-05  3.8580828e-06  1.6966767e-05  0.00011626769  1.0169333e-05  -9.3202155e-07  
5.0600787e-06  0.0000000   0.00024425061  7.1522028e-05  5.1573805e-05  0.00035456070  0.00026217537  -0.00022513146  7.9135493e-05  0.00033481534  
0.00028551994  -0.00024425061  0.0000000   8.4146266e-05  -0.00074024269  -0.00014274520  -6.0927320e-05  -0.00043737728  4.4815142e-06  3.6601339e-05  
6.7439163e-05  -7.1522028e-05  -8.4146266e-05  0.0000000   -0.00092191412  -0.00022722892  -6.4475746e-05  -0.00047045712  -2.3573600e-05  0.00036463804  
-8.6620117e-05  -5.1573805e-05  0.00074024269  0.00092191412  0.0000000   0.00016204404  -4.1116680e-05  -0.00055974878  2.8892888e-05  -0.00036907017  
-3.8580828e-06  -0.00035456070  0.00014274520  0.00022722892  -0.00016204404  0.0000000   -0.0027371391  0.00070410537  0.00070962177  -0.00046118854  
-1.6966767e-05  -0.00026217537  6.0927320e-05  6.4475746e-05  4.1116680e-05  0.0027371391  0.0000000   -4.0620365e-05  0.00028868723  0.0020594359  
-0.00011626769  0.00022513146  0.00043737728  0.00047045712  0.00055974878  -0.00070410537  4.0620365e-05  0.0000000   -6.8836714e-05  0.00042716538  
-1.0169333e-05  -7.9135493e-05  -4.4815142e-06  2.3573600e-05  -2.8892888e-05  -0.00070962177  -0.00028868723  6.8836714e-05  0.0000000   -0.0025018753  
9.3202155e-07  -0.00033481534  -3.6601339e-05  -0.00036463804  0.00036907017  0.00046118854  -0.0020594359  -0.00042716538  0.0025018753  0.0000000   
