0.0000000   -9.3524363e-07  9.5472018e-05  8.4193210e-05  -9.2090507e-05  2.0304084e-06  0.00015228838  0.00015865331  0.00017251206  -4.8636996e-06  
9.3524363e-07  0.0000000   0.00094776262  -0.00010923566  0.00087204258  5.0995269e-08  9.5092625e-07  -6.2490695e-05  -9.6043477e-07  4.2452452e-08  
-9.5472018e-05  -0.00094776262  0.0000000   0.0013842713  2.3393785e-07  0.00087058759  -3.1201921e-08  9.2624061e-07  -6.2420617e-05  -1.3981260e-06  
-8.4193210e-05  0.00010923566  -0.0013842713  0.0000000   9.0889001e-07  2.6443348e-07  0.00087125193  -1.7496244e-07  1.3700891e-06  -6.2434977e-05  
9.2090507e-05  -0.00087204258  -2.3393785e-07  -9.0889001e-07  0.0000000   0.00094629122  -0.00010903266  -0.0013752101  -1.3117764e-07  -1.4873004e-06  
-2.0304084e-06  -5.0995269e-08  -0.00087058759  -2.6443348e-07  -0.00094629122  0.0000000   0.0013821335  -2.7569320e-07  -0.0013729450  -1.2608846e-07  
-0.00015228838  -9.5092625e-07  3.1201921e-08  -0.00087125193  0.00010903266  -0.0013821335  0.0000000   -1.4668833e-06  -2.9636267e-07  -0.0013739938  
-0.00015865331  6.2490695e-05  -9.2624061e-07  1.7496244e-07  0.0013752101  2.7569320e-07  1.4668833e-06  0.0000000   0.00094681612  -0.00010912864  
-0.00017251206  9.6043477e-07  6.2420617e-05  -1.3700891e-06  1.3117764e-07  0.0013729450  2.9636267e-07  -0.00094681612  0.0000000   0.0013829383  
4.8636996e-06  -4.2452452e-08  1.3981260e-06  6.2434977e-05  1.4873004e-06  1.2608846e-07  0.0013739938  0.00010912864  -0.0013829383  0.0000000   
