0.0000000   1.6310436e-07  1.8836307e-05  6.4329568e-05  -7.2618967e-06  7.2808784e-05  -2.5610162e-05  1.0612795e-05  0.00015372304  6.0864692e-05  
-1.6310436e-07  0.0000000   0.00061893308  -0.00012528144  -0.00027041296  5.6542341e-06  -5.9360209e-05  -0.00051008522  1.5274531e-05  -3.3376284e-06  
-1.8836307e-05  -0.00061893308  0.0000000   -0.00024580136  -0.022818769  -0.00068936668  0.00083975462  0.0033795790  -0.0010828178  0.00011283595  
-6.4329568e-05  0.00012528144  0.00024580136  0.0000000   0.0052517860  -0.00064239445  0.0012184964  -0.00099155838  -0.0019766281  -0.00050906635  
7.2618967e-06  0.00027041296  0.022818769  -0.0052517860  0.0000000   -3.8959554e-05  -0.00040783482  -0.0037832196  -7.1076480e-05  -0.00021592352  
-7.2808784e-05  -5.6542341e-06  0.00068936668  0.00064239445  3.8959554e-05  0.0000000   0.0017580398  -0.00014590170  0.0011299399  0.00012138886  
2.5610162e-05  5.9360209e-05  -0.00083975462  -0.0012184964  0.00040783482  -0.0017580398  0.0000000   -3.8140756e-05  -0.00032712248  0.0035948254  
-1.0612795e-05  0.00051008522  -0.0033795790  0.00099155838  0.0037832196  0.00014590170  3.8140756e-05  0.0000000   0.00011530851  -0.00011126604  
-0.00015372304  -1.5274531e-05  0.0010828178  0.0019766281  7.1076480e-05  -0.0011299399  0.00032712248  -0.00011530851  0.0000000   0.0036051037  
-6.0864692e-05  3.3376284e-06  -0.00011283595  0.00050906635  0.00021592352  -0.00012138886  -0.0035948254  0.00011126604  -0.0036051037  0.0000000   
