0.0000000   -3.4253372e-05  -0.00036682999  4.1802503e-06  3.3941276e-05  -5.1064784e-05  -0.00030645344  -0.00039356375  0.00031754897  1.0744104e-05  
3.4253372e-05  0.0000000   0.00054465263  -0.00034665872  5.1870654e-05  0.00037802979  8.3732651e-06  -0.00049101937  -5.4032246e-06  -4.8373924e-06  
0.00036682999  -0.00054465263  0.0000000   -0.00073036313  -0.00081401498  -1.2900779e-05  -6.3932137e-05  -0.0050605273  0.00033802908  1.9448524e-07  
-4.1802503e-06  0.00034665872  0.00073036313  0.0000000   -0.00021404701  -3.3129706e-06  -0.00051902442  -0.00068621549  -1.0157279e-05  -0.00038013807  
-3.3941276e-05  -5.1870654e-05  0.00081401498  0.00021404701  0.0000000   -2.1176892e-05  -0.00061818081  -0.0056257749  -0.00067239905  4.5871443e-06  
5.1064784e-05  -0.00037802979  1.2900779e-05  3.3129706e-06  2.1176892e-05  0.0000000   -2.8133576e-05  0.00067006097  0.00045991373  0.00033146177  
0.00030645344  -8.3732651e-06  6.3932137e-05  0.00051902442  0.00061818081  2.8133576e-05  0.0000000   0.00030030130  9.2316077e-05  0.00073052825  
0.00039356375  0.00049101937  0.0050605273  0.00068621549  0.0056257749  -0.00067006097  -0.00030030130  0.0000000   -2.7894400e-05  6.7661267e-06  
-0.00031754897  5.4032246e-06  -0.00033802908  1.0157279e-05  0.00067239905  -0.00045991373  -9.2316077e-05  2.7894400e-05  0.0000000   0.00054800442  
-1.0744104e-05  4.8373924e-06  -1.9448524e-07  0.00038013807  -4.5871443e-06  -0.00033146177  -0.00073052825  -6.7661267e-06  -0.00054800442  0.0000000   
