0.0000000   -4.7825526e-06  -4.7371899e-05  1.9946865e-06  -6.4024554e-05  -1.1177889e-05  -0.00023717941  -4.7838651e-05  0.00023488949  -2.9558635e-05  
4.7825526e-06  0.0000000   -0.00021507246  -0.00042191967  -2.8177847e-05  0.00027592706  -0.00013300021  4.3103299e-05  9.1169724e-05  0.00010100748  
4.7371899e-05  0.00021507246  0.0000000   0.0026432773  -0.015443387  -0.00017652561  -0.00039870522  -0.0014753137  0.00011502312  -4.5478592e-05  
-1.9946865e-06  0.00042191967  -0.0026432773  0.0000000   0.0044706036  3.8591281e-05  5.7794341e-05  0.0033579409  7.8494918e-05  -0.00041497854  
6.4024554e-05  2.8177847e-05  0.015443387  -0.0044706036  0.0000000   0.00032364830  0.00059640820  0.016698744  0.00064994183  4.2421358e-05  
1.1177889e-05  -0.00027592706  0.00017652561  -3.8591281e-05  -0.00032364830  0.0000000   0.00025855782  -0.00072283017  -0.00030060251  0.00059176321  
0.00023717941  0.00013300021  0.00039870522  -5.7794341e-05  -0.00059640820  -0.00025855782  0.0000000   0.00076236361  0.0015445230  0.0011263226  
4.7838651e-05  -4.3103299e-05  0.0014753137  -0.0033579409  -0.016698744  0.00072283017  -0.00076236361  0.0000000   -0.00049927842  -2.1984060e-05  
-0.00023488949  -9.1169724e-05  -0.00011502312  -7.8494918e-05  -0.00064994183  0.00030060251  -0.0015445230  0.00049927842  0.0000000   -0.0030186860  
2.9558635e-05  -0.00010100748  4.5478592e-05  0.00041497854  -4.2421358e-05  -0.00059176321  -0.0011263226  2.1984060e-05  0.0030186860  0.0000000   
