0.0000000   -6.7768075e-06  -7.7015496e-05  -1.4820880e-05  -2.7016646e-05  -2.7044161e-05  0.00011249413  -5.5303400e-05  -0.00010630979  -1.0012431e-05  
6.7768075e-06  0.0000000   0.00028005054  -0.00036554939  -2.2698345e-05  0.00021252313  -2.4304196e-05  -0.00029743070  1.4333117e-05  1.3329336e-05  
7.7015496e-05  -0.00028005054  0.0000000   -0.0025634075  -0.0010429211  -2.6939309e-06  -9.9517172e-05  -6.1143888e-05  0.00010926996  -1.6361122e-05  
1.4820880e-05  0.00036554939  0.0025634075  0.0000000   0.00044603225  1.0747332e-05  -0.00021806666  0.00015799527  4.1279386e-05  -0.00019152792  
2.7016646e-05  2.2698345e-05  0.0010429211  -0.00044603225  0.0000000   1.5721586e-05  -0.0018447405  -0.00017934330  -0.0011478665  -1.9702454e-05  
2.7044161e-05  -0.00021252313  2.6939309e-06  -1.0747332e-05  -1.5721586e-05  0.0000000   6.3607795e-05  0.0010657461  0.00036130023  0.00046822778  
-0.00011249413  2.4304196e-05  9.9517172e-05  0.00021806666  0.0018447405  -6.3607795e-05  0.0000000   0.00037174605  -2.4078040e-05  0.00080261789  
5.5303400e-05  0.00029743070  6.1143888e-05  -0.00015799527  0.00017934330  -0.0010657461  -0.00037174605  0.0000000   -3.7293241e-05  -1.4583545e-05  
0.00010630979  -1.4333117e-05  -0.00010926996  -4.1279386e-05  0.0011478665  -0.00036130023  2.4078040e-05  3.7293241e-05  0.0000000   0.0020263758  
1.0012431e-05  -1.3329336e-05  1.6361122e-05  0.00019152792  1.9702454e-05  -0.00046822778  -0.00080261789  1.4583545e-05  -0.0020263758  0.0000000   
