0.0000000   1.0597045e-05  0.00019868131  4.1346233e-05  8.2608875e-06  -2.8933261e-05  -1.5165588e-06  0.00023922485  -2.9805331e-06  7.0691183e-06  
-1.0597045e-05  0.0000000   -2.3146035e-05  -0.00011613986  0.00021798235  -0.0085783969  -0.0016085767  0.00023195420  -0.00019578983  -0.00018447941  
-0.00019868131  2.3146035e-05  0.0000000   -0.00049179010  0.00040602324  -0.00069331901  -0.0011325411  -0.0013564321  0.0022732650  -6.6189281e-05  
-4.1346233e-05  0.00011613986  0.00049179010  0.0000000   -0.00013270827  0.0010234419  0.00020882010  -4.2873243e-05  -0.00076546310  0.00017961212  
-8.2608875e-06  -0.00021798235  -0.00040602324  0.00013270827  0.0000000   3.0396243e-05  0.0030847611  7.2915649e-05  0.0018933597  0.00099463939  
2.8933261e-05  0.0085783969  0.00069331901  -0.0010234419  -3.0396243e-05  0.0000000   4.2982240e-06  -0.0028418215  -0.0043828439  0.014820975  
1.5165588e-06  0.0016085767  0.0011325411  -0.00020882010  -0.0030847611  -4.2982240e-06  0.0000000   2.3685227e-05  -0.018949085  -0.010583232  
-0.00023922485  -0.00023195420  0.0013564321  4.2873243e-05  -7.2915649e-05  0.0028418215  -2.3685227e-05  0.0000000   -0.00019805377  -0.00026858036  
2.9805331e-06  0.00019578983  -0.0022732650  0.00076546310  -0.0018933597  0.0043828439  0.018949085  0.00019805377  0.0000000   0.00089446473  
-7.0691183e-06  0.00018447941  6.6189281e-05  -0.00017961212  -0.00099463939  -0.014820975  0.010583232  0.00026858036  -0.00089446473  0.0000000   
