0.0000000   -1.5942984e-05  3.1308750e-05  -0.00023170755  3.6875611e-05  4.5099682e-05  -2.8237531e-05  -6.8778989e-05  -2.6062664e-05  -2.0581840e-05  
1.5942984e-05  0.0000000   0.00019601864  0.00016977460  0.00016791343  0.00038511747  0.00097314823  -0.00023476079  0.00038517147  -0.00019623136  
-3.1308750e-05  -0.00019601864  0.0000000   -0.011069977  -0.00075375767  0.00060462787  -0.00072667302  -0.0016985512  -0.00068533353  -0.00022172022  
0.00023170755  -0.00016977460  0.011069977  0.0000000   -0.0018947302  -2.1356067e-05  0.0012615956  0.00097774844  0.00075572637  -0.00025555034  
-3.6875611e-05  -0.00016791343  0.00075375767  0.0018947302  0.0000000   0.00067141897  -0.0011786444  -0.0052417388  -0.00087970853  -0.00065755259  
-4.5099682e-05  -0.00038511747  -0.00060462787  2.1356067e-05  -0.00067141897  0.0000000   0.0016088984  -5.7163314e-05  -0.0033210042  -9.6030550e-05  
2.8237531e-05  -0.00097314823  0.00072667302  -0.0012615956  0.0011786444  -0.0016088984  0.0000000   -0.00037614560  -9.4079926e-05  -0.0032037072  
6.8778989e-05  0.00023476079  0.0016985512  -0.00097774844  0.0052417388  5.7163314e-05  0.00037614560  0.0000000   0.00036565995  -0.00061051401  
2.6062664e-05  -0.00038517147  0.00068533353  -0.00075572637  0.00087970853  0.0033210042  9.4079926e-05  -0.00036565995  0.0000000   0.0067415546  
2.0581840e-05  0.00019623136  0.00022172022  0.00025555034  0.00065755259  9.6030550e-05  0.0032037072  0.00061051401  -0.0067415546  0.0000000   
