0.0000000   5.0330485e-05  9.2218905e-05  4.8788261e-05  -0.00010542312  4.6439439e-05  -0.00011935337  8.8116990e-06  -0.00012075595  -1.8757453e-05  
-5.0330485e-05  0.0000000   -0.00023915236  -0.00012292816  -0.00024934230  4.6608281e-08  -3.1576321e-08  0.00016302787  1.3118426e-08  3.4775757e-08  
-9.2218905e-05  0.00023915236  0.0000000   -0.0012774406  4.8292011e-09  -0.00024896403  5.7862856e-08  -4.4797804e-08  0.00016277436  1.6929847e-07  
-4.8788261e-05  0.00012292816  0.0012774406  0.0000000   -3.0959923e-08  -1.0348889e-07  -0.00024893991  1.0442358e-08  -1.4381820e-07  0.00016277045  
0.00010542312  0.00024934230  -4.8292011e-09  3.0959923e-08  0.0000000   -0.00023915945  -0.00012294112  0.00031369375  -6.7010898e-08  4.9016664e-08  
-4.6439439e-05  -4.6608281e-08  0.00024896403  1.0348889e-07  0.00023915945  0.0000000   -0.0012774868  -4.6719394e-09  0.00031324008  -1.4076606e-07  
0.00011935337  3.1576321e-08  -5.7862856e-08  0.00024893991  0.00012294112  0.0012774868  0.0000000   5.6396256e-08  1.7539056e-07  0.00031323606  
-8.8116990e-06  -0.00016302787  4.4797804e-08  -1.0442358e-08  -0.00031369375  4.6719394e-09  -5.6396256e-08  0.0000000   -0.00023916459  -0.00012294830  
0.00012075595  -1.3118426e-08  -0.00016277436  1.4381820e-07  6.7010898e-08  -0.00031324008  -1.7539056e-07  0.00023916459  0.0000000   -0.0012775642  
1.8757453e-05  -3.4775757e-08  -1.6929847e-07  -0.00016277045  -4.9016664e-08  1.4076606e-07  -0.00031323606  0.00012294830  0.0012775642  0.0000000   
