0.0000000   1.6678683e-06  1.8931868e-06  -2.1657299e-06  -0.00018951205  0.00011442586  0.00013660711  -1.0125210e-05  9.4592026e-06  6.0245989e-06  
-1.6678683e-06  0.0000000   3.6006666e-05  0.00073067509  -2.6856480e-05  -6.7279840e-07  -1.3972392e-05  0.00058570184  3.8895219e-08  -6.5735593e-07  
-1.8931868e-06  -3.6006666e-05  0.0000000   -0.00020269619  1.9396682e-06  -2.7593538e-05  2.9794120e-06  1.7456687e-07  0.00058592766  1.3119043e-07  
2.1657299e-06  -0.00073067509  0.00020269619  0.0000000   1.3208587e-05  -3.4063656e-06  -2.6252101e-05  6.0629249e-07  -1.5211854e-07  0.00058566378  
0.00018951205  2.6856480e-05  -1.9396682e-06  -1.3208587e-05  0.0000000   -3.5905641e-05  -0.00072817569  -4.9995201e-06  -2.2100081e-06  -6.4136721e-05  
-0.00011442586  6.7279840e-07  2.7593538e-05  3.4063656e-06  3.5905641e-05  0.0000000   0.00020196731  2.9793340e-06  -5.7785216e-06  1.8081943e-05  
-0.00013660711  1.3972392e-05  -2.9794120e-06  2.6252101e-05  0.00072817569  -0.00020196731  0.0000000   6.3080844e-05  -1.8196410e-05  -4.5838858e-06  
1.0125210e-05  -0.00058570184  -1.7456687e-07  -6.0629249e-07  4.9995201e-06  -2.9793340e-06  -6.3080844e-05  0.0000000   3.5929867e-05  0.00072810026  
-9.4592026e-06  -3.8895219e-08  -0.00058592766  1.5211854e-07  2.2100081e-06  5.7785216e-06  1.8196410e-05  -3.5929867e-05  0.0000000   -0.00020192430  
-6.0245989e-06  6.5735593e-07  -1.3119043e-07  -0.00058566378  6.4136721e-05  -1.8081943e-05  4.5838858e-06  -0.00072810026  0.00020192430  0.0000000   
