0.0000000   3.8528009e-05  2.2567400e-05  -6.4705167e-05  6.2860840e-05  -2.1795560e-05  3.7728074e-05  9.4497016e-05  1.8763376e-05  1.1804626e-05  
-3.8528009e-05  0.0000000   -0.00049533207  9.4975602e-05  0.00030967721  -1.4800581e-07  -3.7518510e-07  9.9025861e-05  1.7397750e-07  -1.5973536e-07  
-2.2567400e-05  0.00049533207  0.0000000   0.0030880040  7.9409153e-08  0.00030706544  6.7431460e-07  -1.7799221e-07  9.8195308e-05  -1.1382826e-06  
6.4705167e-05  -9.4975602e-05  -0.0030880040  0.0000000   -4.0630861e-07  -6.9347567e-07  0.00030721237  -8.2417080e-08  1.1299435e-06  9.8232313e-05  
-6.2860840e-05  -0.00030967721  -7.9409153e-08  4.0630861e-07  0.0000000   -0.00049449197  9.4824660e-05  -0.0014364037  1.9041234e-07  1.8470706e-06  
2.1795560e-05  1.4800581e-07  -0.00030706544  6.9347567e-07  0.00049449197  0.0000000   0.0030828091  1.7632328e-07  -0.0014243064  3.3894554e-08  
-3.7728074e-05  3.7518510e-07  -6.7431460e-07  -0.00030721237  -9.4824660e-05  -0.0030828091  0.0000000   1.8419681e-06  7.9755218e-08  -0.0014249544  
-9.4497016e-05  -9.9025861e-05  1.7799221e-07  8.2417080e-08  0.0014364037  -1.7632328e-07  -1.8419681e-06  0.0000000   -0.00049447907  9.4825148e-05  
-1.8763376e-05  -1.7397750e-07  -9.8195308e-05  -1.1299435e-06  -1.9041234e-07  0.0014243064  -7.9755218e-08  0.00049447907  0.0000000   0.0030827953  
-1.1804626e-05  1.5973536e-07  1.1382826e-06  -9.8232313e-05  -1.8470706e-06  -3.3894554e-08  0.0014249544  -9.4825148e-05  -0.0030827953  0.0000000   
