0.0000000   8.6104151e-06  -1.1747176e-05  0.00013903069  9.0356882e-05  7.9806974e-05  8.0073015e-05  2.3313428e-05  6.2218970e-05  -6.7279230e-05  
-8.6104151e-06  0.0000000   -0.00010160583  -0.00013754948  -9.4231204e-05  -5.2870100e-08  -3.1739988e-08  0.00025932739  4.4120522e-08  -6.7371371e-08  
1.1747176e-05  0.00010160583  0.0000000   0.0016847663  -2.8453396e-09  -9.4031313e-05  6.0071682e-07  7.3238649e-08  0.00025870050  3.1835474e-07  
-0.00013903069  0.00013754948  -0.0016847663  0.0000000   4.8665199e-08  -5.9915687e-07  -9.4018340e-05  2.6744554e-09  -3.4673017e-07  0.00025869941  
-9.0356882e-05  9.4231204e-05  2.8453396e-09  -4.8665199e-08  0.0000000   -0.00010135290  -0.00013722532  -0.0017063618  -3.9170941e-07  2.2099292e-07  
-7.9806974e-05  5.2870100e-08  9.4031313e-05  5.9915687e-07  0.00010135290  0.0000000   0.0016807128  -3.7226533e-07  -0.0017023489  3.5194735e-07  
-8.0073015e-05  3.1739988e-08  -6.0071682e-07  9.4018340e-05  0.00013722532  -0.0016807128  0.0000000   2.6377782e-07  -2.1558092e-08  -0.0017022172  
-2.3313428e-05  -0.00025932739  -7.3238649e-08  -2.6744554e-09  0.0017063618  3.7226533e-07  -2.6377782e-07  0.0000000   -0.00010137015  -0.00013722547  
-6.2218970e-05  -4.4120522e-08  -0.00025870050  3.4673017e-07  3.9170941e-07  0.0017023489  2.1558092e-08  0.00010137015  0.0000000   0.0016808033  
6.7279230e-05  6.7371371e-08  -3.1835474e-07  -0.00025869941  -2.2099292e-07  -3.5194735e-07  0.0017022172  0.00013722547  -0.0016808033  0.0000000   
