0.0000000   -2.2752461e-05  0.00011196995  -8.0390728e-05  1.0724868e-05  -3.3878665e-05  -9.5549505e-06  -0.00014121824  2.4190228e-05  2.8138156e-05  
2.2752461e-05  0.0000000   2.6197250e-05  2.0192151e-06  -2.3848319e-05  2.6434872e-05  1.4054367e-06  0.00019928873  -1.1444634e-05  -1.6658150e-05  
-0.00011196995  -2.6197250e-05  0.0000000   -0.0015363113  -0.0010332391  5.4872696e-06  -0.00015234941  -0.00019825402  0.00018525568  -1.9798845e-05  
8.0390728e-05  -2.0192151e-06  0.0015363113  0.0000000   0.00040725677  -8.2907682e-06  -5.2623205e-05  0.00043816928  -0.00020466782  1.6526082e-05  
-1.0724868e-05  2.3848319e-05  0.0010332391  -0.00040725677  0.0000000   2.1167885e-05  -0.00057226667  0.00031236190  0.0013780639  -0.00010358514  
3.3878665e-05  -2.6434872e-05  -5.4872696e-06  8.2907682e-06  -2.1167885e-05  0.0000000   0.00023297461  0.0013585778  0.00016711818  -4.4961271e-05  
9.5549505e-06  -1.4054367e-06  0.00015234941  5.2623205e-05  0.00057226667  -0.00023297461  0.0000000   1.1530013e-05  0.0019252455  0.0010129981  
0.00014121824  -0.00019928873  0.00019825402  -0.00043816928  -0.00031236190  -0.0013585778  -1.1530013e-05  0.0000000   5.2800451e-06  2.6333639e-05  
-2.4190228e-05  1.1444634e-05  -0.00018525568  0.00020466782  -0.0013780639  -0.00016711818  -0.0019252455  -5.2800451e-06  0.0000000   0.0030089227  
-2.8138156e-05  1.6658150e-05  1.9798845e-05  -1.6526082e-05  0.00010358514  4.4961271e-05  -0.0010129981  -2.6333639e-05  -0.0030089227  0.0000000   
