0.0000000   7.3351840e-07  7.0343690e-07  5.2266028e-05  -5.6099497e-05  -1.9687797e-05  9.9792437e-05  -9.4571585e-08  1.4954442e-05  7.8431526e-06  
-7.3351840e-07  0.0000000   -5.5580649e-05  4.0058318e-06  3.3154790e-06  3.7125894e-06  -4.2295021e-07  -8.7133754e-06  -3.4272237e-06  -2.1229349e-06  
-7.0343690e-07  5.5580649e-05  0.0000000   -1.5245882e-06  1.5370198e-06  -7.3770831e-06  -5.3742801e-06  -1.9010696e-05  -2.3697252e-06  4.0528422e-06  
-5.2266028e-05  -4.0058318e-06  1.5245882e-06  0.0000000   0.00022325499  0.00073630922  -0.00014668331  4.0536950e-06  -0.00015220932  0.00012500686  
5.6099497e-05  -3.3154790e-06  -1.5370198e-06  -0.00022325499  0.0000000   0.0019239992  0.00046146103  8.3251314e-06  -9.6390247e-05  0.00014682164  
1.9687797e-05  -3.7125894e-06  7.3770831e-06  -0.00073630922  -0.0019239992  0.0000000   0.00016119075  -1.2754190e-05  2.5665625e-05  0.00010734793  
-9.9792437e-05  4.2295021e-07  5.3742801e-06  0.00014668331  -0.00046146103  -0.00016119075  0.0000000   6.3170222e-07  -3.8814913e-06  -0.00010726225  
9.4571585e-08  8.7133754e-06  1.9010696e-05  -4.0536950e-06  -8.3251314e-06  1.2754190e-05  -6.3170222e-07  0.0000000   -0.00024396795  5.0019878e-05  
-1.4954442e-05  3.4272237e-06  2.3697252e-06  0.00015220932  9.6390247e-05  -2.5665625e-05  3.8814913e-06  0.00024396795  0.0000000   -0.0067607837  
-7.8431526e-06  2.1229349e-06  -4.0528422e-06  -0.00012500686  -0.00014682164  -0.00010734793  0.00010726225  -5.0019878e-05  0.0067607837  0.0000000   
