0.0000000   -9.9059406e-06  9.4926435e-05  0.00011204734  -8.1103932e-06  0.00010238065  -6.9852583e-05  1.6485155e-05  8.5434984e-05  -1.6992860e-05  
9.9059406e-06  0.0000000   -0.00096456116  0.00033224646  0.00032341830  -5.0324730e-05  -9.9650867e-07  0.00096453888  0.00022264801  -0.00013686897  
-9.4926435e-05  0.00096456116  0.0000000   -0.00014667830  -0.00077011276  -1.5769370e-05  -0.00024271656  0.00019021707  4.4749366e-05  -4.3367588e-05  
-0.00011204734  -0.00033224646  0.00014667830  0.0000000   0.00069453353  4.2173257e-05  -0.00093607005  0.00046394337  -0.00011445537  -0.00023275567  
8.1103932e-06  -0.00032341830  0.00077011276  -0.00069453353  0.0000000   7.9342773e-05  -0.00029003701  -0.00042897786  0.00097651694  2.5397637e-05  
-0.00010238065  5.0324730e-05  1.5769370e-05  -4.2173257e-05  -7.9342773e-05  0.0000000   -0.00043681555  -0.00089082453  0.00095611274  0.00010422292  
6.9852583e-05  9.9650867e-07  0.00024271656  0.00093607005  0.00029003701  0.00043681555  0.0000000   -7.1812385e-05  0.00036200772  0.00082395309  
-1.6485155e-05  -0.00096453888  -0.00019021707  -0.00046394337  0.00042897786  0.00089082453  7.1812385e-05  0.0000000   -0.00022756322  2.5864906e-05  
-8.5434984e-05  -0.00022264801  -4.4749366e-05  0.00011445537  -0.00097651694  -0.00095611274  -0.00036200772  0.00022756322  0.0000000   -0.00022131057  
1.6992860e-05  0.00013686897  4.3367588e-05  0.00023275567  -2.5397637e-05  -0.00010422292  -0.00082395309  -2.5864906e-05  0.00022131057  0.0000000   
