0.0000000   1.7869647e-05  5.5658238e-05  -5.7934868e-06  5.6873925e-05  2.5822243e-05  -2.2645727e-06  4.5090400e-05  -1.8681693e-06  7.8634171e-06  
-1.7869647e-05  0.0000000   -0.00030449599  -0.00015675311  0.00037597355  8.6474681e-08  -7.3768109e-08  4.9208504e-05  -1.8784753e-07  -1.1234461e-07  
-5.5658238e-05  0.00030449599  0.0000000   0.0011475680  4.5184254e-08  0.00037555133  -1.4026290e-07  1.9437521e-07  4.9159054e-05  7.3481647e-07  
5.7934868e-06  0.00015675311  -0.0011475680  0.0000000   -9.2221520e-08  4.6334279e-08  0.00037549328  9.5353871e-08  -7.4556907e-07  4.9152974e-05  
-5.6873925e-05  -0.00037597355  -4.5184254e-08  9.2221520e-08  0.0000000   -0.00030342674  -0.00015620345  0.0020816520  3.8430928e-07  -4.6203045e-07  
-2.5822243e-05  -8.6474681e-08  -0.00037555133  -4.6334279e-08  0.00030342674  0.0000000   0.0011435331  3.5233764e-07  0.0020793356  -3.2126924e-07  
2.2645727e-06  7.3768109e-08  1.4026290e-07  -0.00037549328  0.00015620345  -0.0011435331  0.0000000   -4.7743315e-07  -1.9665007e-07  0.0020789824  
-4.5090400e-05  -4.9208504e-05  -1.9437521e-07  -9.5353871e-08  -0.0020816520  -3.5233764e-07  4.7743315e-07  0.0000000   -0.00030343031  -0.00015620211  
1.8681693e-06  1.8784753e-07  -4.9159054e-05  7.4556907e-07  -3.8430928e-07  -0.0020793356  1.9665007e-07  0.00030343031  0.0000000   0.0011435689  
-7.8634171e-06  1.1234461e-07  -7.3481647e-07  -4.9152974e-05  4.6203045e-07  3.2126924e-07  -0.0020789824  0.00015620211  -0.0011435689  0.0000000   
