0.0000000   -5.6039325e-06  -0.00018473301  0.00018002899  -0.00021123760  2.3983979e-05  -0.00013018412  -0.00017156615  -9.4547555e-05  -1.1885779e-05  
5.6039325e-06  0.0000000   0.00096883893  -8.5584631e-05  -0.00095772857  9.8453696e-08  1.2554936e-06  -6.2865993e-05  -6.4638582e-07  1.4063107e-07  
0.00018473301  -0.00096883893  0.0000000   -0.0016279446  -1.8750729e-08  -0.00095546682  -1.3593778e-07  5.9208041e-07  -6.2764232e-05  1.1032134e-06  
-0.00018002899  8.5584631e-05  0.0016279446  0.0000000   1.2114378e-06  8.7567401e-08  -0.00095614983  1.3093454e-08  -1.0891167e-06  -6.2778930e-05  
0.00021123760  0.00095772857  1.8750729e-08  -1.2114378e-06  0.0000000   0.00096821018  -8.5580499e-05  0.00087389332  -1.1807237e-07  -1.1319683e-06  
-2.3983979e-05  -9.8453696e-08  0.00095546682  -8.7567401e-08  -0.00096821018  0.0000000   -0.0016269908  -3.1587185e-09  0.00087186076  5.2765928e-08  
0.00013018412  -1.2554936e-06  1.3593778e-07  0.00095614983  8.5580499e-05  0.0016269908  0.0000000   -1.1308899e-06  -4.7063989e-08  0.00087250592  
0.00017156615  6.2865993e-05  -5.9208041e-07  -1.3093454e-08  -0.00087389332  3.1587185e-09  1.1308899e-06  0.0000000   0.00096903305  -8.5588865e-05  
9.4547555e-05  6.4638582e-07  6.2764232e-05  1.0891167e-06  1.1807237e-07  -0.00087186076  4.7063989e-08  -0.00096903305  0.0000000   -0.0016283663  
1.1885779e-05  -1.4063107e-07  -1.1032134e-06  6.2778930e-05  1.1319683e-06  -5.2765928e-08  -0.00087250592  8.5588865e-05  0.0016283663  0.0000000   
