0.0000000   2.0939233e-05  -0.00026071818  -0.00013175552  -5.7654494e-05  -5.9199394e-05  -3.8975907e-05  0.00025235418  -4.5073936e-05  5.2486668e-06  
-2.0939233e-05  0.0000000   -0.00022452944  -0.00049139764  0.00040255643  -0.00041236424  -0.00014316482  -0.00045413399  -0.00021570839  -0.00056448883  
0.00026071818  0.00022452944  0.0000000   -0.00093487119  0.019309884  0.00020891158  -0.00083358430  0.00046115996  -0.00041585885  -0.00047458676  
0.00013175552  0.00049139764  0.00093487119  0.0000000   -0.0052588967  0.0011871336  0.00029873763  -0.020823806  0.00027682221  -0.00090297478  
5.7654494e-05  -0.00040255643  -0.019309884  0.0052588967  0.0000000   0.00024569273  0.0022380982  0.00039265740  -0.00048413666  8.3778597e-05  
5.9199394e-05  0.00041236424  -0.00020891158  -0.0011871336  -0.00024569273  0.0000000   0.00078760398  0.00017914199  0.0013116913  -0.0011612170  
3.8975907e-05  0.00014316482  0.00083358430  -0.00029873763  -0.0022380982  -0.00078760398  0.0000000   -0.00091311212  -0.00052006102  -0.0017296914  
-0.00025235418  0.00045413399  -0.00046115996  0.020823806  -0.00039265740  -0.00017914199  0.00091311212  0.0000000   -0.0023327475  0.00032023950  
4.5073936e-05  0.00021570839  0.00041585885  -0.00027682221  0.00048413666  -0.0013116913  0.00052006102  0.0023327475  0.0000000   -0.0013418111  
-5.2486668e-06  0.00056448883  0.00047458676  0.00090297478  -8.3778597e-05  0.0011612170  0.0017296914  -0.00032023950  0.0013418111  0.0000000   
