0.99991399  7.4112762e-06  1.9621533e-05  5.3574735e-06  -4.2946721e-05  -2.3065778e-05  -5.1001170e-05  -4.7635968e-05  6.5601482e-05  -7.8553678e-06  
7.4112762e-06  0.99985913  2.8611962e-05  1.2252294e-05  -1.1531004e-06  3.4126537e-05  -3.9363799e-06  -2.9019791e-06  -2.0306413e-05  -2.1099870e-05  
1.9621533e-05  2.8611962e-05  0.99985966  -1.8257951e-05  1.5707559e-05  1.2456926e-05  -1.5783804e-05  3.2093980e-05  -2.7786866e-05  5.9692267e-05  
5.3574735e-06  1.2252294e-05  -1.8257951e-05  0.99999182  8.7728936e-05  -5.8651335e-06  7.9166329e-07  -2.1250652e-05  6.3656017e-05  -3.1080982e-06  
-4.2946721e-05  -1.1531004e-06  1.5707559e-05  8.7728936e-05  0.99997291  1.5404800e-05  -3.1094556e-05  6.8764730e-05  1.7810367e-05  1.0651705e-06  
-2.3065778e-05  3.4126537e-05  1.2456926e-05  -5.8651335e-06  1.5404800e-05  0.99996599  -1.8423222e-05  -4.6125985e-05  -2.0950417e-05  8.4020198e-06  
-5.1001170e-05  -3.9363799e-06  -1.5783804e-05  7.9166329e-07  -3.1094556e-05  -1.8423222e-05  0.99997780  -4.0768636e-05  -0.00012734000  4.9960515e-06  
-4.7635968e-05  -2.9019791e-06  3.2093980e-05  -2.1250652e-05  6.8764730e-05  -4.6125985e-05  -4.0768636e-05  0.99993673  -6.0196101e-05  1.7499639e-05  
6.5601482e-05  -2.0306413e-05  -2.7786866e-05  6.3656017e-05  1.7810367e-05  -2.0950417e-05  -0.00012734000  -6.0196101e-05  1.0000488   4.0433938e-05  
-7.8553678e-06  -2.1099870e-05  5.9692267e-05  -3.1080982e-06  1.0651705e-06  8.4020198e-06  4.9960515e-06  1.7499639e-05  4.0433938e-05  0.99989178  
