1.0000000   4.9491319e-16  -9.7013868e-16  -1.5000980e-16  3.8909954e-16  -4.4133448e-17  -4.5369873e-16  5.9448389e-16  6.4884037e-16  2.2087350e-16  
4.9491063e-16  0.99999998  2.1849174e-08  3.6660040e-08  1.2955227e-08  1.0409212e-07  6.7551982e-08  -1.6449779e-08  1.0866439e-08  1.4479059e-08  
-9.7015365e-16  2.1849174e-08  1.0000001   -1.9857532e-07  3.7105367e-07  -5.2082366e-08  -2.8929238e-08  -5.6300458e-08  2.7613623e-08  2.9864329e-08  
-1.5002190e-16  3.6660040e-08  -1.9857532e-07  0.99999991  -1.2608696e-07  3.8575031e-09  5.8087146e-08  1.0292900e-08  3.8625158e-08  2.4677433e-09  
3.8910698e-16  1.2955227e-08  3.7105367e-07  -1.2608696e-07  1.0000001   -2.9708831e-08  1.2756987e-08  -6.4833238e-07  4.6525788e-08  -1.9970584e-08  
-4.4143629e-17  1.0409212e-07  -5.2082366e-08  3.8575031e-09  -2.9708831e-08  0.99999997  -4.8475605e-07  -9.3741507e-09  -5.7853048e-08  4.5383015e-07  
-4.5372961e-16  6.7551982e-08  -2.8929238e-08  5.8087146e-08  1.2756987e-08  -4.8475605e-07  0.99999962  3.5361548e-08  1.1809712e-07  -3.0905881e-07  
5.9447689e-16  -1.6449779e-08  -5.6300459e-08  1.0292900e-08  -6.4833238e-07  -9.3741507e-09  3.5361548e-08  0.99999949  5.4469836e-08  1.5708168e-08  
6.4888248e-16  1.0866439e-08  2.7613623e-08  3.8625158e-08  4.6525788e-08  -5.7853048e-08  1.1809712e-07  5.4469836e-08  1.0000005   -3.6961625e-07  
2.2088448e-16  1.4479059e-08  2.9864329e-08  2.4677433e-09  -1.9970584e-08  4.5383015e-07  -3.0905881e-07  1.5708168e-08  -3.6961625e-07  0.99999981  
