1.0000000   9.6467483e-16  3.8321421e-16  -7.6268622e-17  -2.7244905e-16  4.4177352e-16  1.0325252e-16  8.5304535e-17  -4.5925024e-16  -2.5265619e-16  
9.6467200e-16  1.0000002   -4.8746433e-09  -2.8452892e-10  -2.0797172e-08  -2.3496085e-08  -1.8168737e-08  -3.2383029e-07  6.5261233e-08  1.5932314e-07  
3.8320611e-16  -4.8746433e-09  1.0000002   1.7105904e-09  -5.6522407e-07  1.8392578e-08  3.3808474e-08  1.5865568e-08  3.5468102e-08  -1.9490889e-09  
-7.6261707e-17  -2.8452893e-10  1.7105904e-09  0.99999983  1.3066371e-08  -5.6862099e-08  3.9468843e-08  -1.4369389e-08  1.6253025e-08  -1.9609032e-08  
-2.7244034e-16  -2.0797172e-08  -5.6522407e-07  1.3066371e-08  0.99999968  1.5450309e-08  1.3157576e-08  -4.9460775e-08  1.3832789e-08  2.3866157e-08  
4.4179113e-16  -2.3496085e-08  1.8392578e-08  -5.6862099e-08  1.5450309e-08  0.99999983  -4.3207342e-08  9.8517477e-09  6.9436210e-08  1.0786034e-08  
1.0326196e-16  -1.8168737e-08  3.3808474e-08  3.9468843e-08  1.3157576e-08  -4.3207342e-08  0.99999932  1.7106801e-08  5.0568605e-07  1.0859985e-07  
8.5316282e-17  -3.2383029e-07  1.5865568e-08  -1.4369389e-08  -4.9460775e-08  9.8517477e-09  1.7106801e-08  0.99999982  -2.2027432e-07  8.3431918e-08  
-4.5923345e-16  6.5261233e-08  3.5468102e-08  1.6253025e-08  1.3832789e-08  6.9436210e-08  5.0568605e-07  -2.2027432e-07  1.0000008   -1.1241746e-08  
-2.5262829e-16  1.5932314e-07  -1.9490889e-09  -1.9609032e-08  2.3866157e-08  1.0786034e-08  1.0859985e-07  8.3431918e-08  -1.1241746e-08  0.99999999  
