1.0000000   2.5983258e-16  1.4741123e-17  3.3834470e-17  -5.0658527e-16  3.5093442e-16  2.1044779e-16  6.0521323e-16  4.0121468e-17  6.5916104e-17  
2.5982685e-16  1.0000000   -3.1500997e-16  -8.2481919e-16  -3.6238581e-16  9.4391439e-17  -2.7567090e-16  -1.1418998e-16  -3.7805754e-16  1.7397379e-16  
1.4741716e-17  -3.0532964e-16  1.0000000   -2.5173680e-16  -1.5728660e-16  2.0032704e-16  1.5480945e-16  3.7141506e-16  -2.0382519e-17  -1.0727672e-16  
3.3828623e-17  -8.2043782e-16  -1.1366220e-16  1.0000000   6.2932898e-16  -6.0311221e-16  -3.7280437e-16  9.2638939e-17  1.0619249e-15  2.2128058e-16  
-5.0658208e-16  -3.6672401e-16  -1.3206451e-16  5.8067989e-16  1.0000000   3.9803109e-16  2.9962506e-17  1.8991326e-16  -4.1739622e-16  -2.7727009e-16  
3.5091832e-16  -2.3091367e-18  2.0466544e-16  -6.0267948e-16  3.9629859e-16  1.0000000   -1.9429786e-16  2.5137466e-17  -3.6128955e-16  -7.4464360e-17  
2.1046829e-16  -2.6811631e-16  1.5473478e-16  -3.6586429e-16  2.1528964e-17  -2.0470710e-16  1.0000000   -9.3494356e-17  6.3089461e-17  -3.9016370e-16  
6.0523219e-16  -1.1092591e-16  4.5132465e-16  3.8930541e-17  9.2402803e-17  3.1204395e-17  -1.0385227e-16  1.0000000   -5.6300217e-16  -4.5371828e-16  
4.0112058e-17  -4.0718107e-16  -2.2360804e-17  1.0784330e-15  -4.1484803e-16  -3.3006386e-16  -1.8661385e-17  -5.5367255e-16  1.0000000   -2.9725435e-16  
6.5914410e-17  1.8393998e-16  -1.1075295e-16  2.2562078e-16  -2.7640210e-16  -1.8956597e-17  -3.5892852e-16  -4.5371828e-16  -2.6255650e-16  1.0000000   
