1.0000000   3.9332089e-16  4.3853349e-16  -1.2961058e-16  -1.8957870e-16  4.1821356e-16  -3.5864005e-16  1.3699294e-16  -4.4665908e-17  -3.4286872e-16  
3.9332296e-16  1.0000002   -1.8049535e-08  2.4560687e-09  -6.7028086e-09  -1.0292847e-08  -3.7340397e-08  3.8130088e-07  9.3098378e-08  -1.9327398e-07  
4.3852793e-16  -1.8049535e-08  1.0000009   -9.0584075e-07  6.3660324e-08  -6.7144397e-08  -1.7406384e-08  -7.1542430e-09  -1.9979185e-08  -2.2968109e-08  
-1.2961405e-16  2.4560687e-09  -9.0584075e-07  0.99999913  -6.2378765e-07  -2.3341495e-07  -4.0680202e-08  -6.3548106e-09  -4.0080415e-08  7.1780081e-08  
-1.8957690e-16  -6.7028086e-09  6.3660324e-08  -6.2378765e-07  0.99999988  -5.5819280e-07  -2.3208073e-08  2.2304493e-09  -3.1937115e-10  1.2442678e-08  
4.1820507e-16  -1.0292847e-08  -6.7144397e-08  -2.3341495e-07  -5.5819280e-07  1.0000001   2.5591396e-08  4.4228091e-08  -3.4442135e-08  7.9024378e-08  
-3.5864618e-16  -3.7340397e-08  -1.7406384e-08  -4.0680202e-08  -2.3208073e-08  2.5591396e-08  1.0000007   -1.5808514e-07  -5.7370668e-07  -2.5841584e-08  
1.3699142e-16  3.8130088e-07  -7.1542430e-09  -6.3548106e-09  2.2304493e-09  4.4228091e-08  -1.5808514e-07  0.99999975  -3.1582814e-07  -2.9653949e-07  
-4.4668953e-17  9.3098378e-08  -1.9979185e-08  -4.0080415e-08  -3.1937114e-10  -3.4442135e-08  -5.7370668e-07  -3.1582814e-07  0.99999929  1.8809050e-07  
-3.4286373e-16  -1.9327398e-07  -2.2968109e-08  7.1780081e-08  1.2442678e-08  7.9024378e-08  -2.5841584e-08  -2.9653949e-07  1.8809050e-07  1.0000005   
