1.0000000   1.0196530e-15  6.7931379e-16  1.8336478e-16  3.6260814e-16  1.6396563e-16  9.5501400e-16  1.6239360e-16  -5.9464610e-16  -5.2200588e-16  
1.0196571e-15  0.99999984  -2.9955550e-09  -4.2999909e-08  -3.4213618e-08  1.3078514e-07  -4.2583977e-07  7.7283561e-09  -7.2311600e-08  -2.8851477e-07  
6.7931382e-16  -2.9955550e-09  1.0000005   3.7670112e-07  1.1620391e-07  3.3179075e-08  2.3419893e-08  3.0858236e-07  1.5896155e-09  1.1992466e-09  
1.8336623e-16  -4.2999909e-08  3.7670112e-07  0.99999949  -2.6946160e-07  -4.2524739e-08  -1.6180673e-08  -2.6774611e-07  -3.1265576e-08  1.9118058e-08  
3.6260523e-16  -3.4213618e-08  1.1620391e-07  -2.6946160e-07  0.99999985  5.2285394e-09  -3.0630387e-08  3.9956795e-07  -1.8930334e-08  6.3219778e-09  
1.6396161e-16  1.3078514e-07  3.3179075e-08  -4.2524739e-08  5.2285394e-09  0.99999867  1.6835696e-07  3.1929271e-08  1.7370031e-07  2.1473264e-07  
9.5502855e-16  -4.2583977e-07  2.3419893e-08  -1.6180673e-08  -3.0630387e-08  1.6835696e-07  0.99999993  2.2944056e-08  7.9388776e-07  1.0196813e-07  
1.6239659e-16  7.7283561e-09  3.0858236e-07  -2.6774611e-07  3.9956795e-07  3.1929271e-08  2.2944056e-08  1.0000014   1.9142163e-08  -1.0114218e-08  
-5.9464795e-16  -7.2311600e-08  1.5896155e-09  -3.1265576e-08  -1.8930334e-08  1.7370031e-07  7.9388776e-07  1.9142163e-08  1.0000006   4.6081914e-07  
-5.2199408e-16  -2.8851477e-07  1.1992466e-09  1.9118058e-08  6.3219778e-09  2.1473264e-07  1.0196813e-07  -1.0114218e-08  4.6081914e-07  0.99999982  
