1.0000000   -9.7461875e-17  1.1814850e-16  -4.5294603e-16  -1.8790499e-16  3.5118659e-16  -9.1637139e-18  -2.7212060e-16  3.2231628e-16  1.9125623e-16  
-9.7463593e-17  0.99999999  6.4551507e-11  -5.8881308e-09  -3.2939188e-09  -1.1567026e-09  1.5136273e-07  6.5859546e-08  -1.3636863e-07  -1.4190028e-07  
1.1814508e-16  6.4551510e-11  1.0000006   -1.5090557e-07  -3.8790786e-07  -6.1127388e-07  -1.3841765e-08  -3.7242325e-08  4.2831978e-08  3.4379337e-08  
-4.5294682e-16  -5.8881308e-09  -1.5090557e-07  1.0000004   -6.1204138e-07  5.7370205e-07  -7.0300535e-11  1.6467993e-08  -1.7676788e-08  1.4227263e-08  
-1.8789735e-16  -3.2939188e-09  -3.8790786e-07  -6.1204138e-07  0.99999917  -1.7926456e-07  3.1038933e-08  6.9612808e-09  -5.5470894e-09  2.6403776e-09  
3.5117243e-16  -1.1567026e-09  -6.1127388e-07  5.7370205e-07  -1.7926456e-07  1.0000013   4.6027417e-08  -3.1191158e-08  1.4870406e-08  3.0373311e-08  
-9.1628069e-18  1.5136273e-07  -1.3841765e-08  -7.0300534e-11  3.1038933e-08  4.6027417e-08  0.99999913  2.4075891e-07  -9.3100072e-08  3.2029351e-07  
-2.7211404e-16  6.5859546e-08  -3.7242325e-08  1.6467993e-08  6.9612808e-09  -3.1191158e-08  2.4075891e-07  0.99999916  6.7648475e-08  -2.3155030e-07  
3.2231260e-16  -1.3636863e-07  4.2831978e-08  -1.7676788e-08  -5.5470894e-09  1.4870406e-08  -9.3100072e-08  6.7648476e-08  0.99999967  -1.1984583e-06  
1.9126613e-16  -1.4190028e-07  3.4379337e-08  1.4227263e-08  2.6403776e-09  3.0373311e-08  3.2029351e-07  -2.3155030e-07  -1.1984583e-06  1.0000013   
