1.0000000   -1.7696067e-16  -2.2774916e-16  4.4286704e-16  2.9790903e-16  -1.7912058e-16  -3.4470681e-16  -7.8593281e-17  -4.8326595e-16  -9.8792959e-16  
-1.7696372e-16  1.0000003   5.5822845e-08  5.2045724e-08  7.2585116e-08  -7.3011575e-07  -4.3977484e-08  4.2576290e-08  5.4887681e-08  9.5936359e-08  
-2.2774976e-16  5.5822845e-08  1.0000001   4.1241967e-07  2.9359878e-08  -1.1942789e-08  -2.3163972e-08  -2.2531221e-07  -1.7312300e-08  4.5818116e-11  
4.4286544e-16  5.2045724e-08  4.1241967e-07  0.99999967  -3.4563488e-08  -3.9229705e-08  -4.2877271e-08  -2.5285113e-07  -1.4007503e-08  7.5904622e-08  
2.9790906e-16  7.2585116e-08  2.9359878e-08  -3.4563488e-08  1.0000008   2.1180528e-08  -5.3536515e-09  5.3822469e-07  -3.6794165e-08  -8.3928565e-09  
-1.7911568e-16  -7.3011575e-07  -1.1942789e-08  -3.9229705e-08  2.1180528e-08  0.99999964  -2.5421148e-07  5.9978747e-09  -7.5462866e-08  2.0950744e-07  
-3.4470954e-16  -4.3977484e-08  -2.3163972e-08  -4.2877271e-08  -5.3536515e-09  -2.5421148e-07  0.99999937  -1.7946691e-08  4.1106977e-07  -1.2355510e-07  
-7.8592027e-17  4.2576290e-08  -2.2531221e-07  -2.5285113e-07  5.3822469e-07  5.9978747e-09  -1.7946691e-08  0.99999977  1.7554168e-08  -2.1657986e-10  
-4.8326650e-16  5.4887681e-08  -1.7312300e-08  -1.4007503e-08  -3.6794165e-08  -7.5462866e-08  4.1106977e-07  1.7554168e-08  1.0000006   1.4488391e-07  
-9.8793732e-16  9.5936359e-08  4.5818114e-11  7.5904622e-08  -8.3928565e-09  2.0950744e-07  -1.2355510e-07  -2.1657986e-10  1.4488391e-07  0.99999983  
