1.0000000   8.5955722e-17  6.1572534e-18  -7.5903975e-16  -9.1423407e-16  -4.1558462e-17  6.3352586e-16  3.2455352e-17  -5.7044679e-16  -5.9385389e-16  
8.5954513e-17  1.0000004   -1.9502686e-08  4.4435801e-09  3.6170963e-08  9.2083881e-09  5.8372930e-08  7.5417068e-07  6.6383772e-08  -2.3688760e-07  
6.1422980e-18  -1.9502686e-08  1.0000003   -3.9295025e-07  -1.3348386e-07  -5.1334534e-07  5.5345481e-08  3.6440602e-08  -8.9420216e-08  -1.2417358e-08  
-7.5903725e-16  4.4435801e-09  -3.9295025e-07  1.0000006   -4.7789806e-07  -1.6535143e-07  -2.2646211e-08  3.9516310e-08  -4.6220489e-09  1.7532193e-08  
-9.1423568e-16  3.6170963e-08  -1.3348386e-07  -4.7789806e-07  0.99999875  3.5438497e-08  2.9467001e-08  2.7702988e-09  -3.2018397e-08  -3.9352418e-08  
-4.1545375e-17  9.2083881e-09  -5.1334534e-07  -1.6535143e-07  3.5438497e-08  1.0000004   -1.5712748e-08  -2.1204799e-08  -1.6168852e-08  -8.4599877e-09  
6.3351784e-16  5.8372930e-08  5.5345481e-08  -2.2646211e-08  2.9467001e-08  -1.5712748e-08  0.99999974  -7.2651164e-08  1.3390872e-07  -1.3416208e-07  
3.2441671e-17  7.5417068e-07  3.6440602e-08  3.9516310e-08  2.7702989e-09  -2.1204799e-08  -7.2651164e-08  1.0000001   -7.8198074e-08  1.0513435e-07  
-5.7043924e-16  6.6383772e-08  -8.9420216e-08  -4.6220489e-09  -3.2018397e-08  -1.6168852e-08  1.3390872e-07  -7.8198074e-08  1.0000009   -3.2166310e-07  
-5.9387610e-16  -2.3688760e-07  -1.2417358e-08  1.7532193e-08  -3.9352418e-08  -8.4599877e-09  -1.3416208e-07  1.0513435e-07  -3.2166310e-07  0.99999954  
