1.0000000   7.6333891e-16  -2.5336297e-16  -4.0623921e-16  5.1544289e-16  -1.9094571e-16  -1.2578451e-16  5.6595045e-16  6.9155715e-17  1.2484014e-16  
7.6332470e-16  1.0000004   7.1789779e-09  4.8540511e-09  -2.4537884e-08  1.8717177e-09  -1.2674169e-08  8.4694300e-07  3.4062627e-09  -1.1906720e-07  
-2.5337038e-16  7.1789779e-09  0.99999970  1.7538512e-07  -3.8360554e-07  -1.3637790e-07  -6.6106304e-08  -1.3776641e-08  -7.5581391e-09  7.4681890e-08  
-4.0623382e-16  4.8540511e-09  1.7538512e-07  1.0000001   1.2139349e-07  -3.0021270e-07  4.3752604e-08  -1.5484365e-08  2.4681980e-08  2.6439201e-10  
5.1543369e-16  -2.4537884e-08  -3.8360554e-07  1.2139349e-07  0.99999927  -8.0646510e-07  -2.3677404e-08  -2.0632208e-08  1.3546238e-08  -4.2598905e-08  
-1.9094371e-16  1.8717177e-09  -1.3637790e-07  -3.0021270e-07  -8.0646510e-07  1.0000008   1.3912460e-08  -2.5384169e-08  -1.1259699e-08  -1.1656835e-08  
-1.2577805e-16  -1.2674169e-08  -6.6106304e-08  4.3752604e-08  -2.3677404e-08  1.3912460e-08  0.99999987  5.4245240e-08  1.4299100e-07  -3.5429845e-07  
5.6595963e-16  8.4694300e-07  -1.3776641e-08  -1.5484365e-08  -2.0632208e-08  -2.5384169e-08  5.4245240e-08  1.0000001   5.6816439e-08  4.3300194e-07  
6.9145866e-17  3.4062627e-09  -7.5581391e-09  2.4681980e-08  1.3546238e-08  -1.1259699e-08  1.4299100e-07  5.6816439e-08  1.0000001   9.8549248e-08  
1.2484682e-16  -1.1906720e-07  7.4681890e-08  2.6439201e-10  -4.2598905e-08  -1.1656835e-08  -3.5429845e-07  4.3300194e-07  9.8549248e-08  0.99999967  
