1.0000000   3.5686505e-17  -1.6162121e-16  1.8908986e-16  5.0073810e-16  6.7444456e-17  -2.1949973e-16  4.5986052e-16  5.6790604e-17  -6.3555488e-17  
3.5681186e-17  0.99999991  2.4857180e-09  -6.9373051e-10  4.5626632e-09  2.4620663e-09  6.2064093e-08  -1.5334277e-07  1.1056849e-08  4.6750739e-08  
-1.6161763e-16  2.4857180e-09  0.99999954  -2.5905372e-07  3.6433329e-07  2.2522781e-07  3.1190672e-08  -2.6984949e-09  2.4946805e-08  3.3210171e-08  
1.8909352e-16  -6.9373051e-10  -2.5905372e-07  0.99999997  7.4558306e-08  -3.2433983e-07  -6.1438780e-08  -9.9397065e-09  2.0189222e-08  5.8580043e-09  
5.0073940e-16  4.5626632e-09  3.6433329e-07  7.4558306e-08  1.0000004   -1.3669467e-07  2.4763381e-08  8.3881011e-09  1.6332271e-08  5.6629726e-08  
6.7446362e-17  2.4620663e-09  2.2522781e-07  -3.2433983e-07  -1.3669467e-07  1.0000009   6.3131968e-08  2.7742470e-08  2.8531528e-08  4.8908812e-08  
-2.1949496e-16  6.2064093e-08  3.1190672e-08  -6.1438780e-08  2.4763381e-08  6.3131968e-08  0.99999912  -2.2269552e-07  -5.2660245e-08  -1.3012398e-07  
4.5986281e-16  -1.5334277e-07  -2.6984949e-09  -9.9397065e-09  8.3881011e-09  2.7742470e-08  -2.2269552e-07  0.99999901  2.3995846e-07  5.3179235e-07  
5.6791704e-17  1.1056849e-08  2.4946805e-08  2.0189222e-08  1.6332271e-08  2.8531528e-08  -5.2660245e-08  2.3995846e-07  1.0000008   -7.2919614e-09  
-6.3557335e-17  4.6750739e-08  3.3210171e-08  5.8580043e-09  5.6629726e-08  4.8908812e-08  -1.3012398e-07  5.3179235e-07  -7.2919614e-09  0.99999979  
