1.0000000   -1.1339615e-16  -3.6483292e-16  -1.7321469e-16  -7.6683676e-17  8.8360792e-17  4.0917796e-16  -1.2056699e-17  4.3300933e-16  -4.9364239e-16  
-1.1340046e-16  0.99999998  -5.1766789e-08  6.9952617e-08  3.7477359e-09  -5.7024937e-08  8.9666915e-08  3.8206248e-08  -3.5086250e-08  2.5315868e-07  
-3.6483440e-16  -5.1766789e-08  0.99999972  -5.3082329e-07  -4.7317700e-07  1.0910133e-07  -1.9656837e-08  -1.2458804e-08  1.2985304e-07  1.7814011e-09  
-1.7321809e-16  6.9952617e-08  -5.3082329e-07  0.99999945  4.9012567e-07  2.7176923e-07  3.0100909e-08  3.5576510e-09  -3.0755484e-09  3.4377694e-08  
-7.6683033e-17  3.7477359e-09  -4.7317700e-07  4.9012567e-07  1.0000000   -6.0812787e-07  1.6737428e-08  -4.2234653e-08  -5.9062157e-08  -2.0257621e-08  
8.8360998e-17  -5.7024937e-08  1.0910133e-07  2.7176923e-07  -6.0812787e-07  0.99999953  9.0729342e-08  4.0443535e-08  3.7307836e-08  5.7996747e-08  
4.0919916e-16  8.9666915e-08  -1.9656837e-08  3.0100909e-08  1.6737428e-08  9.0729342e-08  1.0000002   -4.9961172e-07  -2.0054478e-07  -2.2890567e-07  
-1.2061127e-17  3.8206248e-08  -1.2458804e-08  3.5576510e-09  -4.2234653e-08  4.0443535e-08  -4.9961172e-07  1.0000009   -1.7531131e-07  -2.1780494e-07  
4.3299790e-16  -3.5086250e-08  1.2985304e-07  -3.0755484e-09  -5.9062157e-08  3.7307836e-08  -2.0054478e-07  -1.7531131e-07  0.99999954  1.7535245e-07  
-4.9366440e-16  2.5315868e-07  1.7814011e-09  3.4377694e-08  -2.0257620e-08  5.7996747e-08  -2.2890567e-07  -2.1780494e-07  1.7535245e-07  1.0000000   
