1.0000000   -8.6431639e-17  -1.5234407e-16  -2.1991079e-16  -1.6182182e-16  -9.4085032e-17  -1.1237904e-16  -6.6430281e-17  -1.6721161e-16  -2.3524138e-16  
-8.6436906e-17  1.0000000   -5.3854355e-18  -1.9185296e-16  -6.1594542e-16  -7.9970752e-16  2.9099986e-16  4.2756254e-16  -9.5737762e-16  -4.4408921e-16  
-1.5235121e-16  -5.3123789e-18  1.0000000   3.1261154e-17  -8.5720891e-16  1.1719954e-15  -3.8514249e-16  6.1979269e-16  6.7279319e-16  -1.6216954e-15  
-2.1990279e-16  -1.9087549e-16  2.3076301e-17  1.0000000   2.6933293e-15  2.4949660e-15  1.5151861e-15  -1.5872147e-15  -4.8342203e-16  -1.2888995e-15  
-1.6184786e-16  -6.1661796e-16  -8.1437980e-16  7.7958075e-16  1.0000000   -1.5488912e-15  -1.5537566e-15  1.7079104e-15  8.8183753e-16  5.6161673e-16  
-9.4110443e-17  -8.1185059e-16  1.1718599e-15  2.4943155e-15  -1.5510596e-15  1.0000000   -9.9920072e-16  -3.2772721e-16  8.6389229e-16  -2.2204460e-15  
-1.1234262e-16  3.0075768e-16  -3.8509167e-16  1.5127873e-15  -1.5497586e-15  -8.3266727e-16  1.0000000   6.9877169e-16  1.6972101e-15  4.4408921e-16  
-6.6411162e-17  4.2767879e-16  5.3173897e-16  -1.3315129e-15  1.4990398e-15  -3.2656169e-16  6.9887672e-16  1.0000000   3.4134411e-16  1.1174872e-15  
-1.6721277e-16  -9.7567354e-16  6.7274575e-16  -4.8114182e-16  8.7808179e-16  4.7184479e-16  1.8353374e-15  3.4248253e-16  1.0000000   -1.0824674e-15  
-2.3520750e-16  -4.1633363e-16  -1.6219122e-15  -1.2836954e-15  5.5706308e-16  -1.5543122e-15  3.1918912e-16  1.1201977e-15  -1.1934898e-15  1.0000000   
