1.0000000   1.0457308e-16  3.8083819e-16  -4.7576982e-17  -3.2558465e-16  7.8469556e-17  1.0916325e-16  1.6065797e-17  -2.0355705e-16  7.3732524e-17  
1.0457221e-16  1.0000000   -2.5676777e-16  -4.5511596e-16  -5.1154765e-16  -3.7689578e-16  3.6316029e-16  5.5807062e-16  9.7788260e-17  6.0151537e-16  
3.8084090e-16  -2.5665098e-16  1.0000000   -4.8839635e-17  -1.0293120e-15  -3.7464606e-16  -2.3997206e-16  -2.3606001e-16  4.2186476e-17  7.4392532e-16  
-4.7575496e-17  -4.5479007e-16  5.4221646e-17  1.0000000   4.8185748e-16  5.8647545e-16  4.5831386e-16  5.3067310e-16  -4.5153791e-17  -5.5742899e-16  
-3.2558881e-16  -5.1152595e-16  -1.0929031e-15  6.4464608e-16  1.0000000   4.4600012e-16  -2.6488330e-16  3.3554982e-16  1.0479174e-15  -3.3870476e-16  
7.8475167e-17  -3.7166450e-16  -3.7502553e-16  5.8661775e-16  4.4561726e-16  1.0000000   3.7751920e-16  -1.1356001e-16  -4.9092674e-16  9.7144515e-17  
1.0913476e-16  3.6042946e-16  -2.4593940e-16  4.6100869e-16  -2.5872918e-16  3.5887092e-16  1.0000000   -2.5660397e-16  2.1203742e-15  1.7000290e-16  
1.6065877e-17  5.5801429e-16  7.9693465e-17  5.3034445e-16  1.2467489e-16  -1.1375991e-16  -2.3765246e-16  1.0000000   2.8602185e-17  -3.2222489e-16  
-2.0351765e-16  9.8506544e-17  4.3112283e-17  -4.9259625e-17  1.0437733e-15  -4.6468905e-16  1.7666261e-15  4.6428840e-17  1.0000000   -8.6736174e-16  
7.3738453e-17  6.0368377e-16  7.4365427e-16  -5.5746965e-16  -3.3798647e-16  1.5265567e-16  1.7520707e-16  -3.2194028e-16  -8.4307561e-16  1.0000000   
