1.0000000   1.6853109e-16  4.9850714e-16  5.8445148e-16  9.9154686e-16  -1.7652555e-16  3.5481040e-17  1.8622131e-16  -3.1944373e-16  1.5655072e-16  
1.6852485e-16  1.0000000   -7.8891634e-08  1.5715984e-08  -1.3496466e-09  -4.5215452e-08  1.6135190e-09  -3.9535150e-08  8.0989075e-09  1.1191156e-07  
4.9850904e-16  -7.8891634e-08  1.0000004   4.6706404e-08  2.0479149e-07  5.0632839e-07  1.6767022e-08  3.9943240e-08  -1.7073344e-08  2.9892163e-09  
5.8444660e-16  1.5715984e-08  4.6706404e-08  0.99999984  -1.3831796e-07  -1.8297459e-07  -1.2951031e-07  -1.1440675e-09  -1.6490570e-08  1.1655723e-08  
9.9153995e-16  -1.3496466e-09  2.0479149e-07  -1.3831796e-07  0.99999918  -1.7884174e-08  -4.7028934e-07  3.3848405e-09  2.1339036e-08  5.2416877e-08  
-1.7652066e-16  -4.5215452e-08  5.0632839e-07  -1.8297459e-07  -1.7884174e-08  1.0000007   -8.7414789e-08  -2.5785559e-08  -3.8364498e-08  1.7777728e-08  
3.5478419e-17  1.6135190e-09  1.6767022e-08  -1.2951031e-07  -4.7028934e-07  -8.7414789e-08  0.99999907  2.7731076e-08  -2.7476466e-07  -7.9595729e-08  
1.8621804e-16  -3.9535150e-08  3.9943240e-08  -1.1440675e-09  3.3848405e-09  -2.5785559e-08  2.7731076e-08  1.0000000   -1.1137550e-08  -1.5973622e-07  
-3.1943698e-16  8.0989075e-09  -1.7073344e-08  -1.6490570e-08  2.1339036e-08  -3.8364498e-08  -2.7476466e-07  -1.1137550e-08  1.0000010   -2.6166523e-08  
1.5655164e-16  1.1191156e-07  2.9892163e-09  1.1655723e-08  5.2416877e-08  1.7777728e-08  -7.9595729e-08  -1.5973622e-07  -2.6166523e-08  1.0000001   
