1.0000000   7.5241917e-17  4.7757312e-17  -3.3175482e-17  5.6185386e-17  -2.8692182e-17  2.6707161e-17  2.4180142e-17  -9.2855987e-18  1.0557419e-17  
7.5243341e-17  1.0000000   -1.3038327e-15  1.1570385e-16  5.2402540e-16  -6.5908650e-16  3.1550283e-16  -1.3909869e-16  -1.7932704e-16  -4.5363019e-16  
4.7756762e-17  -1.3035879e-15  1.0000000   1.9206991e-16  -4.4079383e-16  -9.6881596e-16  2.3732372e-15  2.2890880e-16  -5.8381576e-16  4.7390477e-16  
-3.3171816e-17  1.1566065e-16  3.0132858e-16  1.0000000   3.9418965e-16  1.5352303e-16  -2.4190177e-15  -8.0483557e-16  1.6476078e-15  -7.3964272e-16  
5.6194898e-17  5.2405166e-16  7.9257508e-17  3.8939322e-16  1.0000000   7.6990552e-16  -1.5028262e-15  -1.1056786e-16  3.7501198e-16  -6.7713847e-16  
-2.8686253e-17  -6.3143935e-16  -9.6927674e-16  1.5352303e-16  7.7000038e-16  1.0000000   -3.6082248e-16  -6.0091905e-17  1.2351231e-15  -2.2204460e-16  
2.6681750e-17  3.0834710e-16  2.3726680e-15  -2.4193971e-15  -1.5017284e-15  2.3592239e-16  1.0000000   1.9477421e-15  -7.9519724e-15  2.0539126e-15  
2.4183856e-17  -1.3904385e-16  2.1665493e-16  -9.0036278e-16  -1.1065977e-16  -6.0091905e-17  1.9492871e-15  1.0000000   -1.2100238e-15  1.4441573e-16  
-9.2783989e-18  -1.8821750e-16  -5.8785442e-16  1.6499931e-15  3.8131390e-16  1.3877788e-15  -1.4252488e-14  -1.2104711e-15  1.0000000   -8.3266727e-16  
1.0556572e-17  -4.6230381e-16  4.7444687e-16  -7.3899220e-16  -6.7871056e-16  -2.4980018e-16  1.8318680e-15  1.4398205e-16  -8.0491169e-16  1.0000000   
