1.0000000   -5.1885491e-16  2.4834976e-16  7.1766677e-17  -6.9626676e-17  2.9217772e-16  -5.3491170e-16  3.7868142e-16  -1.0446981e-16  4.8806870e-17  
-5.1885980e-16  1.0000002   -3.7125012e-09  -8.8764601e-10  -6.9845755e-09  -3.1966160e-07  3.8619373e-07  -1.0720535e-10  -7.9010670e-08  -2.1747106e-07  
2.4834567e-16  -3.7125012e-09  1.0000002   -4.1353942e-07  -2.5513401e-07  -5.8579306e-08  4.2800947e-08  -2.5079688e-07  2.2781397e-08  -4.5170282e-08  
7.1774063e-17  -8.8764601e-10  -4.1353942e-07  0.99999978  -3.4644376e-07  3.4092265e-08  -1.3219421e-07  6.2938864e-08  5.3324059e-08  -5.8107122e-08  
-6.9620474e-17  -6.9845755e-09  -2.5513401e-07  -3.4644376e-07  0.99999983  -5.4061237e-08  -4.1285147e-08  -1.4615052e-07  5.6747944e-08  1.8513470e-08  
2.9217158e-16  -3.1966160e-07  -5.8579306e-08  3.4092265e-08  -5.4061237e-08  0.99999947  2.2964066e-07  2.6225971e-10  1.6302604e-08  4.5093220e-07  
-5.3492071e-16  3.8619373e-07  4.2800947e-08  -1.3219421e-07  -4.1285147e-08  2.2964066e-07  1.0000005   -4.7395213e-08  1.0028599e-06  -8.1778451e-08  
3.7868002e-16  -1.0720535e-10  -2.5079688e-07  6.2938864e-08  -1.4615052e-07  2.6225971e-10  -4.7395213e-08  1.0000003   3.9491887e-08  3.0778745e-08  
-1.0448113e-16  -7.9010670e-08  2.2781397e-08  5.3324059e-08  5.6747944e-08  1.6302604e-08  1.0028599e-06  3.9491887e-08  0.99999874  3.2299889e-07  
4.8813707e-17  -2.1747106e-07  -4.5170282e-08  -5.8107122e-08  1.8513470e-08  4.5093220e-07  -8.1778451e-08  3.0778745e-08  3.2299889e-07  1.0000008   
