1.0000000   -5.4605636e-17  2.1980963e-18  3.0367272e-16  -2.8759814e-16  5.8614083e-16  2.8302068e-17  -3.7750946e-16  1.6537983e-16  -5.4536926e-16  
-5.4601750e-17  1.0000000   1.1364230e-08  -3.5987495e-08  -2.5077527e-08  5.6838788e-09  6.2973058e-08  1.2932559e-07  1.1802412e-07  4.5322088e-08  
2.1930009e-18  1.1364230e-08  0.99999910  -4.3724564e-07  -4.0533556e-10  -7.0726275e-07  3.5264318e-08  6.5591753e-09  -1.8722865e-08  -1.0958084e-08  
3.0366918e-16  -3.5987495e-08  -4.3724564e-07  0.99999999  -6.9189338e-08  6.7433146e-09  4.6921020e-10  9.8252531e-09  -5.5756617e-09  9.4025933e-10  
-2.8760063e-16  -2.5077527e-08  -4.0533561e-10  -6.9189338e-08  1.0000013   -4.7800359e-07  3.5054332e-08  -3.8348888e-08  2.1878973e-08  -9.5010897e-09  
5.8613509e-16  5.6838788e-09  -7.0726275e-07  6.7433146e-09  -4.7800359e-07  1.0000007   6.7519842e-08  -1.4642334e-08  6.6803443e-08  -1.7171106e-08  
2.8297996e-17  6.2973058e-08  3.5264318e-08  4.6921020e-10  3.5054332e-08  6.7519842e-08  1.0000010   -1.8555213e-07  4.1237755e-07  3.3667938e-07  
-3.7750878e-16  1.2932559e-07  6.5591753e-09  9.8252531e-09  -3.8348888e-08  -1.4642334e-08  -1.8555213e-07  0.99999775  -2.1501163e-07  7.1373033e-08  
1.6537576e-16  1.1802412e-07  -1.8722865e-08  -5.5756617e-09  2.1878973e-08  6.6803443e-08  4.1237755e-07  -2.1501163e-07  1.0000003   -5.8040338e-07  
-5.4537974e-16  4.5322088e-08  -1.0958084e-08  9.4025933e-10  -9.5010897e-09  -1.7171106e-08  3.3667938e-07  7.1373033e-08  -5.8040338e-07  0.99999916  
