1.0000000   4.1761140e-16  1.3211004e-16  3.4961653e-16  9.5984170e-17  -1.1138519e-16  3.2931293e-16  4.0503736e-16  3.5265902e-16  2.9594600e-16  
4.1760892e-16  0.99999974  7.3712751e-08  7.6878516e-09  -1.9888613e-09  -6.2931996e-07  5.4453554e-08  3.6506885e-09  1.0266926e-07  1.2691109e-07  
1.3211844e-16  7.3712751e-08  1.0000008   1.3708508e-07  -3.8684713e-07  2.4392008e-08  -1.9680911e-08  -4.7303711e-07  -5.2247346e-08  1.7422739e-08  
3.4961655e-16  7.6878516e-09  1.3708508e-07  0.99999984  2.9669152e-07  8.2040049e-10  -4.2191764e-09  1.8699003e-07  9.0216085e-09  4.0373667e-09  
9.5995053e-17  -1.9888613e-09  -3.8684713e-07  2.9669152e-07  0.99999912  2.0845754e-08  5.9058679e-08  -3.8655418e-08  3.7905950e-08  -3.1208105e-08  
-1.1138305e-16  -6.2931996e-07  2.4392008e-08  8.2040049e-10  2.0845754e-08  1.0000002   -2.3629507e-07  9.4449462e-09  2.5945394e-07  -4.7216857e-07  
3.2931446e-16  5.4453554e-08  -1.9680911e-08  -4.2191764e-09  5.9058679e-08  -2.3629507e-07  0.99999953  -1.2049200e-09  6.0692421e-07  1.0350088e-07  
4.0503566e-16  3.6506885e-09  -4.7303711e-07  1.8699003e-07  -3.8655418e-08  9.4449462e-09  -1.2049200e-09  1.0000007   -1.1750300e-08  -2.6603408e-09  
3.5266091e-16  1.0266926e-07  -5.2247346e-08  9.0216085e-09  3.7905950e-08  2.5945394e-07  6.0692421e-07  -1.1750300e-08  1.0000005   -2.8173416e-07  
2.9594502e-16  1.2691109e-07  1.7422739e-08  4.0373667e-09  -3.1208105e-08  -4.7216857e-07  1.0350088e-07  -2.6603408e-09  -2.8173416e-07  1.0000003   
