1.0000000   -1.6669381e-16  7.0979032e-17  4.1818199e-16  4.2913406e-16  3.0009792e-16  -1.4040031e-16  -4.5536224e-17  -9.8735939e-17  2.8734385e-16  
-1.6669060e-16  0.99999996  -4.4328438e-10  1.3439923e-09  6.5893488e-09  3.6003953e-08  -2.5876201e-07  -6.2705809e-09  -1.0451355e-07  -4.4299372e-08  
7.0977481e-17  -4.4328438e-10  0.99999865  -2.1164377e-07  7.9205037e-08  -4.4361733e-08  -5.9853598e-08  6.6831059e-07  6.4338047e-08  -2.8774734e-08  
4.1818072e-16  1.3439923e-09  -2.1164377e-07  1.0000013   -2.2758325e-07  -2.7370955e-08  -8.1392206e-08  5.5149437e-07  -2.1360583e-08  1.9646160e-08  
4.2913816e-16  6.5893488e-09  7.9205037e-08  -2.2758325e-07  1.0000004   1.2610386e-08  9.1115836e-09  -5.1103935e-07  -5.3437810e-08  1.9586425e-08  
3.0010520e-16  3.6003953e-08  -4.4361733e-08  -2.7370955e-08  1.2610386e-08  0.99999758  3.9631485e-07  -4.8023838e-08  -7.8916759e-08  -1.9590908e-07  
-1.4038417e-16  -2.5876201e-07  -5.9853598e-08  -8.1392206e-08  9.1115836e-09  3.9631485e-07  1.0000007   -5.0131098e-09  -2.7669717e-07  -3.3238884e-07  
-4.5529486e-17  -6.2705809e-09  6.6831059e-07  5.5149437e-07  -5.1103935e-07  -4.8023838e-08  -5.0131098e-09  1.0000019   4.2871072e-09  -4.7566862e-08  
-9.8753854e-17  -1.0451355e-07  6.4338047e-08  -2.1360583e-08  -5.3437810e-08  -7.8916759e-08  -2.7669717e-07  4.2871072e-09  1.0000002   6.9472931e-07  
2.8734297e-16  -4.4299372e-08  -2.8774734e-08  1.9646160e-08  1.9586425e-08  -1.9590908e-07  -3.3238884e-07  -4.7566862e-08  6.9472931e-07  1.0000003   
