1.0000000   5.0983059e-17  4.9317197e-16  -2.9170700e-16  -4.2858213e-16  5.8205987e-17  6.4345174e-16  1.2432911e-16  -5.4713987e-16  1.5181372e-16  
5.0977249e-17  1.0000000   3.9890514e-16  -7.6404836e-16  6.2457152e-17  -3.4835416e-16  -3.5978402e-16  1.6140073e-16  4.6396230e-17  -4.5363019e-16  
4.9319825e-16  4.0001089e-16  1.0000000   1.8704777e-15  2.5974065e-15  -9.9445734e-16  -7.6462723e-17  -5.3456479e-16  1.3374141e-15  9.9825205e-16  
-2.9171018e-16  -7.6418053e-16  1.8649155e-15  1.0000000   -3.4165939e-16  1.5517813e-16  -1.1472262e-16  -5.1604663e-16  3.9117199e-17  1.7541714e-16  
-4.2859514e-16  6.0290746e-17  2.6798350e-15  -4.3331347e-16  1.0000000   3.8134779e-16  -2.2525935e-15  1.4372831e-16  1.7524249e-16  -9.7209567e-16  
5.8190740e-17  -3.8727702e-16  -9.9392201e-16  1.5510359e-16  3.8039403e-16  1.0000000   1.5638532e-15  -5.5713084e-16  -1.4887722e-15  1.9428903e-16  
6.4350135e-16  -3.5811367e-16  -2.8764180e-17  -1.2646354e-16  -2.3151662e-15  1.5705753e-15  1.0000000   1.5288399e-15  -6.9973976e-15  1.3140530e-15  
1.2432623e-16  1.6181522e-16  -8.1600310e-16  -4.2922813e-16  2.9025623e-16  -5.5710373e-16  1.4914480e-15  1.0000000   -7.4063097e-16  -1.4377876e-16  
-5.4717456e-16  4.4760609e-17  1.3377503e-15  2.9619697e-17  1.9539501e-16  -1.4882301e-15  -1.0601651e-14  -7.0402210e-16  1.0000000   -1.1559764e-15  
1.5181541e-16  -4.4755866e-16  9.9819784e-16  1.7544424e-16  -9.7141465e-16  2.2204460e-16  1.3192572e-15  -1.4386008e-16  -1.1626984e-15  1.0000000   
