1.0000000   -1.3204113e-16  -1.6471391e-16  3.7890890e-16  4.5525913e-16  1.9528985e-16  2.7200589e-16  -2.0995184e-17  -3.2721181e-16  4.9248954e-16  
-1.3204151e-16  1.0000001   -7.9843899e-09  -1.2029739e-09  -6.6830996e-09  -2.0533975e-07  5.0606033e-07  1.0338309e-08  -1.7820496e-07  -2.3003926e-07  
-1.6471544e-16  -7.9843899e-09  1.0000008   6.3904648e-07  4.1357883e-07  2.6469562e-08  3.8601432e-08  9.0584480e-08  -2.8666431e-08  1.1998322e-08  
3.7891162e-16  -1.2029739e-09  6.3904648e-07  0.99999932  1.8684664e-07  -2.9254950e-08  -4.0526597e-08  -1.1270889e-07  2.9361065e-08  5.3525385e-08  
4.5525661e-16  -6.6830996e-09  4.1357883e-07  1.8684664e-07  1.0000006   1.3463853e-08  6.2545378e-08  -3.9382790e-07  -3.9151211e-08  -2.5460156e-08  
1.9528330e-16  -2.0533975e-07  2.6469562e-08  -2.9254950e-08  1.3463853e-08  1.0000007   2.7369460e-07  5.1522107e-08  -3.0933694e-07  -7.7628725e-08  
2.7200284e-16  5.0606033e-07  3.8601432e-08  -4.0526597e-08  6.2545378e-08  2.7369460e-07  0.99999892  7.6604967e-08  -4.0742510e-07  4.8063505e-07  
-2.0999845e-17  1.0338309e-08  9.0584481e-08  -1.1270889e-07  -3.9382790e-07  5.1522107e-08  7.6604967e-08  0.99999930  -1.1260724e-08  8.5481872e-08  
-3.2721959e-16  -1.7820496e-07  -2.8666431e-08  2.9361065e-08  -3.9151211e-08  -3.0933694e-07  -4.0742510e-07  -1.1260724e-08  1.0000011   -1.0528444e-07  
4.9249797e-16  -2.3003926e-07  1.1998322e-08  5.3525385e-08  -2.5460156e-08  -7.7628725e-08  4.8063505e-07  8.5481872e-08  -1.0528444e-07  0.99999986  
