1.0000000   -3.4512119e-16  -2.2376275e-16  -4.7268702e-16  -2.1842501e-16  4.7825731e-16  -1.7445478e-16  2.3063426e-16  7.1081998e-16  6.3738656e-17  
-3.4512509e-16  0.99999972  -8.6676520e-08  5.6323399e-09  4.9051771e-08  6.4077889e-07  -1.3380452e-08  -6.7776832e-09  2.3360140e-08  2.1216161e-08  
-2.2376641e-16  -8.6676520e-08  0.99999997  2.8336414e-07  1.9327178e-07  -3.2818734e-08  2.5502000e-08  4.3671406e-07  1.3344845e-08  5.5237575e-08  
-4.7269573e-16  5.6323399e-09  2.8336414e-07  0.99999988  -6.9481293e-09  6.6439842e-09  3.6022667e-08  -1.6383538e-07  -4.7264368e-09  -5.1175803e-08  
-2.1842844e-16  4.9051771e-08  1.9327178e-07  -6.9481294e-09  0.99999996  -8.7429606e-09  6.1820756e-10  3.4663074e-07  -1.7579504e-08  6.3102703e-08  
4.7825715e-16  6.4077889e-07  -3.2818734e-08  6.6439842e-09  -8.7429606e-09  1.0000008   -3.9760873e-08  -2.2241541e-08  3.3412804e-08  5.6986835e-07  
-1.7444718e-16  -1.3380452e-08  2.5502000e-08  3.6022667e-08  6.1820756e-10  -3.9760873e-08  1.0000003   -2.4312731e-08  1.7317037e-07  8.0485109e-08  
2.3063504e-16  -6.7776832e-09  4.3671406e-07  -1.6383538e-07  3.4663074e-07  -2.2241541e-08  -2.4312731e-08  0.99999897  3.9140645e-08  1.3373067e-08  
7.1081399e-16  2.3360140e-08  1.3344845e-08  -4.7264368e-09  -1.7579504e-08  3.3412804e-08  1.7317037e-07  3.9140645e-08  0.99999929  3.7815403e-09  
6.3740262e-17  2.1216161e-08  5.5237575e-08  -5.1175803e-08  6.3102703e-08  5.6986835e-07  8.0485109e-08  1.3373067e-08  3.7815403e-09  1.0000004   
