1.0000000   -1.6342059e-16  8.3336996e-16  -1.1039052e-16  -2.7802807e-16  3.4528362e-17  2.9794281e-16  -3.3695119e-16  1.6693147e-18  1.1502295e-16  
-1.6342635e-16  1.0000001   -1.8760034e-09  -8.5591181e-09  2.4550502e-09  -2.4362138e-07  8.2773082e-08  -2.4415106e-09  -3.7896483e-08  -1.8530217e-07  
8.3336125e-16  -1.8760034e-09  0.99999975  9.1828989e-08  1.9973137e-07  2.3235556e-09  1.6635649e-08  4.0812548e-08  2.7855219e-08  6.5318588e-09  
-1.1039780e-16  -8.5591181e-09  9.1828989e-08  0.99999987  3.7896205e-07  -1.0074378e-09  8.6964160e-09  -1.4874965e-07  1.1796706e-08  -4.2237866e-09  
-2.7802912e-16  2.4550502e-09  1.9973137e-07  3.7896205e-07  1.0000000   -6.2946674e-09  -1.4146092e-08  2.1800754e-08  5.0654093e-08  -3.3061174e-10  
3.4532784e-17  -2.4362138e-07  2.3235556e-09  -1.0074378e-09  -6.2946674e-09  0.99999936  -4.6246668e-07  1.8474751e-08  9.9158551e-08  2.8436588e-07  
2.9794120e-16  8.2773082e-08  1.6635649e-08  8.6964160e-09  -1.4146092e-08  -4.6246668e-07  0.99999975  -4.4013045e-09  -3.0379965e-07  -2.6619634e-09  
-3.3693562e-16  -2.4415106e-09  4.0812548e-08  -1.4874965e-07  2.1800754e-08  1.8474751e-08  -4.4013045e-09  1.0000008   -7.0527615e-08  1.5609924e-08  
1.6699194e-18  -3.7896483e-08  2.7855219e-08  1.1796706e-08  5.0654093e-08  9.9158551e-08  -3.0379965e-07  -7.0527615e-08  1.0000008   -1.9791007e-07  
1.1502869e-16  -1.8530217e-07  6.5318588e-09  -4.2237866e-09  -3.3061174e-10  2.8436588e-07  -2.6619634e-09  1.5609924e-08  -1.9791007e-07  1.0000004   
