1.0000000   -1.6799033e-16  3.5794616e-16  -3.0641441e-16  2.1343878e-16  2.7985894e-16  4.5307344e-16  1.1789459e-16  -3.2597031e-16  -6.3947105e-16  
-1.6799148e-16  1.0000002   -3.4395183e-08  -3.1051960e-09  1.9853645e-08  -5.0665966e-07  1.3319714e-07  -3.2032661e-09  4.2413030e-08  -5.5459852e-08  
3.5793970e-16  -3.4395183e-08  0.99999985  -4.3751102e-07  1.2920934e-07  2.1928269e-08  4.5891366e-08  -1.2206956e-07  -2.9260496e-08  -3.4232638e-08  
-3.0640165e-16  -3.1051960e-09  -4.3751102e-07  1.0000002   -4.1876158e-07  3.6121031e-09  -4.7545301e-08  -1.6092341e-07  -7.1893133e-09  -1.2990032e-08  
2.1344151e-16  1.9853645e-08  1.2920934e-07  -4.1876158e-07  1.0000003   5.5067640e-09  -1.0156635e-08  -5.3047903e-08  -1.2285435e-09  1.1320255e-08  
2.7985825e-16  -5.0665966e-07  2.1928269e-08  3.6121031e-09  5.5067640e-09  0.99999961  -3.0979800e-07  -8.1399608e-10  5.8023510e-08  -8.4799092e-08  
4.5305948e-16  1.3319714e-07  4.5891366e-08  -4.7545301e-08  -1.0156635e-08  -3.0979800e-07  1.0000002   -2.1885689e-08  -2.8689775e-07  -3.2192586e-07  
1.1789403e-16  -3.2032661e-09  -1.2206956e-07  -1.6092341e-07  -5.3047903e-08  -8.1399608e-10  -2.1885689e-08  0.99999980  1.1892771e-08  -4.4839781e-09  
-3.2596047e-16  4.2413030e-08  -2.9260496e-08  -7.1893133e-09  -1.2285435e-09  5.8023510e-08  -2.8689775e-07  1.1892771e-08  0.99999948  2.4542780e-07  
-6.3947252e-16  -5.5459852e-08  -3.4232638e-08  -1.2990032e-08  1.1320255e-08  -8.4799092e-08  -3.2192586e-07  -4.4839781e-09  2.4542780e-07  1.0000006   
