1.0000000   -7.3249762e-17  -1.5332224e-16  -5.0514280e-16  1.1763254e-17  -3.4303020e-16  -2.7141020e-16  -3.5797570e-16  4.6281586e-16  -6.9130267e-17  
-7.3250851e-17  1.0000000   8.7712036e-09  8.4563509e-09  -4.1203898e-09  -2.7855837e-07  3.0163463e-07  -6.0789612e-08  7.9111894e-09  -6.6058276e-08  
-1.5331948e-16  8.7712036e-09  1.0000007   9.1415934e-08  4.6856303e-07  6.4694973e-10  -1.0269159e-08  7.0626161e-08  -6.8484488e-10  -5.0623766e-08  
-5.0514403e-16  8.4563509e-09  9.1415934e-08  0.99999938  -2.3464564e-07  -3.9513022e-08  -2.7781039e-09  -2.8900501e-07  2.3583856e-08  -7.3207288e-08  
1.1761483e-17  -4.1203898e-09  4.6856303e-07  -2.3464564e-07  0.99999881  -4.8167693e-08  -2.2694904e-08  -6.3241416e-09  -2.6403915e-08  4.3038252e-09  
-3.4302472e-16  -2.7855837e-07  6.4694973e-10  -3.9513022e-08  -4.8167693e-08  1.0000008   2.9941208e-07  -3.2983037e-08  -3.2360064e-07  -2.7414359e-07  
-2.7141322e-16  3.0163463e-07  -1.0269159e-08  -2.7781039e-09  -2.2694904e-08  2.9941208e-07  0.99999924  3.0491972e-08  -1.3950718e-07  8.8342884e-08  
-3.5796916e-16  -6.0789612e-08  7.0626161e-08  -2.8900501e-07  -6.3241416e-09  -3.2983037e-08  3.0491973e-08  1.0000005   5.8223776e-08  5.9448296e-08  
4.6281681e-16  7.9111894e-09  -6.8484487e-10  2.3583856e-08  -2.6403915e-08  -3.2360064e-07  -1.3950718e-07  5.8223776e-08  1.0000015   -4.7555564e-07  
-6.9128408e-17  -6.6058276e-08  -5.0623766e-08  -7.3207288e-08  4.3038252e-09  -2.7414359e-07  8.8342884e-08  5.9448296e-08  -4.7555564e-07  0.99999860  
