1.0000000   -3.2820975e-16  8.1156487e-16  2.1202920e-16  -1.5258848e-16  4.2276254e-16  6.6487175e-16  2.7870939e-16  4.8163114e-16  1.2361034e-16  
-3.2821046e-16  1.0000003   6.2038359e-08  2.5059791e-09  2.1138300e-09  1.0383860e-08  2.3241317e-07  6.0797539e-07  2.0701128e-07  -1.7591036e-07  
8.1157212e-16  6.2038359e-08  0.99999927  -2.8957562e-08  -2.9313580e-07  -4.3169983e-07  -2.8767313e-09  3.7250788e-08  2.9242601e-08  1.1479071e-08  
2.1202749e-16  2.5059791e-09  -2.8957562e-08  1.0000016   3.5530379e-07  4.8777339e-08  -2.0755747e-08  3.1558701e-08  -1.5961085e-08  -6.6435600e-08  
-1.5258551e-16  2.1138300e-09  -2.9313580e-07  3.5530379e-07  1.0000004   -1.6799975e-07  -3.7180807e-08  5.5746678e-08  -1.6340243e-08  -4.1082114e-08  
4.2276952e-16  1.0383860e-08  -4.3169983e-07  4.8777339e-08  -1.6799975e-07  0.99999956  -5.1543241e-08  3.4358812e-09  -2.9046449e-08  -1.1240958e-08  
6.6487124e-16  2.3241317e-07  -2.8767313e-09  -2.0755747e-08  -3.7180807e-08  -5.1543241e-08  0.99999882  5.6656202e-07  -2.4162655e-07  4.4638035e-07  
2.7871939e-16  6.0797539e-07  3.7250788e-08  3.1558701e-08  5.5746678e-08  3.4358812e-09  5.6656202e-07  0.99999984  5.7172269e-07  -4.6746529e-07  
4.8164006e-16  2.0701128e-07  2.9242601e-08  -1.5961085e-08  -1.6340243e-08  -2.9046449e-08  -2.4162655e-07  5.7172269e-07  1.0000000   -3.3983036e-08  
1.2361306e-16  -1.7591036e-07  1.1479071e-08  -6.6435600e-08  -4.1082114e-08  -1.1240958e-08  4.4638035e-07  -4.6746529e-07  -3.3983036e-08  1.0000003   
