1.0000000   3.6730918e-16  -9.3198502e-16  -1.5107408e-16  9.6585717e-17  -3.3736198e-17  -1.7086249e-16  2.3076477e-16  1.6938359e-17  -8.1921300e-16  
3.6732492e-16  1.0000000   7.5836251e-16  -2.2384902e-16  3.8200300e-16  -6.2974350e-17  -2.3509782e-16  -1.8872248e-16  -4.1460107e-16  1.9353178e-16  
-9.3199325e-16  7.6041878e-16  1.0000000   5.2524562e-16  3.5896659e-16  -8.0758309e-16  -6.8915041e-17  9.6060747e-16  -2.8666289e-16  -2.0130162e-16  
-1.5105828e-16  -2.2677513e-16  4.8364741e-16  1.0000000   -2.3493730e-16  1.6717233e-18  -5.2994168e-16  2.1473692e-16  7.3157418e-16  1.7663686e-16  
9.6581813e-17  3.9079078e-16  1.9450903e-16  -2.2429666e-16  1.0000000   -3.4314640e-17  -5.3769025e-17  5.7589600e-16  1.4415391e-16  -5.7512902e-17  
-3.3739220e-17  -4.2153300e-17  -8.0931835e-16  8.1756664e-18  -3.0845499e-17  1.0000000   -1.2709857e-16  6.2689404e-17  1.9438264e-16  -1.5727369e-16  
-1.7082457e-16  -2.3509852e-16  -7.1079057e-17  -5.3255158e-16  -4.3789420e-17  -1.5485439e-16  1.0000000   2.4982998e-16  5.4403985e-17  -6.3245578e-16  
2.3076831e-16  -1.8909575e-16  9.4252675e-16  3.2834189e-16  5.7959808e-16  5.6184293e-17  2.4939404e-16  1.0000000   1.8810697e-16  -1.8779822e-16  
1.6939371e-17  -4.1633394e-16  -3.0487092e-16  7.3417836e-16  1.5412873e-16  1.9438461e-16  2.6637143e-17  1.8421025e-16  1.0000000   1.9655908e-16  
-8.1921300e-16  1.7965315e-16  -2.0130162e-16  1.6970813e-16  -5.7513590e-17  -1.0176593e-16  -6.8797032e-16  -1.8606688e-16  2.5207870e-16  1.0000000   
