1.0000000   1.4964221e-16  -4.2466828e-16  6.7157685e-17  4.0991920e-16  1.6185398e-16  -2.5147872e-16  -2.1006941e-16  -1.0446336e-16  -7.1473148e-16  
1.4965437e-16  1.0000000   -1.7999172e-16  -1.7641443e-16  5.2185602e-16  4.6390867e-16  -3.0250317e-16  1.6517279e-16  -7.4145175e-17  -4.9097926e-16  
-4.2466932e-16  -1.8150633e-16  1.0000000   2.8501415e-16  5.3756823e-16  -2.7092500e-16  4.1057068e-17  4.8244198e-16  1.3444054e-16  4.2607451e-17  
6.7156353e-17  -1.7697989e-16  2.3790989e-16  1.0000000   5.9622184e-16  3.2714576e-16  4.1074771e-16  -6.8974281e-16  2.3120011e-16  5.0284958e-16  
4.0991511e-16  5.2108190e-16  4.7247002e-16  5.0369668e-16  1.0000000   2.3793517e-16  -1.9965625e-16  1.2802072e-17  8.4519452e-16  9.5536846e-18  
1.6188331e-16  4.5264150e-16  -2.7178433e-16  3.2367778e-16  2.3533519e-16  1.0000000   -8.1398385e-17  -1.0848026e-16  -5.4465514e-16  -1.3422084e-16  
-2.5147619e-16  -3.1638078e-16  4.1926622e-17  4.1509108e-16  -1.9922653e-16  -1.0915197e-16  1.0000000   -4.9016959e-16  -5.4741754e-16  2.6170608e-16  
-2.1006622e-16  1.6695322e-16  3.7995391e-16  -7.5265632e-16  1.0139944e-17  -1.0848315e-16  -4.9266417e-16  1.0000000   -1.1864777e-16  -1.4316381e-16  
-1.0446658e-16  -6.6338093e-17  1.2229468e-16  2.1775849e-16  8.4692976e-16  -5.3077909e-16  -4.9191411e-16  -1.1388337e-16  1.0000000   -1.0021077e-16  
-7.1472471e-16  -5.1526878e-16  3.2194028e-17  4.9938352e-16  7.8189611e-18  -1.3421068e-16  2.6170523e-16  -1.4034489e-16  -1.2796296e-16  1.0000000   
