1.0000000   1.8204237e-16  3.4988801e-16  1.4469728e-16  -1.5707193e-16  3.9464116e-17  2.5296422e-16  2.5863540e-16  1.8379383e-16  4.1815709e-16  
1.8203783e-16  1.0000000   -6.1480661e-11  -2.3962392e-08  -2.8506826e-08  -1.6849361e-07  1.0400109e-08  5.6661661e-09  1.9134839e-07  6.1950865e-08  
3.4989845e-16  -6.1480662e-11  1.0000008   3.8274286e-07  3.3766240e-07  -4.1557933e-08  5.1522198e-08  2.6042087e-07  3.5626861e-08  -4.2819269e-08  
1.4470722e-16  -2.3962392e-08  3.8274286e-07  0.99999987  -3.0964220e-07  -1.3168190e-09  -4.5326584e-08  -3.2600100e-07  -4.8439473e-09  -2.4157835e-08  
-1.5705969e-16  -2.8506826e-08  3.3766240e-07  -3.0964220e-07  0.99999971  2.0405792e-08  -2.4804239e-08  -4.8434593e-07  2.6704357e-08  2.5617378e-08  
3.9481592e-17  -1.6849361e-07  -4.1557933e-08  -1.3168190e-09  2.0405792e-08  1.0000004   3.1017837e-07  -9.1751232e-09  1.9400491e-07  2.2411478e-08  
2.5296812e-16  1.0400109e-08  5.1522198e-08  -4.5326584e-08  -2.4804239e-08  3.1017837e-07  0.99999851  1.9068337e-08  8.5772774e-07  -2.1312423e-07  
2.5863437e-16  5.6661661e-09  2.6042087e-07  -3.2600100e-07  -4.8434593e-07  -9.1751232e-09  1.9068337e-08  1.0000006   3.8336309e-08  -2.4501072e-08  
1.8378910e-16  1.9134839e-07  3.5626861e-08  -4.8439473e-09  2.6704357e-08  1.9400492e-07  8.5772774e-07  3.8336309e-08  1.0000015   2.4845395e-07  
4.1816646e-16  6.1950865e-08  -4.2819269e-08  -2.4157835e-08  2.5617378e-08  2.2411478e-08  -2.1312423e-07  -2.4501072e-08  2.4845395e-07  0.99999966  
