1.0002480   -2.4379718e-05  1.6380972e-05  3.9809335e-05  1.4545553e-05  7.7447966e-05  0.00011559922  -5.2305370e-05  4.5380885e-05  3.6685174e-05  
-2.4379718e-05  1.0001301   -6.8778862e-05  -5.2950474e-05  2.1990851e-05  -1.8509661e-05  1.4705643e-05  1.9062281e-05  -3.3480784e-07  2.0640938e-05  
1.6380972e-05  -6.8778862e-05  1.0001960   3.7350950e-05  -1.2427593e-05  -3.1746583e-05  -2.8896761e-05  6.7816074e-06  7.6360852e-06  -1.1840604e-05  
3.9809335e-05  -5.2950474e-05  3.7350950e-05  1.0001725   -8.8290639e-07  -1.0766888e-05  1.1368552e-05  -3.2878160e-05  -2.6013460e-05  -1.0922068e-05  
1.4545553e-05  2.1990851e-05  -1.2427593e-05  -8.8290639e-07  1.0001578   -5.9983640e-06  -2.1999288e-05  3.1564256e-05  -1.2916403e-06  3.7934215e-07  
7.7447966e-05  -1.8509661e-05  -3.1746583e-05  -1.0766888e-05  -5.9983640e-06  1.0001587   3.1723587e-05  -7.7762162e-06  2.3796311e-05  1.6771456e-05  
0.00011559922  1.4705643e-05  -2.8896761e-05  1.1368552e-05  -2.1999288e-05  3.1723587e-05  1.0002118   -7.8329473e-05  -1.9952865e-05  7.0334711e-05  
-5.2305370e-05  1.9062281e-05  6.7816074e-06  -3.2878160e-05  3.1564256e-05  -7.7762162e-06  -7.8329473e-05  1.0001240   -6.0869104e-05  1.5310571e-05  
4.5380885e-05  -3.3480784e-07  7.6360852e-06  -2.6013460e-05  -1.2916403e-06  2.3796311e-05  -1.9952865e-05  -6.0869104e-05  1.0002208   3.0841908e-05  
3.6685174e-05  2.0640938e-05  -1.1840604e-05  -1.0922068e-05  3.7934215e-07  1.6771456e-05  7.0334711e-05  1.5310571e-05  3.0841908e-05  1.0003168   
