1.0006602   -4.7092628e-06  -6.6056374e-05  -4.6088776e-06  3.8071725e-05  5.4701060e-05  -1.1652473e-05  -7.4819957e-05  4.9933103e-05  8.9941627e-06  
-4.7092628e-06  1.0005036   -1.9182915e-05  -5.4815599e-05  -1.8917893e-05  -5.1143657e-06  1.6374104e-05  -1.0634968e-05  3.6905173e-06  -1.0527136e-05  
-6.6056374e-05  -1.9182915e-05  1.0004695   5.2015694e-06  -1.1917744e-05  -4.8557434e-06  1.3257061e-06  1.7679667e-05  1.1658518e-05  2.2532187e-06  
-4.6088776e-06  -5.4815599e-05  5.2015694e-06  1.0005039   1.5350695e-05  -1.5036224e-05  -1.7000005e-05  4.1676877e-06  9.4793198e-06  -1.7183901e-05  
3.8071725e-05  -1.8917893e-05  -1.1917744e-05  1.5350695e-05  1.0004666   -3.5034674e-07  1.9256536e-05  2.4066812e-05  3.6562948e-06  1.3140045e-05  
5.4701060e-05  -5.1143657e-06  -4.8557434e-06  -1.5036224e-05  -3.5034674e-07  1.0005193   -2.2728268e-05  6.4862277e-06  -2.8942336e-06  -5.9805508e-06  
-1.1652473e-05  1.6374104e-05  1.3257061e-06  -1.7000005e-05  1.9256536e-05  -2.2728268e-05  1.0005812   4.1710989e-05  4.5392439e-05  -6.4043042e-05  
-7.4819957e-05  -1.0634968e-05  1.7679667e-05  4.1676877e-06  2.4066812e-05  6.4862277e-06  4.1710989e-05  1.0004617   -3.4803850e-05  9.8637354e-06  
4.9933103e-05  3.6905173e-06  1.1658518e-05  9.4793198e-06  3.6562948e-06  -2.8942336e-06  4.5392439e-05  -3.4803850e-05  1.0005114   2.0890205e-05  
8.9941627e-06  -1.0527136e-05  2.2532187e-06  -1.7183901e-05  1.3140045e-05  -5.9805508e-06  -6.4043042e-05  9.8637354e-06  2.0890205e-05  1.0005504   
