1.0000000   6.6272027e-16  -4.2603212e-16  -3.2360326e-16  4.7712126e-16  -1.6405320e-16  -4.5552404e-17  -2.6614998e-17  -1.9972272e-16  -2.2009824e-16  
6.6272607e-16  1.0000001   2.5446682e-08  -1.5451069e-10  2.7208205e-08  -3.9045009e-07  -2.5976626e-08  -1.3894652e-10  1.0813919e-09  7.6366875e-08  
-4.2603553e-16  2.5446682e-08  1.0000003   2.2887879e-07  1.4346930e-07  -4.9956358e-09  -6.9123848e-09  -3.9747519e-07  4.5656836e-08  -2.4437359e-08  
-3.2361001e-16  -1.5451069e-10  2.2887879e-07  1.0000000   2.8408221e-07  -3.1860707e-08  -4.3952606e-08  -1.0561461e-07  -2.3609599e-08  -7.8034287e-09  
4.7712015e-16  2.7208205e-08  1.4346930e-07  2.8408221e-07  0.99999934  -1.2803484e-08  -2.6702571e-08  6.9705788e-07  2.3855781e-08  -2.0661812e-08  
-1.6404108e-16  -3.9045009e-07  -4.9956358e-09  -3.1860707e-08  -1.2803484e-08  1.0000011   8.2824309e-08  8.9327590e-08  3.6363866e-07  -9.4387710e-08  
-4.5565911e-17  -2.5976626e-08  -6.9123848e-09  -4.3952606e-08  -2.6702571e-08  8.2824309e-08  1.0000009   -2.1093966e-08  4.8574540e-07  -6.0079759e-07  
-2.6615780e-17  -1.3894652e-10  -3.9747519e-07  -1.0561461e-07  6.9705788e-07  8.9327590e-08  -2.1093967e-08  0.99999859  -2.9398380e-08  1.2160630e-08  
-1.9970901e-16  1.0813919e-09  4.5656836e-08  -2.3609599e-08  2.3855781e-08  3.6363866e-07  4.8574540e-07  -2.9398380e-08  0.99999910  1.2253860e-07  
-2.2009223e-16  7.6366875e-08  -2.4437359e-08  -7.8034287e-09  -2.0661812e-08  -9.4387710e-08  -6.0079759e-07  1.2160630e-08  1.2253860e-07  0.99999938  
