0.99986400  1.0031812e-05  2.0762412e-06  -1.8287796e-06  4.1876184e-05  -2.3321732e-05  -7.8101310e-06  2.2297199e-05  3.2593503e-05  7.9255966e-06  
1.0031812e-05  0.99990087  -9.7365503e-06  -4.2847768e-05  -5.6888481e-06  4.0898389e-05  -7.2532397e-06  3.4484831e-06  7.3667694e-06  1.1768136e-05  
2.0762412e-06  -9.7365503e-06  0.99985788  -2.1331531e-05  -2.3954560e-05  2.4393866e-06  2.9195614e-05  6.3652582e-06  -1.0513015e-05  1.0198257e-06  
-1.8287796e-06  -4.2847768e-05  -2.1331531e-05  0.99984139  -2.3274431e-05  -9.3822626e-06  1.6727653e-05  3.2334752e-05  -1.2148651e-05  3.0212373e-05  
4.1876184e-05  -5.6888481e-06  -2.3954560e-05  -2.3274431e-05  0.99987848  5.9287114e-07  2.3580267e-07  5.5131040e-06  5.3993468e-05  1.9606255e-06  
-2.3321732e-05  4.0898389e-05  2.4393866e-06  -9.3822626e-06  5.9287114e-07  0.99992988  -1.1712847e-05  -9.9878983e-06  1.5672239e-05  -6.3453408e-06  
-7.8101310e-06  -7.2532397e-06  2.9195614e-05  1.6727653e-05  2.3580267e-07  -1.1712847e-05  0.99989129  2.6761109e-05  1.1613282e-06  -5.2145211e-06  
2.2297199e-05  3.4484831e-06  6.3652582e-06  3.2334752e-05  5.5131040e-06  -9.9878983e-06  2.6761109e-05  0.99992620  -1.0091158e-05  -1.9761640e-05  
3.2593503e-05  7.3667694e-06  -1.0513015e-05  -1.2148651e-05  5.3993468e-05  1.5672239e-05  1.1613282e-06  -1.0091158e-05  0.99988264  -4.2340080e-05  
7.9255966e-06  1.1768136e-05  1.0198257e-06  3.0212373e-05  1.9606255e-06  -6.3453408e-06  -5.2145211e-06  -1.9761640e-05  -4.2340080e-05  0.99985699  
