1.0002800   -3.1511290e-05  -6.8191947e-06  8.2439805e-05  -3.5178452e-05  4.3771955e-05  2.2017768e-05  8.6781394e-06  7.1967344e-05  -5.4429068e-05  
-3.1511290e-05  1.0001303   -4.4217326e-05  3.1299241e-05  -3.8749598e-05  2.2221962e-05  -1.6317712e-06  -5.6312770e-06  -6.3469364e-06  -1.1343458e-05  
-6.8191947e-06  -4.4217326e-05  1.0002106   1.6609896e-05  4.0732868e-05  1.9089002e-05  1.4260911e-06  -6.6860833e-05  1.1525476e-05  5.5262024e-05  
8.2439805e-05  3.1299241e-05  1.6609896e-05  1.0002410   3.0756862e-05  1.6720268e-05  -3.3874062e-05  -1.2803774e-05  9.9729649e-06  -2.6852739e-05  
-3.5178452e-05  -3.8749598e-05  4.0732868e-05  3.0756862e-05  1.0002315   1.5071981e-05  -1.8266784e-05  5.6990991e-05  2.7108900e-06  -7.5650968e-05  
4.3771955e-05  2.2221962e-05  1.9089002e-05  1.6720268e-05  1.5071981e-05  1.0002854   4.2206955e-05  8.2688030e-05  5.2335479e-06  -6.1940916e-05  
2.2017768e-05  -1.6317712e-06  1.4260911e-06  -3.3874062e-05  -1.8266784e-05  4.2206955e-05  1.0003578   -1.3054872e-05  5.6642323e-05  5.7403712e-05  
8.6781394e-06  -5.6312770e-06  -6.6860833e-05  -1.2803774e-05  5.6990991e-05  8.2688030e-05  -1.3054872e-05  1.0001952   5.6606161e-06  1.6950418e-05  
7.1967344e-05  -6.3469364e-06  1.1525476e-05  9.9729649e-06  2.7108900e-06  5.2335479e-06  5.6642323e-05  5.6606161e-06  1.0002410   2.7219825e-05  
-5.4429068e-05  -1.1343458e-05  5.5262024e-05  -2.6852739e-05  -7.5650968e-05  -6.1940916e-05  5.7403712e-05  1.6950418e-05  2.7219825e-05  1.0002293   
