1.0000000   5.5385066e-16  -1.6130315e-16  -5.7784375e-17  3.5648966e-16  3.8368868e-16  2.9469875e-16  -2.8011654e-16  -4.8578859e-17  2.6349840e-16  
5.5386024e-16  1.0000000   -4.2830821e-17  -5.2888707e-17  1.6732390e-17  8.1431791e-16  -3.9621516e-16  -9.8925868e-17  1.7304437e-16  -4.2289073e-16  
-1.6130385e-16  -4.6943425e-17  1.0000000   -4.6797855e-16  8.3288962e-16  4.4591294e-16  -2.3253141e-16  -1.1184790e-16  7.7403889e-16  -1.9218892e-16  
-5.7785738e-17  -4.7977679e-17  -5.3155574e-16  1.0000000   -8.7367125e-16  -6.1439542e-16  8.8210125e-16  8.3659577e-17  -2.7927261e-16  3.4166810e-16  
3.5650163e-16  1.7720549e-17  6.9922160e-16  -7.3855026e-16  1.0000000   8.6262659e-17  -6.5262518e-16  1.1722095e-16  8.1012477e-16  -2.1147533e-16  
3.8370892e-16  8.4120175e-16  4.4504369e-16  -6.1569601e-16  8.1932207e-17  1.0000000   -1.5861320e-16  3.9148489e-16  -7.0022026e-16  7.0313476e-17  
2.9468677e-16  -4.0524112e-16  -2.3860082e-16  8.8177846e-16  -6.5354425e-16  -1.1871572e-16  1.0000000   2.3097366e-16  -4.2654164e-16  1.6786160e-16  
-2.8011274e-16  -1.0528455e-16  -6.4221678e-17  -5.8266017e-17  2.4205817e-16  3.9842178e-16  2.2753730e-16  1.0000000   -2.6525583e-16  6.2299697e-17  
-4.8575004e-17  1.7830311e-16  7.7241447e-16  -2.7634302e-16  8.0470570e-16  -6.8635695e-16  -3.2745303e-16  -2.7203320e-16  1.0000000   -1.1354561e-15  
2.6349840e-16  -4.4197332e-16  -1.9218945e-16  3.4340452e-16  -2.1147872e-16  1.4802960e-17  1.5399059e-16  6.0563279e-17  -1.1632117e-15  1.0000000   
