1.0000000   9.2809537e-17  2.8399232e-16  4.7067127e-17  3.7267262e-16  -2.7296900e-16  -8.5602202e-18  4.3041447e-16  -3.4293472e-17  -6.8955258e-17  
9.2770242e-17  1.0000000   -4.9847944e-16  2.5479130e-17  -7.3505418e-16  -5.3378654e-16  1.3722196e-16  -3.0793624e-17  -2.4114730e-16  -3.2235279e-16  
2.8399926e-16  -5.0243400e-16  1.0000000   4.0074484e-16  4.2435097e-16  -7.8630114e-17  3.5865720e-16  -8.2293634e-17  1.8227039e-16  3.8132703e-16  
4.7066060e-17  2.6442197e-17  5.1936225e-16  1.0000000   -7.0085005e-16  -8.3468786e-17  -2.0264355e-16  2.0149902e-16  4.5971563e-16  -1.9638798e-16  
3.7266875e-16  -7.3480591e-16  3.9061243e-16  -5.9478168e-16  1.0000000   3.1017423e-16  -2.8545364e-17  1.2315038e-16  6.8232486e-16  -3.7974266e-16  
-2.7296950e-16  -5.3552076e-16  -7.4288943e-17  -8.8020260e-17  3.1451713e-16  1.0000000   4.8255535e-16  5.8003037e-16  -1.1512969e-16  -3.0978028e-16  
-8.5634027e-18  1.5499763e-16  3.5692849e-16  -2.0613984e-16  -2.3344082e-17  3.7851172e-16  1.0000000   3.8039525e-16  -8.7217594e-16  2.1329645e-16  
4.3040999e-16  -2.8537941e-17  -6.0342584e-17  1.9974271e-16  2.1942530e-16  5.7916441e-16  3.7801170e-16  1.0000000   -1.1163375e-16  -1.4351142e-16  
-3.4296491e-17  -2.4396462e-16  1.8877552e-16  4.5069491e-16  6.8203931e-16  -2.0531603e-16  -7.0655208e-16  -1.1608099e-16  1.0000000   -1.5324520e-17  
-6.8948482e-17  -3.1194445e-16  3.8305996e-16  -1.9595175e-16  -3.8062018e-16  -1.9879524e-16  2.1328290e-16  -1.3484180e-16  -5.0008825e-17  1.0000000   
