1.0000000   1.7140892e-16  2.2805838e-16  -6.5321380e-17  -3.2690574e-17  1.3510160e-16  3.5854371e-16  4.1053088e-16  6.2312358e-16  -5.9706566e-16  
1.7140815e-16  1.0000000   -6.3093856e-08  1.9259352e-08  2.2479299e-08  -1.9670404e-08  -1.1479529e-07  7.1436860e-08  1.2787458e-07  -7.1250211e-08  
2.2806109e-16  -6.3093856e-08  1.0000002   -8.1146932e-07  -4.3326699e-07  4.0727993e-08  6.1219036e-08  -6.5041080e-08  -1.1101804e-08  -4.4008685e-09  
-6.5331695e-17  1.9259352e-08  -8.1146932e-07  1.0000003   -7.6825972e-08  2.0218737e-07  -5.3521255e-08  -1.3144027e-08  4.4164304e-08  4.1714643e-08  
-3.2690295e-17  2.2479299e-08  -4.3326699e-07  -7.6825972e-08  1.0000004   6.2561850e-07  -7.4185167e-08  -3.6972205e-08  -3.4248152e-08  3.8867001e-09  
1.3510508e-16  -1.9670404e-08  4.0727993e-08  2.0218737e-07  6.2561850e-07  0.99999978  -1.3435692e-07  -9.0517957e-09  1.0921481e-08  1.2886977e-08  
3.5855310e-16  -1.1479529e-07  6.1219036e-08  -5.3521255e-08  -7.4185167e-08  -1.3435692e-07  0.99999965  -9.4234060e-08  4.2794343e-08  -6.8782926e-08  
4.1053353e-16  7.1436860e-08  -6.5041080e-08  -1.3144027e-08  -3.6972205e-08  -9.0517957e-09  -9.4234060e-08  0.99999941  2.5153350e-07  -8.7480532e-07  
6.2313186e-16  1.2787458e-07  -1.1101804e-08  4.4164304e-08  -3.4248152e-08  1.0921481e-08  4.2794343e-08  2.5153350e-07  1.0000002   -5.7803004e-08  
-5.9706651e-16  -7.1250211e-08  -4.4008685e-09  4.1714643e-08  3.8867001e-09  1.2886977e-08  -6.8782926e-08  -8.7480532e-07  -5.7803004e-08  1.0000006   
