1.0000000   4.8942161e-16  -1.7143189e-16  1.1326381e-17  -5.0749062e-16  -8.7698862e-17  1.2450348e-16  -2.5012974e-16  -3.9705258e-16  -1.1568005e-16  
4.8941549e-16  1.0000000   -1.1218794e-07  1.7442018e-08  -1.3908944e-08  -4.8212117e-08  -5.0871600e-08  8.5903785e-08  2.3783301e-08  -1.2281508e-07  
-1.7143203e-16  -1.1218794e-07  1.0000006   -7.7481081e-07  -2.6384380e-07  3.4372336e-07  -1.1155072e-07  9.2128485e-09  1.6640816e-08  -8.6662390e-09  
1.1330668e-17  1.7442018e-08  -7.7481081e-07  0.99999974  -2.4620192e-08  6.2865816e-08  7.7327878e-09  6.7477555e-08  1.0596423e-08  5.8835564e-08  
-5.0749284e-16  -1.3908944e-08  -2.6384380e-07  -2.4620192e-08  0.99999950  -1.2468443e-07  7.5063105e-09  2.0027035e-08  3.1380917e-08  -1.4861079e-08  
-8.7703637e-17  -4.8212117e-08  3.4372336e-07  6.2865816e-08  -1.2468443e-07  1.0000008   -2.3613689e-08  -6.0257657e-08  8.2686220e-08  -9.3762721e-09  
1.2448941e-16  -5.0871600e-08  -1.1155072e-07  7.7327878e-09  7.5063105e-09  -2.3613689e-08  1.0000002   -5.0231436e-08  -1.3383533e-07  -9.8210610e-09  
-2.5013450e-16  8.5903785e-08  9.2128485e-09  6.7477555e-08  2.0027035e-08  -6.0257657e-08  -5.0231436e-08  1.0000001   3.0260838e-07  -9.0792161e-07  
-3.9703878e-16  2.3783301e-08  1.6640816e-08  1.0596423e-08  3.1380917e-08  8.2686220e-08  -1.3383533e-07  3.0260838e-07  0.99999955  -4.5078820e-07  
-1.1567869e-16  -1.2281508e-07  -8.6662390e-09  5.8835564e-08  -1.4861079e-08  -9.3762720e-09  -9.8210610e-09  -9.0792161e-07  -4.5078820e-07  0.99999921  
