1.0000000   -6.0797286e-17  3.8097118e-16  2.6993912e-16  1.7821404e-16  -4.9102741e-16  -2.6585110e-16  1.2113508e-16  6.4406133e-17  2.9634275e-16  
-6.0790220e-17  1.0000002   -1.3168256e-09  1.7437492e-08  8.5766947e-09  -2.7567342e-10  1.4875439e-07  4.0855097e-07  1.0004447e-07  -2.5180067e-07  
3.8096743e-16  -1.3168256e-09  0.99999956  2.9492724e-07  1.6910748e-07  -3.6825427e-07  3.3157947e-08  -5.2108969e-08  -5.0381308e-08  3.9197600e-08  
2.6993828e-16  1.7437492e-08  2.9492724e-07  1.0000001   1.0245737e-07  1.5171597e-08  4.8734935e-08  -1.9728210e-09  2.4933734e-08  -4.9722606e-08  
1.7821030e-16  8.5766947e-09  1.6910748e-07  1.0245737e-07  0.99999991  8.8627889e-09  7.9770164e-08  5.1877954e-08  -1.6679067e-08  -4.7507346e-08  
-4.9103621e-16  -2.7567342e-10  -3.6825427e-07  1.5171597e-08  8.8627890e-09  0.99999834  5.0196868e-09  6.6916787e-08  -3.8505314e-09  -2.4579665e-08  
-2.6584827e-16  1.4875439e-07  3.3157947e-08  4.8734935e-08  7.9770164e-08  5.0196868e-09  1.0000016   5.8557323e-07  6.0837190e-07  -6.9269418e-07  
1.2113456e-16  4.0855097e-07  -5.2108969e-08  -1.9728210e-09  5.1877954e-08  6.6916787e-08  5.8557323e-07  1.0000001   -5.4947690e-07  -5.9816078e-07  
6.4409802e-17  1.0004447e-07  -5.0381308e-08  2.4933734e-08  -1.6679067e-08  -3.8505314e-09  6.0837190e-07  -5.4947690e-07  0.99999894  4.8385362e-10  
2.9634548e-16  -2.5180067e-07  3.9197600e-08  -4.9722606e-08  -4.7507346e-08  -2.4579665e-08  -6.9269418e-07  -5.9816078e-07  4.8385362e-10  1.0000002   
