1.0000000   -1.5146597e-16  -6.4281263e-17  -6.5568152e-17  -2.2802310e-17  -3.0092857e-17  -2.1210408e-16  -2.0210613e-17  -2.1095160e-16  6.5149539e-18  
-1.5146570e-16  1.0000000   1.2067848e-15  -1.2867176e-15  -9.7660358e-17  -7.9190127e-16  2.9235512e-16  -2.8047971e-16  6.4369083e-16  3.1918912e-16  
-6.4303816e-17  1.2097901e-15  1.0000000   -6.9299841e-14  -6.4600228e-15  -1.6955296e-15  6.0969770e-16  1.1940426e-14  1.6338927e-16  -2.9842665e-16  
-6.5554540e-17  -1.2906995e-15  -6.5487930e-14  1.0000000   5.8083583e-15  1.8401079e-15  -1.4122275e-15  -1.2628341e-14  1.2250129e-15  3.6017196e-16  
-2.2810672e-17  -9.8180754e-17  -4.3579142e-15  4.2047461e-15  1.0000000   6.6931866e-16  -3.3603491e-17  -2.1553263e-15  1.2943765e-15  -7.4728635e-17  
-3.0092857e-17  -7.7975820e-16  -1.6939575e-15  1.8457458e-15  6.7155483e-16  1.0000000   8.2919782e-16  -5.0241929e-16  -5.5511151e-17  7.7715612e-16  
-2.1208566e-16  2.5435383e-16  6.4352820e-16  -1.4631308e-15  -4.5346756e-17  6.8001160e-16  1.0000000   -1.9194444e-16  -3.4256452e-15  -1.2212453e-15  
-2.0214218e-17  -2.7991771e-16  1.3287111e-14  -1.4051497e-14  -2.1976837e-15  -5.0277165e-16  -1.9965329e-16  1.0000000   2.0857509e-16  -7.0755034e-16  
-2.1097767e-16  6.4859684e-16  1.6311822e-16  1.2408152e-15  1.2985760e-15  -1.8388069e-16  -5.6617037e-16  2.0704873e-16  1.0000000   3.8163916e-16  
6.5132598e-18  3.0357661e-16  -2.8969882e-16  3.4000580e-16  -7.9472019e-17  9.9920072e-16  -1.1657342e-15  -7.0776718e-16  2.4980018e-16  1.0000000   
