1.0000000   8.4483846e-17  -4.6118838e-16  6.6215923e-17  2.7296364e-16  -3.1650116e-16  1.5141813e-16  -1.9898570e-16  1.0955025e-17  -2.8408432e-16  
8.4479378e-17  0.99999996  5.2328212e-10  -5.1711106e-09  -1.9169551e-08  2.8240217e-09  2.6104105e-08  -9.3770736e-08  1.9648913e-08  1.7686796e-08  
-4.6120188e-16  5.2328213e-10  0.99999923  -4.9412219e-07  2.7322048e-07  -3.5189054e-07  -3.6578778e-08  -4.9106842e-08  -4.5219525e-08  3.1937709e-08  
6.6213645e-17  -5.1711106e-09  -4.9412219e-07  1.0000003   1.3875924e-07  1.6027824e-08  -7.2400929e-10  -1.7735434e-08  5.3882656e-08  1.3758215e-08  
2.7295800e-16  -1.9169551e-08  2.7322048e-07  1.3875924e-07  1.0000006   1.8555423e-07  -1.5452796e-08  -5.9469002e-08  7.2285400e-09  9.6164587e-09  
-3.1648830e-16  2.8240217e-09  -3.5189054e-07  1.6027824e-08  1.8555423e-07  1.0000002   4.0036775e-08  1.5111915e-08  -3.3650151e-08  1.2358177e-08  
1.5142575e-16  2.6104105e-08  -3.6578778e-08  -7.2400929e-10  -1.5452796e-08  4.0036775e-08  1.0000015   9.3947867e-08  -1.5743891e-07  4.6521588e-07  
-1.9899557e-16  -9.3770736e-08  -4.9106842e-08  -1.7735434e-08  -5.9469002e-08  1.5111915e-08  9.3947867e-08  0.99999991  -7.9055697e-07  5.9104422e-08  
1.0964998e-17  1.9648913e-08  -4.5219525e-08  5.3882656e-08  7.2285400e-09  -3.3650151e-08  -1.5743891e-07  -7.9055697e-07  0.99999853  -4.1308758e-09  
-2.8409660e-16  1.7686796e-08  3.1937709e-08  1.3758215e-08  9.6164587e-09  1.2358177e-08  4.6521588e-07  5.9104422e-08  -4.1308758e-09  1.0000002   
