1.0000000   2.5871051e-16  4.6821627e-17  -1.8482856e-16  -6.5375466e-17  -1.8423746e-16  3.2371435e-16  1.6249555e-16  5.3583919e-16  -1.1737844e-16  
2.5873202e-16  1.0000000   -3.5126798e-17  -5.4735237e-16  1.8505999e-17  -2.7470793e-16  1.0436934e-16  -5.0630803e-17  -4.2110958e-16  -4.6007442e-17  
4.6811727e-17  -3.3562968e-17  1.0000000   7.7045026e-16  4.7754690e-16  -1.1829525e-16  1.4969637e-16  7.1501160e-17  -1.5872575e-16  -7.0915462e-16  
-1.8481958e-16  -5.4813340e-16  7.4829810e-16  1.0000000   -2.4393471e-16  -3.9053786e-16  -1.1858447e-16  -1.0149599e-16  5.0925589e-16  5.2141654e-17  
-6.5382393e-17  2.1786732e-17  4.0344367e-16  -2.0433125e-16  1.0000000   -3.2089607e-17  -3.0788834e-16  -1.0542886e-16  -3.0620317e-17  -4.8017959e-16  
-1.8425371e-16  -3.2503268e-16  -1.1677247e-16  -3.9139980e-16  -3.3501029e-17  1.0000000   4.4851732e-16  5.9140876e-16  1.4678910e-16  3.5141703e-16  
3.2370781e-16  1.0090060e-16  1.5403820e-16  -1.2118470e-16  -3.0354815e-16  4.4851670e-16  1.0000000   -3.6995160e-16  -2.4737934e-16  -4.6733518e-16  
1.6250193e-16  -5.0560230e-17  4.4760125e-17  -3.9990069e-17  -1.5375371e-16  5.8446139e-16  -3.6820477e-16  1.0000000   2.8004664e-16  5.9997377e-16  
5.3583307e-16  -4.1850752e-16  -1.6349507e-16  5.0752305e-16  -3.1490782e-17  1.4678381e-16  -1.9184265e-16  2.8006224e-16  1.0000000   -1.7750422e-17  
-1.1741232e-16  -4.6878191e-17  -7.0827370e-16  5.3008169e-17  -4.7931900e-16  3.7917938e-16  -4.1180413e-16  5.9476790e-16  -1.7757199e-17  1.0000000   
