1.0000000   -3.5400683e-17  -2.9359439e-16  2.0697599e-16  3.9580841e-16  -8.9988780e-18  1.0699720e-17  3.9234060e-17  3.8478335e-16  -3.1351739e-16  
-3.5400617e-17  1.0000000   2.0139055e-17  6.4450652e-16  3.2704959e-16  -6.6309805e-16  2.1267710e-15  -4.0705481e-16  -3.2066363e-15  8.6302493e-16  
-2.9358946e-16  2.0086751e-17  1.0000000   1.7782139e-16  -6.2283839e-15  4.0658259e-16  -2.3252206e-15  -1.6004298e-15  3.8938850e-15  -1.3091673e-15  
2.0697665e-16  6.4454670e-16  1.1277108e-16  1.0000000   8.2409127e-16  4.0673845e-16  -1.9465088e-15  -5.7946789e-16  3.1848744e-15  -2.9802007e-17  
3.9580532e-16  3.2715038e-16  -6.2238607e-15  7.3503497e-16  1.0000000   6.5729757e-18  -4.6185386e-15  2.9098750e-16  4.4412174e-15  -1.3422965e-15  
-8.9946429e-18  -6.6049596e-16  4.0462425e-16  4.0608792e-16  8.8904578e-18  1.0000000   9.4368957e-16  4.8165682e-17  -4.9960036e-16  -2.2204460e-16  
1.0669227e-17  2.1595139e-15  -2.3201926e-15  -1.9388245e-15  -4.6350727e-15  9.0205621e-16  1.0000000   -2.0450899e-15  -4.0578652e-14  2.7755576e-15  
3.9241506e-17  -4.0700415e-16  -1.2937040e-15  -5.3120736e-16  1.4075689e-17  4.7750635e-17  -2.0452864e-15  1.0000000   2.1097626e-15  2.6094713e-16  
3.8483756e-16  -3.2209478e-15  3.9107172e-15  3.1852234e-15  4.4380732e-15  -9.8532293e-16  -2.8754776e-14  2.1067403e-15  1.0000000   -7.2164497e-16  
-3.1351739e-16  8.6042284e-16  -1.3101499e-15  -2.8622937e-17  -1.3418086e-15  5.5511151e-17  8.8817842e-16  2.6134693e-16  -4.4408921e-16  1.0000000   
