1.0000000   1.5815415e-16  1.7988045e-16  3.1910939e-16  1.7017553e-16  1.9162511e-16  3.1180230e-16  1.9932669e-17  2.7430188e-16  9.6948003e-17  
1.5815992e-16  1.0000000   2.4648219e-16  -7.9779664e-17  3.9741102e-16  3.5008888e-16  -8.3063608e-16  -1.6115348e-16  -1.1017527e-16  -1.3986208e-16  
1.7988549e-16  2.4180271e-16  1.0000000   1.3719753e-16  -3.4677282e-15  -9.0711808e-16  -6.3221269e-16  5.5275975e-16  3.8187972e-16  7.8008346e-16  
3.1911040e-16  -7.9491183e-17  1.2813269e-16  1.0000000   1.0335716e-16  -2.2599178e-16  3.4781799e-16  -1.4063029e-16  -1.3107009e-16  -2.2727588e-16  
1.7016777e-16  4.0016886e-16  -2.8584417e-15  9.5823054e-17  1.0000000   4.4394013e-16  1.8907512e-15  -1.0253881e-16  -1.4094264e-15  -2.8080836e-17  
1.9161622e-16  4.0169690e-16  -9.0671489e-16  -2.2600025e-16  4.4376395e-16  1.0000000   2.3971710e-16  5.7317618e-16  -7.8713078e-17  6.9388939e-17  
3.1177668e-16  -8.3071401e-16  -6.3169541e-16  3.4784565e-16  1.8925793e-15  2.3668133e-16  1.0000000   -4.3396812e-16  7.4870936e-17  -5.0523821e-16  
1.9940993e-17  -1.6115405e-16  5.1053870e-16  -2.4388252e-16  -1.2269077e-16  5.7324988e-16  -4.3365874e-16  1.0000000   8.6197080e-16  -4.8242931e-16  
2.7435344e-16  -1.1012445e-16  3.7715667e-16  -1.3138508e-16  -1.4082918e-15  -7.7195195e-17  5.1780818e-16  8.6270695e-16  1.0000000   5.3776428e-17  
9.6948003e-17  -1.4354837e-16  7.8024609e-16  -2.2728943e-16  -2.8731358e-17  1.1102230e-16  -5.1174343e-16  -4.8257161e-16  6.2450045e-17  1.0000000   
