1.0000000   9.2194452e-18  -4.8541910e-16  1.7095784e-16  2.2675084e-16  2.1845516e-16  5.8391439e-18  8.0941412e-17  6.8406010e-17  4.2190885e-16  
9.2144627e-18  0.99999967  5.2826557e-08  -3.1375760e-09  -2.7777341e-08  9.2669806e-07  -2.1805394e-08  -7.0925733e-09  1.4678647e-08  1.9054587e-07  
-4.8542281e-16  5.2826557e-08  1.0000010   1.2816474e-07  1.1076149e-06  -7.1063427e-09  2.1968145e-08  5.9823990e-08  4.9315510e-08  2.1879693e-08  
1.7095635e-16  -3.1375760e-09  1.2816474e-07  0.99999981  -7.7131985e-08  5.4191280e-08  3.9566844e-08  -7.1091157e-08  2.5020702e-09  -3.6281893e-08  
2.2675064e-16  -2.7777341e-08  1.1076149e-06  -7.7131985e-08  1.0000005   1.3034182e-08  -7.8687022e-09  8.5860967e-08  2.3391937e-08  -1.5009735e-08  
2.1844601e-16  9.2669806e-07  -7.1063427e-09  5.4191280e-08  1.3034182e-08  0.99999791  2.7195767e-08  2.3786238e-08  8.2304571e-08  -5.6738583e-07  
5.8369265e-18  -2.1805394e-08  2.1968145e-08  3.9566844e-08  -7.8687022e-09  2.7195767e-08  1.0000006   -6.7166545e-09  6.6980309e-07  3.6620082e-08  
8.0940826e-17  -7.0925733e-09  5.9823990e-08  -7.1091157e-08  8.5860967e-08  2.3786238e-08  -6.7166545e-09  1.0000024   6.5740357e-08  -2.8503430e-08  
6.8402426e-17  1.4678647e-08  4.9315510e-08  2.5020702e-09  2.3391937e-08  8.2304571e-08  6.6980309e-07  6.5740357e-08  0.99999910  4.4094288e-08  
4.2190149e-16  1.9054587e-07  2.1879693e-08  -3.6281893e-08  -1.5009735e-08  -5.6738583e-07  3.6620082e-08  -2.8503430e-08  4.4094288e-08  0.99999982  
