1.0000000   -4.3543979e-18  -9.3897243e-17  7.4906698e-18  2.7852989e-16  5.6295821e-17  -8.0464064e-16  5.3404966e-18  8.7536196e-16  7.3070568e-17  
-4.3543821e-18  1.0000000   4.1484582e-16  5.1963756e-16  -5.9476959e-16  6.7263903e-16  -5.1781496e-16  2.4165850e-16  1.5317608e-15  2.6020852e-16  
-9.3883977e-17  4.1487250e-16  1.0000000   -3.2069260e-16  2.8297830e-15  5.9758513e-16  -1.8196165e-15  -3.7026785e-16  7.1286293e-17  1.7093531e-15  
7.4890370e-18  5.1955561e-16  -4.9632314e-16  1.0000000   5.6779456e-16  -5.3125906e-16  -1.2555061e-16  4.7591250e-16  9.7675774e-16  -2.9436089e-16  
2.7851540e-16  -5.9474334e-16  4.7757560e-15  2.8993019e-16  1.0000000   -2.6579216e-16  -1.0401294e-15  6.0025699e-16  2.0253981e-15  -1.5098599e-15  
5.6287563e-17  6.6873590e-16  5.9739540e-16  -5.3137426e-16  -2.6508743e-16  1.0000000   5.1070259e-15  4.3178352e-16  -4.8849813e-15  1.2212453e-15  
-8.0458130e-16  -5.4166741e-16  -1.8192912e-15  -1.3070057e-16  -1.0451167e-15  4.8155924e-15  1.0000000   1.0507274e-16  2.7894353e-14  -1.9984014e-15  
5.3431782e-18  2.4167375e-16  -4.1858364e-16  5.2658786e-16  6.1036929e-16  4.3297614e-16  9.8987658e-17  1.0000000   1.1744078e-15  -2.3760291e-16  
8.7528102e-16  1.5894404e-15  7.6056782e-17  9.7645958e-16  2.0276207e-15  -5.5788707e-15  3.1752379e-14  1.1666557e-15  1.0000000   5.3845817e-15  
7.3090473e-17  2.4806546e-16  1.7080521e-15  -2.9514694e-16  -1.5094263e-15  1.2212453e-15  -4.8849813e-15  -2.3321189e-16  7.7715612e-15  1.0000000   
