1.0000000   -1.7835099e-17  -1.3191119e-17  -6.8693783e-18  -1.0964013e-17  -6.6204095e-18  -3.5420800e-17  -4.3316984e-17  -3.6769118e-17  -2.3093506e-17  
-1.7828548e-17  1.0000000   7.2972088e-16  -5.2028122e-16  -6.0569770e-16  2.7717629e-16  8.7502569e-16  5.8740512e-16  6.6168859e-16  3.9399907e-16  
-1.3208491e-17  7.3022287e-16  1.0000000   9.1562925e-16  4.2748944e-15  5.5947204e-16  3.6872827e-16  -6.6597651e-16  1.0408557e-15  7.3156542e-16  
-6.8678771e-18  -5.2024213e-16  1.5867285e-15  1.0000000   -1.3511741e-15  -1.9352670e-16  1.9735021e-17  5.2075792e-16  -5.5980407e-17  2.2234276e-16  
-1.0934484e-17  -6.0593095e-16  5.0278012e-15  -1.0728358e-15  1.0000000   -1.1342110e-16  3.8873222e-16  -1.6510208e-16  -1.0047204e-15  1.4541862e-17  
-6.6055864e-18  2.6237693e-16  5.5897059e-16  -1.9372829e-16  -1.1350919e-16  1.0000000   1.4484941e-16  2.1890381e-16  3.6515929e-16  -8.6042284e-16  
-3.5440653e-17  8.7294538e-16  3.5745743e-16  3.0764872e-17  4.0476147e-16  2.0643209e-16  1.0000000   -2.1929175e-16  2.3917500e-16  2.8449465e-16  
-4.3324749e-17  5.8738940e-16  -9.5175491e-16  5.6691188e-16  -1.1791924e-16  2.1838542e-16  -2.0679632e-16  1.0000000   4.4202923e-16  4.3660821e-16  
-3.6787911e-17  6.6309805e-16  1.0498103e-15  -7.5661747e-17  -1.0134825e-15  3.8250653e-16  -1.9575270e-15  4.7224543e-16  1.0000000   3.9204751e-16  
-2.3101977e-17  3.8857806e-16  7.3096233e-16  2.2236309e-16  1.5449881e-17  -7.2164497e-16  3.4000580e-16  4.3683861e-16  3.7470027e-16  1.0000000   
