1.0000000   -2.3808919e-17  1.3028569e-16  -3.6714647e-16  -4.4776452e-16  2.0920665e-16  -2.7480798e-16  5.7647742e-17  -1.2994015e-16  -1.1752074e-16  
-2.3812374e-17  1.0000000   8.4094670e-17  5.6300023e-16  6.8320523e-17  -1.7071687e-16  4.0202498e-16  1.1772759e-15  2.3019345e-16  2.7946751e-16  
1.3028012e-16  7.7461738e-17  1.0000000   -6.3029084e-16  -2.8031606e-16  1.9840062e-17  6.9172344e-16  -2.0073997e-16  -2.4517590e-16  -3.8590821e-17  
-3.6715463e-16  5.6626588e-16  -5.6166674e-16  1.0000000   4.2069342e-16  -1.5584134e-17  -3.2604939e-16  2.4267754e-16  2.7948757e-16  6.1988751e-16  
-4.4777395e-16  7.1466502e-17  1.4345068e-17  4.6739635e-16  1.0000000   -2.8525496e-16  7.5034798e-17  2.0750067e-16  -2.6744537e-16  -1.9794144e-16  
2.0920506e-16  -1.9023048e-16  1.9030150e-17  -1.6024934e-17  -2.9051616e-16  1.0000000   -2.9520365e-16  2.8845391e-17  2.0719918e-16  1.9520361e-16  
-2.7478999e-16  3.8294285e-16  6.8825190e-16  -3.2257486e-16  7.4383297e-17  -2.8132094e-16  1.0000000   -6.2270885e-17  7.6495911e-16  -5.9294742e-16  
5.7664900e-17  1.1771543e-15  -2.6596347e-16  4.2484265e-16  2.1477865e-16  3.1449095e-17  -6.9211446e-17  1.0000000   -8.2842606e-18  1.3965053e-16  
-1.2992600e-16  2.3019291e-16  -2.4084139e-16  2.7601816e-16  -2.6614485e-16  1.7943907e-16  8.2048335e-16  9.0678388e-18  1.0000000   -4.5620983e-16  
-1.1752582e-16  2.4867193e-16  -4.1228482e-17  6.1771911e-16  -1.9324718e-16  2.6807428e-16  -5.9988790e-16  1.3921622e-16  -4.6314893e-16  1.0000000   
