1.0000000   -3.7136663e-16  5.5244157e-16  1.5919511e-16  -2.8754936e-17  1.9703276e-17  -1.6825239e-16  1.5026655e-16  -5.9144930e-16  1.2472510e-16  
-3.7137272e-16  1.0000000   -1.6287099e-08  -7.0843300e-08  1.6068162e-08  -9.5019468e-09  5.4953751e-08  3.2734886e-08  -7.0675364e-08  -6.9928786e-08  
5.5245921e-16  -1.6287099e-08  0.99999940  3.3507451e-07  -5.8679830e-07  2.5483565e-07  -6.1999572e-08  4.4608686e-08  -5.5570376e-09  2.0638791e-08  
1.5922254e-16  -7.0843300e-08  3.3507451e-07  1.0000010   -3.9156140e-07  -7.1482274e-08  -1.2918044e-08  -6.3495193e-08  8.6033291e-09  -2.6759983e-08  
-2.8771251e-17  1.6068162e-08  -5.8679830e-07  -3.9156140e-07  1.0000008   -4.5143367e-07  5.7299515e-08  -1.6862717e-08  -3.2146035e-09  -3.4188976e-08  
1.9661822e-17  -9.5019468e-09  2.5483565e-07  -7.1482274e-08  -4.5143367e-07  0.99999898  -3.7702896e-08  -1.4242174e-08  -1.1284602e-09  4.6229112e-08  
-1.6824405e-16  5.4953751e-08  -6.1999572e-08  -1.2918044e-08  5.7299515e-08  -3.7702896e-08  0.99999993  4.8910169e-07  5.5874940e-08  -2.4414210e-07  
1.5026832e-16  3.2734885e-08  4.4608686e-08  -6.3495193e-08  -1.6862717e-08  -1.4242174e-08  4.8910169e-07  0.99999933  -2.5919259e-07  -1.8686849e-07  
-5.9144581e-16  -7.0675364e-08  -5.5570376e-09  8.6033291e-09  -3.2146035e-09  -1.1284602e-09  5.5874940e-08  -2.5919259e-07  1.0000005   7.4023672e-08  
1.2473352e-16  -6.9928786e-08  2.0638791e-08  -2.6759983e-08  -3.4188976e-08  4.6229112e-08  -2.4414210e-07  -1.8686849e-07  7.4023672e-08  1.0000004   
