1.0000000   7.1314563e-17  2.0926943e-16  8.7203777e-17  -6.9340764e-18  1.8216206e-16  2.3349628e-17  -1.1795722e-16  6.0689911e-17  -9.8899567e-17  
7.1314232e-17  1.0000000   -7.6541688e-16  -4.6355944e-16  2.0322523e-16  -2.3559713e-16  -3.7974181e-17  -5.0724568e-17  -1.9480403e-16  -3.6038880e-16  
2.0928872e-16  -7.6540851e-16  1.0000000   6.3986398e-16  1.0825280e-14  -9.0701982e-16  3.9951685e-16  -2.0852806e-15  -3.2557914e-16  1.2290787e-15  
8.7207901e-17  -4.6357944e-16  5.7450608e-16  1.0000000   5.8306292e-16  5.6547920e-17  -2.2496507e-16  5.5931389e-16  -9.3641017e-16  -3.1016314e-16  
-6.9799975e-18  2.0322454e-16  1.1162911e-14  5.3925785e-16  1.0000000   3.1692246e-16  1.4551666e-16  1.4337911e-15  -1.5137665e-16  -7.0120776e-16  
1.8216799e-16  -1.8908486e-16  -9.0688091e-16  5.6492015e-17  3.1669545e-16  1.0000000   1.0817085e-15  -1.7444813e-16  -7.3552275e-16  9.9920072e-16  
2.3327923e-17  -4.0820212e-17  4.0793107e-16  -2.2521039e-16  1.4362291e-16  1.0859369e-15  1.0000000   -6.8007937e-16  2.7356589e-15  8.3266727e-16  
-1.1796409e-16  -5.0777084e-17  -2.0778779e-15  7.3519380e-16  1.4295034e-15  -1.7436681e-16  -6.7986549e-16  1.0000000   1.2012960e-16  1.6208822e-16  
6.0726333e-17  -1.9190378e-16  -3.3179297e-16  -9.3621535e-16  -1.4735663e-16  -7.4072692e-16  2.4784320e-15  1.2125785e-16  1.0000000   1.8041124e-16  
-9.8913119e-17  -3.6602665e-16  1.2292684e-15  -3.1018347e-16  -7.0137039e-16  8.6042284e-16  8.5001450e-16  1.6230507e-16  8.3266727e-17  1.0000000   
