1.0000000   8.9428915e-17  -1.6974740e-16  -2.4254717e-17  7.8624258e-17  -1.2797344e-16  -8.5176011e-17  -7.4005248e-17  2.0523770e-16  -6.4224954e-16  
8.9427223e-17  0.99999988  -1.4093204e-08  9.9352823e-09  -3.5448104e-09  1.2381601e-08  2.0324133e-09  5.0103321e-08  1.8580959e-07  -1.8164512e-07  
-1.6975355e-16  -1.4093204e-08  1.0000001   -6.7499030e-07  -1.2057380e-07  -4.4518012e-09  -1.4732834e-08  -2.0034491e-08  7.3696281e-09  5.7088244e-09  
-2.4272130e-17  9.9352823e-09  -6.7499030e-07  1.0000005   -1.3788850e-07  5.6410246e-08  3.4968540e-08  -1.7844910e-08  -2.6599552e-08  2.3711253e-08  
7.8627285e-17  -3.5448104e-09  -1.2057380e-07  -1.3788850e-07  1.0000007   -2.2957832e-08  -4.0765095e-09  -1.3746038e-08  -2.0785962e-08  -2.4955304e-09  
-1.2797093e-16  1.2381601e-08  -4.4518012e-09  5.6410246e-08  -2.2957832e-08  1.0000007   -8.9413431e-09  -3.4392018e-08  -6.8491112e-09  7.3040052e-09  
-8.5181909e-17  2.0324133e-09  -1.4732834e-08  3.4968540e-08  -4.0765095e-09  -8.9413431e-09  0.99999878  -2.0586546e-08  6.8752948e-07  2.2541853e-07  
-7.3995563e-17  5.0103321e-08  -2.0034491e-08  -1.7844910e-08  -1.3746038e-08  -3.4392018e-08  -2.0586546e-08  1.0000005   -1.8625787e-07  4.8893326e-07  
2.0524076e-16  1.8580959e-07  7.3696281e-09  -2.6599552e-08  -2.0785962e-08  -6.8491112e-09  6.8752948e-07  -1.8625787e-07  0.99999972  -1.4386042e-07  
-6.4225555e-16  -1.8164512e-07  5.7088244e-09  2.3711253e-08  -2.4955304e-09  7.3040052e-09  2.2541853e-07  4.8893326e-07  -1.4386042e-07  1.0000005   
