1.0000000   -8.5500498e-17  -6.6412040e-16  5.3515464e-16  -1.1057086e-16  1.5860524e-16  -3.7963339e-16  -1.9433700e-16  -2.4188234e-16  5.1294580e-16  
-8.5504353e-17  0.99999995  -1.3041150e-08  3.3574076e-08  -1.3435590e-08  2.0295313e-08  -6.2544184e-08  -4.9130457e-08  -1.8996703e-07  5.9905196e-08  
-6.6414529e-16  -1.3041150e-08  1.0000001   -4.6918207e-07  1.9605764e-07  -8.5941409e-09  4.4686976e-08  -2.9497807e-07  9.5560168e-09  2.5350156e-08  
5.3515412e-16  3.3574076e-08  -4.6918207e-07  0.99999996  4.6402999e-07  -3.8689890e-08  -7.5677426e-09  3.4768285e-07  -8.0946762e-08  -1.5143072e-08  
-1.1055031e-16  -1.3435590e-08  1.9605764e-07  4.6402999e-07  0.99999974  -1.2636199e-08  -2.2402415e-09  -5.3568665e-07  2.3905750e-09  -2.4168371e-08  
1.5858502e-16  2.0295313e-08  -8.5941409e-09  -3.8689890e-08  -1.2636199e-08  1.0000007   -1.1135666e-07  -1.1480903e-09  -2.4447594e-07  -9.2870825e-07  
-3.7959912e-16  -6.2544184e-08  4.4686976e-08  -7.5677426e-09  -2.2402415e-09  -1.1135666e-07  0.99999986  -2.4151447e-08  5.3852435e-07  2.5818135e-07  
-1.9430763e-16  -4.9130457e-08  -2.9497807e-07  3.4768285e-07  -5.3568665e-07  -1.1480903e-09  -2.4151447e-08  0.99999925  -8.4209720e-09  -5.2230304e-08  
-2.4189016e-16  -1.8996703e-07  9.5560168e-09  -8.0946762e-08  2.3905750e-09  -2.4447594e-07  5.3852435e-07  -8.4209720e-09  1.0000004   7.0154341e-08  
5.1293696e-16  5.9905196e-08  2.5350156e-08  -1.5143072e-08  -2.4168371e-08  -9.2870825e-07  2.5818135e-07  -5.2230304e-08  7.0154341e-08  0.99999982  
