1.0000000   1.6935656e-16  -1.7715625e-16  -4.5250807e-16  -1.3628529e-16  3.5463039e-16  -7.1493439e-16  -5.3918699e-16  1.0222870e-15  -3.0844197e-16  
1.6935285e-16  1.0000000   1.3002529e-16  -1.7156410e-16  1.0203925e-15  -4.5768075e-17  -1.7789154e-16  1.8620442e-16  -3.8346002e-16  6.5883070e-17  
-1.7715450e-16  1.3479569e-16  1.0000000   -9.3395744e-17  -3.4777336e-16  -3.1133630e-16  -4.5433206e-16  -6.6840424e-16  -3.8523384e-16  3.8438355e-17  
-4.5251677e-16  -1.7998110e-16  -8.0645351e-17  1.0000000   5.1166415e-16  1.8990267e-16  4.6165651e-16  -1.3742945e-16  -8.3040104e-16  -5.8919612e-18  
-1.3628022e-16  1.0183083e-15  -3.4657611e-16  4.7307954e-16  1.0000000   8.5234235e-16  -1.0970141e-16  -2.3522650e-16  3.4300587e-16  -1.3101567e-16  
3.5464162e-16  -4.2302597e-17  -3.0786409e-16  1.8599841e-16  8.4757267e-16  1.0000000   -2.1816335e-16  2.8939621e-16  4.8226249e-16  -1.7569835e-16  
-7.1494993e-16  -2.6463069e-16  -4.5259925e-16  4.6294098e-16  -1.0753778e-16  -2.4590555e-16  1.0000000   3.3425988e-16  -3.1533095e-17  -1.0493383e-16  
-5.3917085e-16  1.8544846e-16  -5.7639883e-16  -1.2854576e-16  -2.1909361e-16  2.7725041e-16  3.3687048e-16  1.0000000   6.5090467e-16  2.3676604e-16  
1.0222858e-15  -4.1469690e-16  -3.9217838e-16  -8.3190988e-16  3.4669393e-16  5.6554236e-16  -1.1480617e-16  6.4700111e-16  1.0000000   -4.0535609e-16  
-3.0843519e-16  5.8943329e-17  3.3230797e-17  -1.1231657e-18  -1.3253270e-16  -1.2017958e-16  -1.0493722e-16  2.3156695e-16  -3.4983138e-16  1.0000000   
