1.0000000   5.5537247e-17  -2.3361496e-16  -6.3974115e-17  -4.1569933e-16  -8.9708496e-17  -8.7217189e-17  -6.7434962e-17  -2.2993335e-16  2.9280170e-16  
5.5539118e-17  0.99999987  2.9514710e-08  -2.0118803e-08  1.7243319e-08  4.6120114e-07  -3.3270451e-08  -5.4361706e-09  -4.7685233e-08  -9.9479274e-08  
-2.3362938e-16  2.9514710e-08  1.0000007   -4.8817151e-08  6.6684956e-07  -1.4845777e-11  -2.5099863e-08  2.0105814e-07  1.1333620e-08  1.0520342e-08  
-6.3976065e-17  -2.0118803e-08  -4.8817151e-08  1.0000005   -9.1027695e-08  3.3802405e-08  2.6653640e-08  -7.3318684e-07  -1.5069723e-08  2.8591043e-08  
-4.1571736e-16  1.7243319e-08  6.6684956e-07  -9.1027695e-08  0.99999925  -3.1502304e-08  1.9121855e-08  3.8669300e-07  4.6588485e-08  -6.3964588e-09  
-8.9705744e-17  4.6120114e-07  -1.4845777e-11  3.3802405e-08  -3.1502304e-08  0.99999853  -1.5517411e-08  -2.4793766e-08  6.0791166e-08  2.3076100e-07  
-8.7214864e-17  -3.3270451e-08  -2.5099863e-08  2.6653640e-08  1.9121855e-08  -1.5517411e-08  0.99999933  4.5694413e-08  -1.6649063e-08  -4.7066091e-08  
-6.7430617e-17  -5.4361706e-09  2.0105814e-07  -7.3318684e-07  3.8669300e-07  -2.4793766e-08  4.5694413e-08  1.0000017   -5.6099350e-08  -2.4026395e-08  
-2.2992997e-16  -4.7685233e-08  1.1333620e-08  -1.5069723e-08  4.6588485e-08  6.0791166e-08  -1.6649063e-08  -5.6099350e-08  1.0000007   -2.0675987e-08  
2.9279919e-16  -9.9479274e-08  1.0520342e-08  2.8591043e-08  -6.3964588e-09  2.3076100e-07  -4.7066091e-08  -2.4026395e-08  -2.0675987e-08  1.0000004   
