1.0000000   1.2604763e-16  3.0790983e-17  -4.8919205e-16  2.3193430e-17  -6.1484529e-16  1.6183729e-16  6.1185715e-17  -3.1184451e-16  -2.5417738e-16  
1.2604483e-16  0.99999981  -6.0926882e-09  4.5952919e-08  2.4758204e-09  1.7449272e-08  2.8849039e-08  -3.8116851e-07  -1.4801273e-07  1.0637275e-07  
3.0809664e-17  -6.0926882e-09  1.0000003   3.0231085e-08  -2.6339256e-07  -2.6839140e-07  -4.7097385e-08  4.8742830e-09  1.0435256e-08  -3.3940532e-08  
-4.8919924e-16  4.5952919e-08  3.0231085e-08  0.99999982  1.3072215e-07  -1.3160242e-07  3.3733081e-08  -3.6175972e-09  -2.8871033e-08  8.5017352e-09  
2.3190790e-17  2.4758204e-09  -2.6339256e-07  1.3072215e-07  0.99999916  1.3711119e-07  7.0133505e-09  5.5710337e-08  -6.8185155e-09  -1.6438916e-08  
-6.1484453e-16  1.7449272e-08  -2.6839140e-07  -1.3160242e-07  1.3711119e-07  1.0000008   4.4236322e-08  2.1045834e-08  -3.5757191e-08  3.5889700e-09  
1.6185259e-16  2.8849039e-08  -4.7097385e-08  3.3733081e-08  7.0133504e-09  4.4236322e-08  1.0000004   -3.1073485e-08  3.6734415e-07  -3.7675129e-08  
6.1184374e-17  -3.8116851e-07  4.8742830e-09  -3.6175972e-09  5.5710337e-08  2.1045834e-08  -3.1073485e-08  0.99999995  -3.5916030e-08  1.0747952e-07  
-3.1184663e-16  -1.4801273e-07  1.0435256e-08  -2.8871033e-08  -6.8185155e-09  -3.5757191e-08  3.6734415e-07  -3.5916030e-08  1.0000004   -5.7418184e-07  
-2.5419102e-16  1.0637275e-07  -3.3940532e-08  8.5017352e-09  -1.6438916e-08  3.5889700e-09  -3.7675129e-08  1.0747952e-07  -5.7418184e-07  0.99999878  
