1.0000000   5.2444654e-17  -2.6165193e-16  -2.3635859e-20  4.1657836e-16  2.1147956e-16  7.9523431e-16  1.6553636e-17  -5.2915750e-16  1.1743265e-17  
5.2446308e-17  1.0000000   2.2218579e-16  -1.8493826e-16  -7.2689821e-16  -8.5814602e-17  3.1310149e-16  5.1353596e-17  8.8235592e-16  -5.5554519e-16  
-2.6160513e-16  2.3733884e-16  1.0000000   -3.2764709e-16  -7.2082388e-16  8.5960292e-17  8.6738257e-16  -1.0706459e-15  1.0834961e-15  -2.9905006e-16  
-2.2104748e-20  -1.8540048e-16  -3.9771245e-16  1.0000000   7.1400219e-17  -2.0476852e-16  3.8377154e-16  1.3857378e-15  -1.0121316e-15  -4.7881078e-16  
4.1656292e-16  -7.3775214e-16  -2.1723047e-15  2.7218539e-16  1.0000000   -4.2695543e-16  -1.8832292e-15  1.5566837e-15  -9.6524137e-16  -4.0175112e-16  
2.1146220e-16  -1.0072238e-16  7.9146759e-17  -2.0470584e-16  -4.2294727e-16  1.0000000   4.0085665e-16  -4.4816174e-16  3.0617869e-16  4.1633363e-16  
7.9522931e-16  3.0543330e-16  8.6450385e-16  3.8476705e-16  -1.8845979e-15  4.1806836e-16  1.0000000   -8.9068733e-16  -3.0303925e-15  6.7133799e-16  
1.6553295e-17  5.1324691e-17  -1.0214293e-15  1.2563586e-15  1.5035167e-15  -4.4761287e-16  -9.1728660e-16  1.0000000   4.7341857e-16  4.8561415e-16  
-5.2915297e-16  8.9023840e-16  1.0861779e-15  -1.0086250e-15  -9.6725413e-16  1.6219665e-16  -1.9293335e-15  4.4063310e-16  1.0000000   4.2847670e-16  
1.1743265e-17  -5.5511151e-16  -2.9802007e-16  -4.7881078e-16  -4.0297084e-16  4.4408921e-16  6.6721802e-16  4.8566836e-16  4.1459891e-16  1.0000000   
