0.99992198  -3.5927163e-05  2.0400802e-05  3.1093929e-05  4.2073827e-05  1.5714737e-05  1.6890267e-05  -9.9004295e-06  -2.6241338e-05  -4.5056008e-06  
-3.5927163e-05  0.99989028  5.3395480e-06  2.9589177e-05  -5.0098370e-05  1.5924911e-05  1.7865810e-05  4.7150463e-05  6.4320665e-06  -1.8687553e-05  
2.0400802e-05  5.3395480e-06  0.99995674  5.3398047e-05  4.0294153e-05  5.2203261e-06  -5.0221198e-05  1.8536601e-05  -1.5789173e-06  5.2647203e-06  
3.1093929e-05  2.9589177e-05  5.3398047e-05  0.99996804  -4.5716939e-05  3.5980214e-05  -5.3008231e-05  1.8132913e-05  -5.2592115e-05  1.2393252e-05  
4.2073827e-05  -5.0098370e-05  4.0294153e-05  -4.5716939e-05  0.99982172  -1.3136619e-05  -1.6736497e-05  -2.5643642e-05  -2.6972456e-05  3.0339415e-06  
1.5714737e-05  1.5924911e-05  5.2203261e-06  3.5980214e-05  -1.3136619e-05  0.99994956  -3.9669668e-05  2.1132774e-05  1.7737870e-05  3.2396186e-05  
1.6890267e-05  1.7865810e-05  -5.0221198e-05  -5.3008231e-05  -1.6736497e-05  -3.9669668e-05  0.99993710  -9.6125560e-06  9.6541442e-05  -1.4402518e-05  
-9.9004295e-06  4.7150463e-05  1.8536601e-05  1.8132913e-05  -2.5643642e-05  2.1132774e-05  -9.6125560e-06  0.99999349  2.0857654e-06  -1.7114829e-05  
-2.6241338e-05  6.4320665e-06  -1.5789173e-06  -5.2592115e-05  -2.6972456e-05  1.7737870e-05  9.6541442e-05  2.0857654e-06  0.99993755  1.1944855e-05  
-4.5056008e-06  -1.8687553e-05  5.2647203e-06  1.2393252e-05  3.0339415e-06  3.2396186e-05  -1.4402518e-05  -1.7114829e-05  1.1944855e-05  0.99995485  
