0.99992800  7.2502025e-05  -3.4288336e-06  -5.6804806e-05  2.7144017e-05  8.1413255e-05  -3.8562411e-05  -4.0124877e-06  2.0033890e-05  -6.7835679e-05  
7.2502025e-05  0.99995671  8.9861591e-06  -1.6170429e-05  -1.4266839e-05  3.5671708e-06  7.8099279e-06  -2.6274956e-05  5.7078521e-06  4.7233755e-06  
-3.4288336e-06  8.9861591e-06  0.99993013  -2.4985567e-05  -3.7417666e-06  1.2615661e-05  2.0699747e-05  4.0307138e-06  -1.0697538e-05  1.3387215e-05  
-5.6804806e-05  -1.6170429e-05  -2.4985567e-05  0.99997580  1.7120058e-05  1.2337557e-05  7.6389747e-06  -1.2802475e-06  7.5521154e-07  -2.6545798e-06  
2.7144017e-05  -1.4266839e-05  -3.7417666e-06  1.7120058e-05  1.0000197   -8.8399997e-06  3.1455356e-05  2.0316964e-05  3.3444637e-07  2.5017293e-05  
8.1413255e-05  3.5671708e-06  1.2615661e-05  1.2337557e-05  -8.8399997e-06  1.0000035   -1.9597988e-05  -1.9242439e-05  -1.9653551e-05  1.1855758e-06  
-3.8562411e-05  7.8099279e-06  2.0699747e-05  7.6389747e-06  3.1455356e-05  -1.9597988e-05  1.0000211   3.3116355e-05  5.6963645e-05  -7.4293341e-06  
-4.0124877e-06  -2.6274956e-05  4.0307138e-06  -1.2802475e-06  2.0316964e-05  -1.9242439e-05  3.3116355e-05  0.99995375  -1.5841530e-05  -1.7138605e-05  
2.0033890e-05  5.7078521e-06  -1.0697538e-05  7.5521154e-07  3.3444637e-07  -1.9653551e-05  5.6963645e-05  -1.5841530e-05  0.99998013  2.7453527e-05  
-6.7835679e-05  4.7233755e-06  1.3387215e-05  -2.6545798e-06  2.5017293e-05  1.1855758e-06  -7.4293341e-06  -1.7138605e-05  2.7453527e-05  0.99997977  
