1.0000000   2.4428987e-16  -1.0125788e-16  3.0837905e-16  -1.6162474e-16  -1.7673976e-17  -2.9622349e-16  4.7251383e-16  5.5284603e-18  -3.1782214e-16  
2.4429333e-16  0.99999980  -3.6319629e-08  3.5553373e-09  -2.3608381e-08  -2.8665925e-08  -2.2246850e-08  -5.5738376e-07  -2.2020041e-08  2.2038863e-07  
-1.0125666e-16  -3.6319629e-08  0.99999988  3.6906277e-08  2.2821993e-08  3.1085307e-07  4.5251298e-09  -2.0046150e-08  5.6484694e-08  -1.3194898e-09  
3.0838238e-16  3.5553373e-09  3.6906277e-08  1.0000004   2.2178559e-08  -1.5749648e-07  -6.4232396e-08  2.4712940e-08  -1.6247820e-08  -4.9086448e-08  
-1.6162182e-16  -2.3608381e-08  2.2821993e-08  2.2178559e-08  1.0000015   3.2571914e-07  3.9556152e-08  5.3960311e-08  2.3237508e-09  -5.7121809e-09  
-1.7677669e-17  -2.8665925e-08  3.1085307e-07  -1.5749648e-07  3.2571914e-07  0.99999917  -2.7520326e-08  1.4568567e-08  5.2258912e-09  -1.0567283e-09  
-2.9624305e-16  -2.2246850e-08  4.5251298e-09  -6.4232396e-08  3.9556152e-08  -2.7520326e-08  0.99999995  4.2671374e-07  1.0054497e-07  -4.6380109e-07  
4.7248650e-16  -5.5738376e-07  -2.0046150e-08  2.4712940e-08  5.3960311e-08  1.4568567e-08  4.2671374e-07  0.99999879  4.9351934e-07  3.3191499e-07  
5.5468808e-18  -2.2020041e-08  5.6484694e-08  -1.6247820e-08  2.3237508e-09  5.2258912e-09  1.0054497e-07  4.9351934e-07  1.0000000   2.5308715e-07  
-3.1786977e-16  2.2038863e-07  -1.3194898e-09  -4.9086448e-08  -5.7121809e-09  -1.0567283e-09  -4.6380109e-07  3.3191499e-07  2.5308715e-07  1.0000007   
