1.0000000   4.5555563e-17  3.0339583e-16  -3.2966125e-16  3.8206894e-16  -7.7644387e-16  2.6195474e-16  1.0989642e-16  -2.1471006e-16  -1.8695711e-16  
4.5569089e-17  1.0000000   -1.0614205e-16  1.6111250e-16  -7.7472313e-16  7.6684612e-16  8.9037083e-17  6.6812550e-16  -2.3922823e-16  -8.2386236e-17  
3.0340139e-16  -1.0364628e-16  1.0000000   -2.7196235e-16  -4.1139717e-16  -9.4216184e-17  -1.6769157e-16  1.7116781e-16  -2.5624313e-16  -1.3253186e-16  
-3.2966240e-16  1.6000326e-16  -2.7577065e-16  1.0000000   1.2895422e-16  1.1412295e-17  -5.2427436e-16  -3.8258153e-16  -7.4128471e-16  -5.7981523e-16  
3.8207122e-16  -7.7624040e-16  -3.9996016e-16  1.3445548e-16  1.0000000   -4.0196867e-16  3.6793627e-16  -6.4143997e-16  -6.0070010e-17  -2.4780457e-16  
-7.7645314e-16  8.1194112e-16  -9.3349136e-17  5.9911923e-18  -4.0370383e-16  1.0000000   -8.1604726e-17  -1.1297220e-15  -4.7283147e-18  -9.1743494e-16  
2.6195801e-16  7.8629798e-17  -1.6595609e-16  -5.2601355e-16  3.7010605e-16  -8.1597582e-17  1.0000000   -1.1780313e-15  2.4919858e-17  -5.7256039e-17  
1.0990035e-16  6.6617425e-16  1.6122350e-16  -3.6580125e-16  -6.3673975e-16  -1.1275596e-15  -1.2014438e-15  1.0000000   2.2986831e-16  3.1051762e-16  
-2.1471346e-16  -2.3922695e-16  -2.5624392e-16  -7.4063297e-16  -5.8332460e-17  5.0774978e-17  -7.2210402e-17  2.2509712e-16  1.0000000   6.3935106e-18  
-1.8697744e-16  -7.5447342e-17  -1.3426658e-16  -5.7894956e-16  -2.4780457e-16  -9.1743494e-16  -5.7262815e-17  3.1485443e-16  6.3911812e-18  1.0000000   
