1.0000000   -4.0423009e-16  1.0849356e-16  -2.8266182e-16  1.2734484e-16  -2.2350999e-16  -2.9002925e-16  4.4685102e-16  -1.7219346e-17  -2.0310719e-17  
-4.0423183e-16  0.99999978  6.6252345e-08  -8.8708271e-09  3.8326887e-09  -1.5047369e-08  4.1457919e-08  5.5209951e-07  1.3077703e-07  -2.8997698e-07  
1.0849405e-16  6.6252345e-08  0.99999946  6.0826009e-07  -2.3322211e-07  -5.3495748e-07  -7.6471032e-08  4.2999497e-08  2.2767594e-08  4.2086266e-08  
-2.8267106e-16  -8.8708271e-09  6.0826009e-07  1.0000002   1.7000975e-07  1.3188117e-07  -7.7562652e-08  -4.7504280e-09  -1.3312665e-08  3.3963851e-08  
1.2734336e-16  3.8326887e-09  -2.3322211e-07  1.7000975e-07  1.0000015   2.5221169e-07  -2.5474127e-07  5.1312835e-08  2.8812675e-08  1.7795089e-08  
-2.2351271e-16  -1.5047369e-08  -5.3495748e-07  1.3188117e-07  2.5221169e-07  1.0000007   -8.6917024e-08  -6.4512257e-08  -4.8755198e-08  -1.3089050e-09  
-2.9001847e-16  4.1457919e-08  -7.6471032e-08  -7.7562652e-08  -2.5474127e-07  -8.6917024e-08  0.99999955  -2.6232015e-07  -5.1274529e-07  -8.5907629e-08  
4.4686092e-16  5.5209951e-07  4.2999497e-08  -4.7504280e-09  5.1312835e-08  -6.4512257e-08  -2.6232015e-07  0.99999851  -3.8677668e-07  6.5755303e-07  
-1.7227772e-17  1.3077703e-07  2.2767594e-08  -1.3312665e-08  2.8812675e-08  -4.8755198e-08  -5.1274529e-07  -3.8677668e-07  1.0000007   -3.1092696e-07  
-2.0291562e-17  -2.8997698e-07  4.2086266e-08  3.3963851e-08  1.7795089e-08  -1.3089050e-09  -8.5907629e-08  6.5755303e-07  -3.1092696e-07  0.99999902  
