1.0000000   2.2541474e-16  8.5160540e-17  1.2885381e-16  7.1737212e-17  1.9655569e-16  1.8960663e-16  1.4450810e-16  2.2935281e-16  1.9405864e-16  
2.2541606e-16  1.0000000   -4.1306409e-17  -2.8084013e-17  -4.5673414e-16  -1.6566609e-16  3.5843724e-16  -1.2750582e-15  -4.9211937e-16  4.1503259e-16  
8.5147716e-17  -4.3014027e-17  1.0000000   9.5752315e-16  -1.5072375e-15  3.1051550e-16  1.6967222e-15  -2.5214625e-16  -1.7453487e-15  3.4390893e-16  
1.2888079e-16  -2.7614121e-17  9.5498544e-16  1.0000000   -4.5956614e-16  5.7259427e-16  -1.9786690e-17  -4.9904005e-18  6.6855972e-16  3.3729530e-16  
7.1748634e-17  -4.5675066e-16  -5.0196072e-16  -4.5406530e-16  1.0000000   -9.3295597e-17  -1.0567719e-15  -7.1505971e-16  9.1598821e-16  -2.5348647e-16  
1.9654722e-16  -1.5222199e-16  3.0867236e-16  5.7382755e-16  -9.2617971e-17  1.0000000   3.8857806e-16  1.3671789e-16  -4.3021142e-16  -4.9960036e-16  
1.8960324e-16  3.7209819e-16  1.7162378e-15  -2.2605615e-17  -1.0761249e-15  -4.7184479e-16  1.0000000   2.1879200e-16  -1.2531642e-14  -1.3322676e-15  
1.4450172e-16  -1.2750662e-15  -2.4852352e-16  -3.2484256e-17  -7.0471156e-16  1.3801894e-16  2.1284244e-16  1.0000000   -8.0840824e-18  3.4526418e-16  
2.2936975e-16  -4.9266147e-16  -1.7613135e-15  6.6971168e-16  9.2742654e-16  4.1633363e-17  -1.1352030e-14  -1.0354131e-17  1.0000000   -1.1102230e-16  
1.9412640e-16  4.0419057e-16  3.4510155e-16  3.3713267e-16  -2.5478751e-16  -5.8286709e-16  -1.9428903e-15  3.4520997e-16  -2.2204460e-16  1.0000000   
