1.0000000   1.7334766e-16  3.6405935e-16  5.7490113e-16  -1.9839917e-16  1.2127455e-16  5.4423686e-17  -3.5699614e-16  3.4655246e-17  2.6119616e-16  
1.7334526e-16  1.0000000   -3.4106774e-16  -1.1181525e-16  1.5639225e-17  1.8700583e-17  -3.2157384e-17  8.3623353e-16  5.9891077e-16  -3.6764618e-17  
3.6406818e-16  -3.3379093e-16  1.0000000   -6.6053324e-16  4.0658413e-16  -5.2026580e-16  5.2884077e-16  -9.5843023e-17  -6.0155247e-17  -4.8680678e-17  
5.7490060e-16  -1.1249773e-16  -6.6897869e-16  1.0000000   -1.6310758e-16  1.0031932e-16  1.7327640e-16  -4.4772065e-16  2.3009695e-16  1.0411051e-16  
-1.9839115e-16  1.6119993e-17  5.4858746e-16  -2.1449426e-16  1.0000000   -2.0191347e-16  -3.8368185e-16  3.0805901e-16  4.6746433e-16  -5.0061849e-16  
1.2126963e-16  4.2129708e-17  -5.1755147e-16  1.0682856e-16  -1.9952770e-16  1.0000000   -2.4490121e-16  9.5308815e-16  2.2350666e-16  2.5259878e-16  
5.4417174e-17  -3.4761475e-17  5.3404082e-16  1.7933667e-16  -3.7684955e-16  -1.3388250e-16  1.0000000   -7.0279536e-16  -1.4679521e-16  -3.5976877e-17  
-3.5700583e-16  8.3396961e-16  -5.1396989e-17  -3.9672912e-16  2.5699389e-16  9.5515017e-16  -7.0908621e-16  1.0000000   -5.5984309e-16  1.9559388e-16  
3.4647382e-17  6.0411609e-16  -6.1656640e-17  2.3399936e-16  4.6095590e-16  2.7900988e-16  1.9728304e-17  -5.5138488e-16  1.0000000   -2.6332137e-16  
2.6119574e-16  -4.8911071e-17  -4.3456178e-17  1.0454758e-16  -5.0566342e-16  2.5259878e-16  1.3054811e-16  1.9429326e-16  -2.0781699e-16  1.0000000   
