1.0000000   -1.5731815e-16  -1.6557838e-16  7.9570378e-18  -1.4132493e-16  -5.7103172e-16  1.5436065e-16  7.8928106e-17  -1.6942878e-16  -3.0901931e-16  
-1.5732181e-16  0.99999979  1.6223881e-08  9.1624721e-08  -1.8384086e-08  -1.1019171e-08  6.6514800e-09  -4.2953016e-07  -5.3169756e-08  1.6660431e-07  
-1.6557839e-16  1.6223881e-08  0.99999929  -4.0564938e-08  -8.8765419e-07  -1.6976220e-07  1.0767941e-07  -2.3763233e-08  -3.9130288e-08  -3.3630050e-09  
7.9587014e-18  9.1624721e-08  -4.0564938e-08  0.99999993  -6.0187190e-08  -7.6048799e-08  1.5666657e-07  9.5645892e-09  -3.5355116e-08  1.8370017e-08  
-1.4132614e-16  -1.8384086e-08  -8.8765419e-07  -6.0187190e-08  1.0000019   -3.6426723e-07  2.8795112e-07  4.3377443e-08  -5.5126799e-08  1.2592549e-08  
-5.7102873e-16  -1.1019171e-08  -1.6976220e-07  -7.6048799e-08  -3.6426723e-07  0.99999970  -7.4102342e-08  1.9981113e-08  3.8987018e-08  1.4250873e-08  
1.5435691e-16  6.6514800e-09  1.0767941e-07  1.5666657e-07  2.8795112e-07  -7.4102342e-08  1.0000010   -1.8438492e-07  -3.5279413e-07  -4.2147716e-07  
7.8933014e-17  -4.2953016e-07  -2.3763233e-08  9.5645892e-09  4.3377443e-08  1.9981113e-08  -1.8438492e-07  0.99999935  -3.8633724e-07  5.5646411e-07  
-1.6943318e-16  -5.3169756e-08  -3.9130288e-08  -3.5355116e-08  -5.5126800e-08  3.8987018e-08  -3.5279413e-07  -3.8633724e-07  0.99999908  3.1995446e-07  
-3.0901376e-16  1.6660431e-07  -3.3630050e-09  1.8370017e-08  1.2592549e-08  1.4250873e-08  -4.2147716e-07  5.5646411e-07  3.1995446e-07  0.99999951  
