1.0000000   4.5428653e-17  8.0053713e-18  4.6886705e-17  -1.2660211e-17  -6.3273361e-19  1.0875247e-16  1.7548701e-17  4.8881848e-17  -1.1122220e-16  
4.5432657e-17  1.0000000   -6.5074619e-16  2.8603812e-16  1.1695518e-15  9.3404017e-16  1.1009531e-15  -1.0543104e-16  8.2030736e-16  5.3559587e-16  
7.9968926e-18  -6.6194354e-16  1.0000000   -1.8328014e-15  -4.8531866e-15  -7.0014049e-16  1.4465018e-14  -6.5137740e-16  -1.0665986e-14  -1.2130460e-15  
4.6889332e-17  2.8059724e-16  -5.7841519e-15  1.0000000   1.0280407e-14  -4.0921178e-16  -6.3332264e-15  -2.6302729e-15  4.3593770e-15  3.5477806e-16  
-1.2669312e-17  1.2040435e-15  1.8271732e-14  -3.0097779e-15  1.0000000   1.2365326e-15  -1.7275899e-14  7.5682111e-15  1.2887902e-14  1.4095547e-15  
-6.4120394e-19  9.9659864e-16  -6.9302203e-16  -4.1097022e-16  1.2249858e-15  1.0000000   5.4817262e-16  1.5969620e-16  -9.7491459e-16  -1.9428903e-16  
1.0876491e-16  1.0772904e-15  1.4414500e-14  -6.3266786e-15  -1.7155284e-14  6.5832756e-16  1.0000000   6.2306626e-15  4.3884167e-15  1.3530843e-16  
1.7537527e-17  -1.1236257e-16  -3.1294360e-15  -2.6846814e-16  3.0304281e-15  1.5677055e-16  6.2565970e-15  1.0000000   -4.6718915e-15  -7.2108254e-16  
4.8868507e-17  8.3098676e-16  -1.0637131e-14  4.3558080e-15  1.2818109e-14  -1.0720591e-15  4.5970172e-15  -4.6574412e-15  1.0000000   7.1123663e-16  
-1.1123237e-16  5.2215177e-16  -1.2122464e-15  3.5432743e-16  1.4105470e-15  -1.6653345e-16  5.5511151e-17  -7.2099444e-16  7.6327833e-16  1.0000000   
