1.0000000   -1.5316210e-16  4.8522381e-16  5.2618361e-16  -3.1486089e-16  -2.5520754e-16  -4.4940312e-16  4.2853852e-16  -2.3238993e-16  4.2464714e-17  
-1.5316321e-16  1.0000001   4.0936850e-08  1.8020962e-10  4.0625691e-08  2.8471472e-07  -3.0182745e-08  -1.3165397e-08  -2.6187542e-09  2.1200644e-07  
4.8522792e-16  4.0936850e-08  0.99999984  5.5889439e-08  -5.6682026e-08  -6.4891526e-09  3.6269735e-08  -1.4326677e-08  1.0124365e-08  -7.6121955e-09  
5.2618436e-16  1.8020963e-10  5.5889439e-08  1.0000002   1.4964558e-09  3.8617912e-09  3.5544618e-09  4.4370801e-07  3.2936388e-09  -1.2791917e-08  
-3.1486293e-16  4.0625691e-08  -5.6682026e-08  1.4964558e-09  0.99999897  -1.9105942e-08  2.3593116e-09  4.9226951e-08  -1.0246389e-08  8.3469765e-09  
-2.5521383e-16  2.8471472e-07  -6.4891526e-09  3.8617911e-09  -1.9105942e-08  1.0000010   -4.2559359e-08  1.6550598e-08  -1.2589046e-07  -1.9517878e-07  
-4.4939698e-16  -3.0182745e-08  3.6269735e-08  3.5544618e-09  2.3593116e-09  -4.2559359e-08  1.0000001   -4.1572805e-09  -4.9587531e-08  -3.1197588e-07  
4.2853836e-16  -1.3165397e-08  -1.4326677e-08  4.4370801e-07  4.9226951e-08  1.6550598e-08  -4.1572805e-09  0.99999917  -6.6677214e-09  -1.8351890e-08  
-2.3239380e-16  -2.6187542e-09  1.0124365e-08  3.2936388e-09  -1.0246389e-08  -1.2589046e-07  -4.9587531e-08  -6.6677214e-09  1.0000001   -4.3353034e-08  
4.2469432e-17  2.1200644e-07  -7.6121955e-09  -1.2791917e-08  8.3469765e-09  -1.9517878e-07  -3.1197588e-07  -1.8351890e-08  -4.3353034e-08  0.99999994  
