1.0000000   6.8654357e-16  -2.7639443e-16  2.1633264e-16  -1.6182469e-16  -4.0683960e-16  4.0014041e-16  2.2966569e-16  5.9061208e-16  -3.6280115e-16  
6.8654530e-16  1.0000000   1.1525081e-16  1.5255146e-16  -3.5259369e-16  -2.1056597e-16  -5.4761397e-17  -4.1866415e-16  -1.3748181e-16  -1.2678791e-16  
-2.7639403e-16  1.0940693e-16  1.0000000   2.7147191e-16  -6.3494855e-16  -2.1244041e-16  1.8515007e-16  1.7601168e-16  -7.4610809e-16  8.2456963e-17  
2.1633211e-16  1.6163869e-16  3.1348481e-16  1.0000000   2.9724233e-16  3.1129124e-16  1.9393823e-16  2.6060637e-16  8.4233860e-17  1.4814606e-16  
-1.6182466e-16  -3.4110086e-16  -4.2491973e-16  2.4972389e-16  1.0000000   -7.2969789e-17  -2.5524788e-17  -7.4900730e-17  3.0531543e-16  -6.8603401e-16  
-4.0682259e-16  -1.8974246e-16  -2.1417179e-16  3.0608392e-16  -7.3401285e-17  1.0000000   2.7369308e-16  4.1800731e-16  -1.5036591e-16  -2.3894122e-16  
4.0014660e-16  -3.6551523e-17  1.8428504e-16  1.9437101e-16  -2.8970944e-17  2.8062893e-16  1.0000000   -1.5202752e-16  -7.0810184e-16  -6.6448951e-16  
2.2966643e-16  -4.1979777e-16  1.3995769e-16  2.5705652e-16  1.4052086e-17  4.2607659e-16  -1.5410741e-16  1.0000000   5.9951509e-17  -7.7869433e-17  
5.9062398e-16  -1.2881194e-16  -7.4783041e-16  8.5965784e-17  3.0921590e-16  -1.9201303e-16  -6.6473813e-16  6.1011712e-17  1.0000000   -2.9748136e-16  
-3.6282148e-16  -1.2331804e-16  7.8984128e-17  1.4815284e-16  -6.8647108e-16  -2.3893783e-16  -7.0612478e-16  -7.6785231e-17  -3.2523016e-16  1.0000000   
