1.0000000   1.2189568e-16  1.1156418e-16  9.7149551e-19  -5.7062687e-17  -5.4448972e-17  -2.9758213e-16  6.7834638e-17  3.5298386e-16  8.0993290e-17  
1.2189712e-16  1.0000000   3.6515924e-16  -2.5016149e-16  -1.1929247e-16  2.3584108e-16  -4.8856522e-16  -3.4584817e-16  6.0974344e-16  3.2092384e-16  
1.1155952e-16  3.7229936e-16  1.0000000   -6.7361214e-16  -1.7826697e-15  -1.0637582e-15  -3.7322042e-15  4.7690336e-16  1.5853005e-15  -6.3179171e-16  
9.7543940e-19  -2.5023376e-16  -7.0412572e-16  1.0000000   4.9884506e-16  -1.6367218e-16  -2.3786485e-17  1.8182661e-16  6.0715428e-17  -1.6222375e-16  
-5.7057726e-17  -1.2518385e-16  -2.6428214e-15  5.7258874e-16  1.0000000   5.2738643e-16  3.3056371e-16  -6.7714895e-16  6.7221440e-16  -2.3592239e-16  
-5.4450878e-17  2.0144476e-16  -1.0625452e-15  -1.6374248e-16  5.2647587e-16  1.0000000   -2.3483819e-16  4.6984918e-18  3.4927573e-16  -9.1593400e-16  
-2.9754740e-16  -4.8290365e-16  -3.7289736e-15  -2.6343519e-17  3.1836347e-16  -3.8315705e-16  1.0000000   2.0005277e-16  -1.4816233e-15  -2.3592239e-16  
6.7827940e-17  -3.4577801e-16  4.7887733e-16  1.8256753e-16  -6.6999247e-16  4.7687955e-18  1.9916190e-16  1.0000000   1.4772559e-16  -2.2161092e-16  
3.5296283e-16  6.0596398e-16  1.5858504e-15  6.2329449e-17  6.7741592e-16  4.6013540e-16  -9.0390613e-16  1.4605381e-16  1.0000000   4.4408921e-16  
8.0991596e-17  3.2352593e-16  -6.3171040e-16  -1.6218309e-16  -2.3563101e-16  -9.7144515e-16  -2.3939184e-16  -2.2159737e-16  4.4105344e-16  1.0000000   
