1.0000000   -2.2715200e-17  1.1473114e-16  5.6425947e-17  3.8879431e-17  -1.2914203e-16  -7.9736294e-17  4.7688901e-17  -9.8265986e-17  -1.2948762e-16  
-2.2717847e-17  1.0000000   1.4459424e-16  -4.7193288e-17  2.8834696e-17  -2.7755576e-17  6.4054664e-16  3.9235583e-16  -1.0707581e-15  1.4745150e-15  
1.1472475e-16  1.4510267e-16  1.0000000   -1.1159384e-16  1.4563204e-15  1.1996697e-16  -1.2923148e-15  8.1180591e-17  7.3100976e-16  3.1615335e-16  
5.6424703e-17  -4.7338977e-17  -1.0993588e-17  1.0000000   -9.0599703e-18  -4.1904414e-16  1.4233406e-15  3.2779794e-16  -1.3885377e-15  -5.4557053e-16  
3.8883779e-17  2.6913625e-17  1.2730250e-15  5.5263540e-16  1.0000000   1.9130205e-15  -3.2584748e-15  7.9373398e-16  1.5518321e-15  -8.4811715e-16  
-1.2915389e-16  -2.6020852e-17  1.2015671e-16  -4.1909835e-16  1.9190107e-15  1.0000000   1.0408341e-15  -1.2099696e-15  -1.9428903e-16  9.9920072e-16  
-7.9731423e-17  6.1447158e-16  -1.2901388e-15  1.4193053e-15  -3.2862981e-15  1.2073675e-15  1.0000000   1.3004666e-15  3.3861802e-15  -1.8735014e-16  
4.7698963e-17  3.9493673e-16  1.8768943e-16  4.7895372e-17  -9.0743381e-17  -1.2014044e-15  1.2414928e-15  1.0000000   -8.6099205e-16  3.5518463e-16  
-9.8260269e-17  -1.0647407e-15  7.2754794e-16  -1.3833878e-15  1.5750916e-15  -5.5858096e-16  3.6828179e-15  -9.1342000e-16  1.0000000   5.0653925e-16  
-1.2954183e-16  1.4589024e-15  3.1577388e-16  -5.4513685e-16  -8.5153239e-16  8.8817842e-16  2.4980018e-16  3.5843724e-16  1.6653345e-16  1.0000000   
