1.0002400   3.5616418e-06  -1.5313191e-05  9.0029735e-05  4.0959076e-05  4.6889599e-05  -1.1337661e-05  -3.7684329e-05  -1.7431561e-06  -2.6454235e-06  
3.5616418e-06  1.0002369   -1.8038778e-05  -2.0638410e-05  -4.8523798e-06  6.7088446e-07  2.6655307e-06  9.2836042e-06  2.0956627e-06  -5.2753537e-06  
-1.5313191e-05  -1.8038778e-05  1.0002105   -3.1524787e-05  1.3773629e-05  -3.4236033e-05  -4.0956176e-06  1.5299118e-05  1.0567638e-05  -9.5522023e-06  
9.0029735e-05  -2.0638410e-05  -3.1524787e-05  1.0001660   -3.1169325e-05  1.7720788e-05  7.3944135e-06  -9.1550717e-07  -3.3167617e-05  -2.7224501e-06  
4.0959076e-05  -4.8523798e-06  1.3773629e-05  -3.1169325e-05  1.0002141   4.5738408e-05  1.8032077e-05  -1.3071787e-05  -2.4789322e-06  1.6373482e-05  
4.6889599e-05  6.7088446e-07  -3.4236033e-05  1.7720788e-05  4.5738408e-05  1.0002921   1.4776250e-05  -5.2714847e-06  -8.0307741e-06  5.3218312e-07  
-1.1337661e-05  2.6655307e-06  -4.0956176e-06  7.3944135e-06  1.8032077e-05  1.4776250e-05  1.0001860   -6.3466443e-06  6.1400909e-05  -1.6548888e-05  
-3.7684329e-05  9.2836042e-06  1.5299118e-05  -9.1550717e-07  -1.3071787e-05  -5.2714847e-06  -6.3466443e-06  1.0001780   -7.2426524e-05  9.5763384e-06  
-1.7431561e-06  2.0956627e-06  1.0567638e-05  -3.3167617e-05  -2.4789322e-06  -8.0307741e-06  6.1400909e-05  -7.2426524e-05  1.0002209   7.3603612e-05  
-2.6454235e-06  -5.2753537e-06  -9.5522023e-06  -2.7224501e-06  1.6373482e-05  5.3218312e-07  -1.6548888e-05  9.5763384e-06  7.3603612e-05  1.0002008   
