1.0000000   2.1710768e-17  -6.6536782e-16  -2.0783550e-16  4.0949085e-16  -9.8619579e-17  -4.4710922e-16  -3.0746704e-17  4.5115060e-16  5.0894138e-17  
2.1713281e-17  1.0000002   -2.7167416e-08  -7.7680898e-09  1.8775766e-08  -3.5382370e-07  5.9396004e-08  1.7077610e-09  -1.0772139e-07  -3.8237597e-08  
-6.6536558e-16  -2.7167416e-08  1.0000002   3.3377204e-07  1.3503329e-07  -3.4859626e-08  -3.1761466e-08  6.1265877e-07  2.9354966e-09  -1.4420821e-08  
-2.0783948e-16  -7.7680898e-09  3.3377204e-07  0.99999920  -1.0437696e-08  2.0742088e-08  4.7203315e-08  -3.7207720e-07  2.6102337e-08  -5.1795918e-08  
4.0949610e-16  1.8775766e-08  1.3503329e-07  -1.0437696e-08  0.99999947  -2.7417397e-08  -6.4629913e-08  1.0806540e-07  -3.3622438e-08  1.0519157e-08  
-9.8606575e-17  -3.5382370e-07  -3.4859626e-08  2.0742088e-08  -2.7417397e-08  1.0000008   2.4558628e-08  -5.7793533e-10  5.6991833e-07  1.1401854e-07  
-4.4709981e-16  5.9396004e-08  -3.1761466e-08  4.7203315e-08  -6.4629913e-08  2.4558628e-08  1.0000003   4.3159830e-08  5.4173539e-07  -2.0070243e-08  
-3.0740119e-17  1.7077610e-09  6.1265877e-07  -3.7207720e-07  1.0806540e-07  -5.7793533e-10  4.3159830e-08  1.0000000   -1.7396617e-08  2.1604481e-08  
4.5115534e-16  -1.0772139e-07  2.9354966e-09  2.6102337e-08  -3.3622438e-08  5.6991833e-07  5.4173539e-07  -1.7396617e-08  1.0000002   8.4405652e-09  
5.0881705e-17  -3.8237597e-08  -1.4420821e-08  -5.1795918e-08  1.0519157e-08  1.1401854e-07  -2.0070243e-08  2.1604481e-08  8.4405653e-09  0.99999903  
