1.0000000   -9.2003975e-17  -2.1680917e-16  -3.7699283e-17  2.1828361e-16  2.1271850e-16  4.8010533e-16  -2.2675224e-16  -3.0322032e-16  -5.1454401e-16  
-9.2010265e-17  1.0000000   1.5816428e-08  6.0085039e-08  3.7479486e-08  -2.4833700e-08  -6.2175738e-09  -4.7189791e-09  -4.2839674e-08  -2.7655744e-07  
-2.1680944e-16  1.5816428e-08  1.0000003   -4.1922255e-07  5.7217456e-07  3.1757905e-09  3.9941474e-08  -5.0204531e-07  5.5356444e-08  3.5938977e-08  
-3.7702770e-17  6.0085039e-08  -4.1922255e-07  1.0000005   1.7402260e-07  -2.9275188e-09  6.1504270e-08  -2.9597594e-07  -1.0301994e-07  -3.8635246e-08  
2.1828551e-16  3.7479486e-08  5.7217456e-07  1.7402260e-07  0.99999954  -2.6174608e-08  -4.9098239e-08  -7.7357598e-07  -6.3288341e-08  -2.4565967e-08  
2.1272640e-16  -2.4833700e-08  3.1757905e-09  -2.9275188e-09  -2.6174608e-08  1.0000000   2.2917081e-07  -5.4785584e-08  -8.0596862e-09  3.3948583e-07  
4.8009547e-16  -6.2175738e-09  3.9941474e-08  6.1504270e-08  -4.9098239e-08  2.2917081e-07  0.99999983  -2.3746035e-08  2.2937617e-07  1.3819260e-07  
-2.2675355e-16  -4.7189790e-09  -5.0204531e-07  -2.9597594e-07  -7.7357598e-07  -5.4785584e-08  -2.3746035e-08  1.0000000   8.2247132e-08  -1.1746430e-08  
-3.0323841e-16  -4.2839674e-08  5.5356444e-08  -1.0301994e-07  -6.3288341e-08  -8.0596862e-09  2.2937617e-07  8.2247132e-08  0.99999988  -2.5557057e-07  
-5.1456795e-16  -2.7655744e-07  3.5938977e-08  -3.8635246e-08  -2.4565967e-08  3.3948583e-07  1.3819260e-07  -1.1746430e-08  -2.5557057e-07  1.0000001   
