1.0000000   9.9546260e-16  -2.4293008e-16  -1.6809558e-16  2.3753336e-16  6.2777549e-17  1.9674069e-16  6.0351521e-17  7.7864990e-17  -2.7671900e-17  
9.9546203e-16  1.0000000   5.0062355e-08  1.0824264e-08  -1.7249827e-08  3.6150761e-08  1.6177164e-07  1.5018145e-07  2.4925782e-07  -9.5676190e-08  
-2.4294031e-16  5.0062355e-08  1.0000009   8.0030854e-07  2.8753842e-07  -3.9202958e-07  -3.6864289e-08  -3.3077408e-08  -3.3757043e-08  -1.4537637e-08  
-1.6809881e-16  1.0824264e-08  8.0030854e-07  0.99999863  -2.2646100e-07  1.2285868e-07  3.4520105e-08  5.5514817e-08  6.1114395e-08  2.8931553e-08  
2.3753479e-16  -1.7249827e-08  2.8753842e-07  -2.2646100e-07  0.99999933  3.0590512e-08  4.5764323e-08  -2.9773716e-08  6.0067334e-09  2.6792540e-08  
6.2787274e-17  3.6150761e-08  -3.9202958e-07  1.2285868e-07  3.0590512e-08  1.0000001   4.7321477e-08  -2.2545234e-08  -2.4599330e-08  8.4490685e-09  
1.9674209e-16  1.6177164e-07  -3.6864289e-08  3.4520105e-08  4.5764323e-08  4.7321477e-08  1.0000006   2.5291783e-07  -2.7771770e-07  -1.3581379e-08  
6.0346928e-17  1.5018145e-07  -3.3077407e-08  5.5514817e-08  -2.9773716e-08  -2.2545234e-08  2.5291783e-07  1.0000018   4.3613701e-07  1.3420421e-07  
7.7849067e-17  2.4925782e-07  -3.3757043e-08  6.1114395e-08  6.0067334e-09  -2.4599330e-08  -2.7771770e-07  4.3613701e-07  0.99999980  1.9327291e-07  
-2.7670143e-17  -9.5676190e-08  -1.4537637e-08  2.8931553e-08  2.6792540e-08  8.4490685e-09  -1.3581379e-08  1.3420421e-07  1.9327291e-07  0.99999904  
