1.0000000   -7.4542337e-17  -1.2855889e-17  5.6930346e-16  -2.6287969e-16  -2.4481539e-16  6.3639780e-17  3.6392977e-16  1.4998452e-16  1.9046679e-16  
-7.4551153e-17  1.0000000   4.0837754e-16  -9.0311962e-16  5.5105187e-16  1.2925718e-16  -2.4077223e-16  -4.6028077e-16  -7.7862059e-16  -4.1884932e-16  
-1.2852699e-17  4.0944826e-16  1.0000000   -3.3642803e-16  3.7547501e-17  -1.7946123e-16  4.1775325e-17  1.4139946e-16  -2.5315314e-17  4.3656417e-16  
5.6929640e-16  -9.0081248e-16  -3.6329778e-16  1.0000000   -8.8496451e-16  -4.3222043e-16  5.6485376e-16  1.4559095e-16  -4.2767011e-16  -3.0384173e-16  
-2.6288472e-16  5.5742794e-16  2.1514435e-16  -9.3545796e-16  1.0000000   -5.1644555e-16  -5.5135417e-16  -2.7336883e-16  -5.7916665e-16  4.7077715e-16  
-2.4482641e-16  1.3446635e-16  -1.7555776e-16  -4.2939868e-16  -5.1817986e-16  1.0000000   -2.0786393e-16  2.6305170e-17  3.4753575e-16  1.0414355e-16  
6.3624980e-17  -2.5812568e-16  4.2647212e-17  5.6632283e-16  -5.5091907e-16  -1.9398370e-16  1.0000000   8.4705680e-17  1.1404405e-16  3.7836538e-17  
3.6392500e-16  -4.5459153e-16  2.5763387e-16  2.5725922e-16  -2.5211640e-16  2.5002163e-17  8.4434822e-17  1.0000000   3.7542682e-16  3.8594209e-16  
1.4998163e-16  -7.7037651e-16  -2.2496466e-17  -4.2788832e-16  -5.7330797e-16  3.4754281e-16  -4.5586985e-17  3.7363470e-16  1.0000000   -2.8765239e-17  
1.9046510e-16  -3.6505426e-16  4.3830397e-16  -3.0362743e-16  4.7251180e-16  1.5967757e-16  -4.5461741e-17  3.8529496e-16  2.6762853e-17  1.0000000   
