1.0000000   1.0621606e-16  1.6206564e-16  -3.0089802e-16  -3.5574149e-16  6.1316560e-18  4.1107698e-16  -1.5860620e-16  4.0167999e-16  -4.7244532e-16  
1.0621160e-16  1.0000000   -1.5817119e-08  2.6442174e-08  1.6544330e-08  -1.2305415e-08  -1.6423076e-08  1.6022861e-07  -5.2187438e-08  -1.6247337e-07  
1.6207284e-16  -1.5817119e-08  0.99999994  -2.1013636e-07  -3.4463546e-07  -4.7862149e-08  -6.0720168e-09  1.2053759e-08  -9.8219794e-09  -2.5427768e-08  
-3.0089424e-16  2.6442174e-08  -2.1013636e-07  1.0000005   -2.1509689e-07  -5.6573230e-07  -1.5718870e-08  -4.2783308e-08  4.7463914e-08  3.0754672e-08  
-3.5574172e-16  1.6544330e-08  -3.4463546e-07  -2.1509689e-07  0.99999896  -4.7909009e-07  6.7311437e-08  4.1648270e-08  -2.1837078e-08  -1.5346289e-08  
6.1315153e-18  -1.2305415e-08  -4.7862149e-08  -5.6573230e-07  -4.7909009e-07  0.99999942  -2.0215812e-08  -5.2042671e-08  -3.3099033e-08  -1.5070676e-08  
4.1107872e-16  -1.6423076e-08  -6.0720168e-09  -1.5718870e-08  6.7311437e-08  -2.0215812e-08  0.99999935  -2.5503718e-08  1.7158407e-07  -3.1416198e-07  
-1.5861465e-16  1.6022861e-07  1.2053759e-08  -4.2783308e-08  4.1648270e-08  -5.2042671e-08  -2.5503718e-08  1.0000017   -2.7253364e-07  -2.3846219e-07  
4.0167669e-16  -5.2187438e-08  -9.8219794e-09  4.7463914e-08  -2.1837078e-08  -3.3099033e-08  1.7158407e-07  -2.7253364e-07  1.0000007   1.7149623e-08  
-4.7244943e-16  -1.6247337e-07  -2.5427768e-08  3.0754672e-08  -1.5346289e-08  -1.5070676e-08  -3.1416198e-07  -2.3846219e-07  1.7149623e-08  0.99999945  
