1.0000000   5.5810465e-16  -1.1064698e-15  1.5800468e-16  -2.0521198e-16  -1.7450286e-17  1.4170927e-16  7.0586569e-17  -4.1988289e-16  1.0400379e-16  
5.5810241e-16  1.0000000   -1.2062842e-16  5.4539522e-16  -1.7639036e-16  -2.7201388e-16  -2.1052762e-16  -4.6730096e-16  -4.4094142e-16  -6.2840443e-16  
-1.1064763e-15  -1.2263282e-16  1.0000000   1.8759333e-16  6.4574849e-16  -3.3598000e-16  -1.0521649e-15  7.1649544e-16  -1.0313019e-15  6.3326301e-16  
1.5801269e-16  5.4649600e-16  2.1150438e-16  1.0000000   1.7536314e-16  -1.5498437e-16  -3.5932569e-16  -8.0878672e-16  4.5173310e-16  2.6304100e-16  
-2.0521953e-16  -1.7414597e-16  5.7310408e-16  1.6858701e-16  1.0000000   -1.8149168e-16  -2.6120532e-16  -3.0691116e-17  -1.9491611e-16  3.2098144e-16  
-1.7429290e-17  -2.6073927e-16  -3.3771374e-16  -1.5672212e-16  -1.8148179e-16  1.0000000   4.8844772e-16  -2.3205637e-16  4.6299598e-16  6.4632002e-17  
1.4170598e-16  -2.1594879e-16  -1.0408898e-15  -3.5933366e-16  -2.4819534e-16  5.1620689e-16  1.0000000   4.7108171e-16  4.6229941e-16  2.0356912e-16  
7.0579703e-17  -4.6649256e-16  6.2133167e-16  -8.2207021e-16  -1.9859277e-16  -2.3293485e-16  4.5415971e-16  1.0000000   4.8173968e-17  5.6917904e-16  
-4.1988548e-16  -4.3812221e-16  -1.0295728e-15  4.6040844e-16  -1.9578285e-16  4.4912090e-16  5.0392658e-16  5.6852439e-17  1.0000000   -1.2454434e-16  
1.0399023e-16  -6.1105550e-16  6.3325962e-16  2.6130458e-16  3.2097678e-16  6.4638778e-17  2.0356912e-16  5.7439337e-16  -1.5230669e-16  1.0000000   
