1.0000000   -1.6171095e-16  -3.3966480e-16  3.0233883e-16  1.5190106e-16  1.8664172e-17  3.0739522e-16  -1.4147245e-16  -1.6751688e-17  -1.0071885e-16  
-1.6170439e-16  1.0000003   -2.2740603e-08  6.4807249e-09  -2.0057223e-08  -5.7066646e-07  -5.7420710e-08  -2.4919905e-08  -1.6049207e-08  1.7336821e-07  
-3.3966700e-16  -2.2740603e-08  1.0000004   4.0894146e-07  1.1348111e-07  -4.6086393e-08  -2.2406565e-08  4.2333998e-07  4.9623326e-08  5.7047590e-08  
3.0236064e-16  6.4807249e-09  4.0894146e-07  0.99999965  5.4165586e-07  -5.4714842e-08  -1.2215091e-08  -7.4324939e-07  3.2454352e-08  4.3635046e-08  
1.5189533e-16  -2.0057223e-08  1.1348111e-07  5.4165586e-07  1.0000010   6.8724020e-08  4.2650765e-08  2.6173628e-07  -2.6290233e-08  -7.8662013e-10  
1.8667558e-17  -5.7066646e-07  -4.6086393e-08  -5.4714842e-08  6.8724020e-08  0.99999885  4.4502224e-09  -1.7820976e-08  8.5644791e-08  2.1096953e-08  
3.0738275e-16  -5.7420710e-08  -2.2406565e-08  -1.2215091e-08  4.2650765e-08  4.4502224e-09  1.0000007   8.4951054e-08  -2.9360837e-07  1.7186928e-07  
-1.4148008e-16  -2.4919905e-08  4.2333998e-07  -7.4324939e-07  2.6173628e-07  -1.7820976e-08  8.4951054e-08  1.0000004   1.1221608e-07  6.1874195e-08  
-1.6737286e-17  -1.6049207e-08  4.9623326e-08  3.2454352e-08  -2.6290233e-08  8.5644791e-08  -2.9360837e-07  1.1221608e-07  0.99999964  3.3479278e-07  
-1.0071786e-16  1.7336821e-07  5.7047590e-08  4.3635046e-08  -7.8662013e-10  2.1096953e-08  1.7186928e-07  6.1874195e-08  3.3479278e-07  1.0000001   
