1.0000000   -1.3701170e-16  -2.2032566e-16  -2.9963360e-16  4.0986951e-16  -1.9067510e-16  5.3208687e-16  2.2431215e-16  -1.8155685e-16  -2.4200903e-16  
-1.3701534e-16  0.99999971  -2.2042354e-08  -1.5182396e-08  3.6508820e-08  -5.9282009e-07  7.1812175e-08  -4.3630739e-09  8.1354078e-08  -1.6351655e-07  
-2.2032961e-16  -2.2042354e-08  0.99999966  -7.2817001e-07  -5.0018974e-07  -1.2534402e-09  -2.9037206e-09  -1.3032472e-07  7.6597433e-08  3.0015904e-09  
-2.9963336e-16  -1.5182396e-08  -7.2817001e-07  1.0000004   1.4716923e-07  1.2699001e-09  -1.4623645e-08  -6.1937781e-08  1.0453611e-09  4.9326078e-08  
4.0987316e-16  3.6508820e-08  -5.0018974e-07  1.4716923e-07  0.99999951  -3.1225144e-08  -4.3539835e-08  -6.0560506e-08  -2.4979120e-08  -1.2882764e-08  
-1.9067082e-16  -5.9282009e-07  -1.2534402e-09  1.2699001e-09  -3.1225144e-08  0.99999984  -6.7815124e-07  2.1823963e-08  4.6683632e-07  -3.6350538e-07  
5.3209601e-16  7.1812175e-08  -2.9037206e-09  -1.4623645e-08  -4.3539835e-08  -6.7815124e-07  1.0000005   -7.9881510e-09  -6.0066636e-07  -4.0315062e-07  
2.2431069e-16  -4.3630739e-09  -1.3032472e-07  -6.1937781e-08  -6.0560506e-08  2.1823963e-08  -7.9881510e-09  1.0000006   6.0185298e-08  1.3986590e-08  
-1.8155480e-16  8.1354078e-08  7.6597433e-08  1.0453611e-09  -2.4979120e-08  4.6683632e-07  -6.0066636e-07  6.0185298e-08  1.0000003   2.7305944e-08  
-2.4201332e-16  -1.6351655e-07  3.0015904e-09  4.9326078e-08  -1.2882764e-08  -3.6350538e-07  -4.0315062e-07  1.3986590e-08  2.7305944e-08  0.99999975  
