0.99963003  2.2820838e-05  7.5366524e-05  6.5941611e-05  4.1092789e-05  -1.6093967e-05  -3.1185682e-05  1.8215864e-06  6.5096273e-05  1.6028976e-06  
2.2820838e-05  0.99968224  -2.8148798e-05  1.4799705e-06  -4.7036941e-06  2.1148717e-05  -2.3223640e-05  3.8278905e-05  -9.9908737e-06  -8.1563998e-06  
7.5366524e-05  -2.8148798e-05  0.99959277  1.6675600e-05  -2.5219689e-05  2.9494134e-05  -3.6141483e-05  7.4794410e-05  3.7932832e-07  4.6991107e-05  
6.5941611e-05  1.4799705e-06  1.6675600e-05  0.99957218  -5.7984685e-05  1.7103694e-05  -1.2829800e-05  1.8753574e-05  2.0488392e-06  3.6947310e-06  
4.1092789e-05  -4.7036941e-06  -2.5219689e-05  -5.7984685e-05  0.99966449  9.5624426e-09  5.7137390e-05  -3.2487282e-05  -5.5454765e-05  4.9605877e-05  
-1.6093967e-05  2.1148717e-05  2.9494134e-05  1.7103694e-05  9.5624426e-09  0.99966054  -5.6426422e-05  6.3504172e-05  -7.3378405e-05  -4.2883334e-05  
-3.1185682e-05  -2.3223640e-05  -3.6141483e-05  -1.2829800e-05  5.7137390e-05  -5.6426422e-05  0.99975140  1.0669024e-05  3.8160870e-05  3.2327354e-05  
1.8215864e-06  3.8278905e-05  7.4794410e-05  1.8753574e-05  -3.2487282e-05  6.3504172e-05  1.0669024e-05  0.99974823  -4.1609789e-05  -5.8382504e-05  
6.5096273e-05  -9.9908737e-06  3.7932832e-07  2.0488392e-06  -5.5454765e-05  -7.3378405e-05  3.8160870e-05  -4.1609789e-05  0.99971389  3.4366365e-05  
1.6028976e-06  -8.1563998e-06  4.6991107e-05  3.6947310e-06  4.9605877e-05  -4.2883334e-05  3.2327354e-05  -5.8382504e-05  3.4366365e-05  0.99979217  
