1.0000000   4.6305749e-16  2.0086998e-16  5.9423075e-16  1.3412154e-16  3.3940309e-16  -2.2513502e-16  -9.7580471e-17  7.1756904e-16  3.2217219e-16  
4.6305297e-16  0.99999980  -5.3783363e-08  -2.1118264e-08  -3.8314222e-08  -3.2638960e-07  -7.6073127e-08  1.1898579e-08  -9.3078520e-08  -1.7602554e-08  
2.0086659e-16  -5.3783363e-08  1.0000004   -3.3343977e-07  -7.0293210e-07  -9.8336243e-09  -4.7342612e-09  -2.2794640e-07  -8.4181018e-09  -8.7568842e-09  
5.9424648e-16  -2.1118264e-08  -3.3343977e-07  0.99999998  3.0526375e-07  -6.7017891e-08  -1.1900564e-08  -2.0045391e-07  -2.6124690e-08  1.6952119e-08  
1.3412454e-16  -3.8314223e-08  -7.0293210e-07  3.0526375e-07  1.0000004   -2.2783270e-08  -5.5116924e-09  1.4532352e-07  -4.3622982e-08  -7.1686991e-08  
3.3939636e-16  -3.2638960e-07  -9.8336243e-09  -6.7017891e-08  -2.2783270e-08  0.99999970  -2.3783546e-07  -1.5087565e-08  -4.1223750e-07  -1.0691712e-07  
-2.2513604e-16  -7.6073127e-08  -4.7342612e-09  -1.1900564e-08  -5.5116924e-09  -2.3783546e-07  0.99999997  -3.0160181e-08  -3.6802920e-07  -9.4688150e-08  
-9.7583256e-17  1.1898579e-08  -2.2794640e-07  -2.0045391e-07  1.4532352e-07  -1.5087565e-08  -3.0160181e-08  1.0000008   -9.4126822e-10  2.4244166e-08  
7.1753232e-16  -9.3078520e-08  -8.4181018e-09  -2.6124690e-08  -4.3622982e-08  -4.1223750e-07  -3.6802920e-07  -9.4126823e-10  0.99999902  1.2795528e-07  
3.2213898e-16  -1.7602554e-08  -8.7568842e-09  1.6952119e-08  -7.1686991e-08  -1.0691712e-07  -9.4688150e-08  2.4244166e-08  1.2795528e-07  1.0000010   
