1.0000000   3.9764417e-16  1.0906496e-16  1.1798495e-16  8.0615699e-17  -9.8992741e-18  -7.2552607e-17  1.2927067e-16  -6.5847071e-17  8.5826460e-17  
3.9764332e-16  1.0000000   3.7082425e-16  -2.0402245e-15  1.4832699e-15  -6.8521577e-16  1.9038590e-15  -4.5177010e-16  1.4810202e-16  -8.8470897e-17  
1.0907391e-16  3.6981538e-16  1.0000000   -3.9553812e-14  3.3632008e-14  -3.6567429e-16  -2.3610942e-15  -8.8568022e-15  9.1303375e-16  -2.3749449e-16  
1.1800077e-16  -2.0386321e-15  -2.9334111e-14  1.0000000   -5.8465067e-14  -2.4923097e-16  6.4227730e-15  1.5197304e-14  -2.9961656e-15  5.8162026e-16  
8.0608372e-17  1.4823007e-15  2.6170570e-14  -6.5579747e-14  1.0000000   2.9981578e-16  -4.8349013e-15  -1.5529269e-14  1.9363749e-15  -3.4515576e-16  
-9.8738631e-18  -7.0310511e-16  -3.5887092e-16  -2.3722344e-16  2.8839778e-16  1.0000000   -1.2212453e-15  1.4034997e-15  1.2490009e-15  3.8857806e-16  
-7.2617564e-17  1.9168288e-15  -2.3655394e-15  6.3211155e-15  -4.7450108e-15  -1.5855373e-15  1.0000000   -4.9329844e-16  -2.8796410e-15  2.2898350e-16  
1.2926814e-16  -4.5135892e-16  -8.1940721e-15  2.0670066e-14  -1.9573855e-14  1.4063457e-15  -4.8606139e-16  1.0000000   3.3554702e-16  -6.6570013e-17  
-6.5809801e-17  1.5428197e-16  9.1381980e-16  -2.9469699e-15  1.9017990e-15  1.4085955e-15  -3.1918912e-15  3.3854213e-16  1.0000000   -2.4980018e-16  
8.5824766e-17  -7.9797280e-17  -2.3678975e-16  5.6031568e-16  -3.2959746e-16  2.2204460e-16  3.3306691e-16  -6.7654216e-17  -2.7755576e-16  1.0000000   
