1.0000000   -2.9375616e-16  -1.1482894e-16  -5.2364546e-16  8.8339652e-17  -6.9181481e-17  1.5253872e-16  3.6767042e-16  -2.3938765e-16  7.0117675e-17  
-2.9376007e-16  1.0000001   -1.1852855e-08  8.7557656e-09  -7.0227732e-08  1.1454664e-08  3.2686914e-08  1.6726577e-07  -1.2534872e-08  1.6011272e-07  
-1.1482163e-16  -1.1852855e-08  0.99999993  -1.0865440e-07  -1.8153767e-08  2.2034097e-08  -8.4544584e-09  1.5794676e-08  1.5780698e-08  -1.3601967e-08  
-5.2364604e-16  8.7557656e-09  -1.0865440e-07  1.0000001   2.8339679e-08  1.0644835e-07  -3.9730506e-07  -3.7271328e-08  -3.3774697e-08  -1.7008880e-09  
8.8341485e-17  -7.0227732e-08  -1.8153767e-08  2.8339679e-08  0.99999999  4.6235152e-08  -1.4728239e-08  8.2372311e-08  4.0012257e-08  -5.3539409e-08  
-6.9181453e-17  1.1454664e-08  2.2034097e-08  1.0644835e-07  4.6235152e-08  0.99999974  -3.8028372e-07  1.0979373e-08  7.8243205e-09  1.7886492e-08  
1.5253571e-16  3.2686914e-08  -8.4544584e-09  -3.9730506e-07  -1.4728239e-08  -3.8028372e-07  1.0000004   6.1059097e-08  -1.2851298e-07  9.6828422e-09  
3.6767648e-16  1.6726577e-07  1.5794676e-08  -3.7271328e-08  8.2372311e-08  1.0979373e-08  6.1059097e-08  0.99999973  -1.3362905e-08  3.5442385e-07  
-2.3938225e-16  -1.2534872e-08  1.5780698e-08  -3.3774697e-08  4.0012257e-08  7.8243204e-09  -1.2851298e-07  -1.3362905e-08  0.99999966  -4.6192482e-09  
7.0110291e-17  1.6011272e-07  -1.3601967e-08  -1.7008880e-09  -5.3539409e-08  1.7886492e-08  9.6828422e-09  3.5442385e-07  -4.6192482e-09  1.0000002   
