1.0000000   -1.0952153e-15  5.4708326e-16  -6.8779439e-17  2.2799649e-16  -5.5747997e-16  1.2173795e-16  1.3093618e-16  3.0335201e-16  2.4434692e-16  
-1.0952136e-15  1.0000002   1.9183710e-09  -3.5797172e-09  1.7930244e-08  9.8946349e-09  4.4525003e-07  3.3157437e-07  3.8371920e-07  -2.3335246e-07  
5.4708046e-16  1.9183710e-09  0.99999962  4.8715573e-07  4.8037881e-07  -9.6325632e-08  -8.2442166e-09  2.4511533e-08  4.7429299e-09  1.3281646e-08  
-6.8779961e-17  -3.5797172e-09  4.8715573e-07  1.0000008   5.5303215e-08  2.0993823e-07  9.8847844e-09  -4.1645018e-09  1.6432323e-08  3.0978012e-08  
2.2800119e-16  1.7930244e-08  4.8037881e-07  5.5303215e-08  1.0000004   -2.7425779e-07  4.5752892e-08  7.5659833e-09  -2.5792002e-08  1.3425006e-09  
-5.5747905e-16  9.8946350e-09  -9.6325632e-08  2.0993823e-07  -2.7425779e-07  1.0000018   -3.2344864e-08  9.6962630e-09  4.7786799e-09  1.2659205e-08  
1.2175006e-16  4.4525003e-07  -8.2442166e-09  9.8847844e-09  4.5752892e-08  -3.2344864e-08  1.0000005   9.0361946e-08  -3.9217476e-07  1.3737558e-07  
1.3095194e-16  3.3157437e-07  2.4511533e-08  -4.1645018e-09  7.5659833e-09  9.6962630e-09  9.0361946e-08  0.99999818  5.6877502e-07  -5.5180147e-07  
3.0332722e-16  3.8371920e-07  4.7429299e-09  1.6432323e-08  -2.5792002e-08  4.7786799e-09  -3.9217476e-07  5.6877502e-07  0.99999995  -3.7829947e-07  
2.4433259e-16  -2.3335246e-07  1.3281646e-08  3.0978012e-08  1.3425006e-09  1.2659205e-08  1.3737558e-07  -5.5180147e-07  -3.7829947e-07  0.99999958  
