1.0000000   -3.7087285e-17  -1.6451894e-17  -1.4639972e-17  -8.8044046e-18  1.6682314e-18  -2.5109180e-17  -7.1185033e-17  -2.4735903e-17  -3.4016843e-18  
-3.7086750e-17  1.0000000   3.8522889e-16  2.4618674e-16  -7.1738439e-16  1.2575661e-15  1.0170901e-15  -1.8498268e-16  -3.6103932e-16  1.9645743e-16  
-1.6432836e-17  3.7041640e-16  1.0000000   -5.6248192e-15  -2.7404447e-14  -1.0913172e-16  -9.6427315e-15  1.3770291e-14  1.3388392e-14  -1.0064649e-15  
-1.4637604e-17  2.4842460e-16  -6.6280430e-15  1.0000000   5.2833121e-15  -5.8655338e-16  2.2047997e-15  -2.9031995e-15  -2.9097818e-15  2.6671373e-17  
-8.8150946e-18  -7.1590971e-16  -3.6002333e-14  5.7548475e-15  1.0000000   -3.9143764e-16  8.9317888e-15  -1.2502693e-14  -1.4838459e-14  6.2921673e-16  
1.6841133e-18  1.2171254e-15  -1.0831180e-16  -5.8725811e-16  -3.9291487e-16  1.0000000   1.4563004e-15  2.2334565e-16  -2.9837244e-16  4.7184479e-16  
-2.5118339e-17  1.0286910e-15  -9.6508630e-15  2.2077880e-15  8.9208155e-15  1.6410484e-15  1.0000000   -2.5544345e-15  2.6575964e-15  -1.4571677e-15  
-7.1201831e-17  -1.8644434e-16  1.2127622e-14  -2.3546889e-15  -8.0740154e-15  2.2076389e-16  -2.5233903e-15  1.0000000   3.9367279e-15  -1.5052792e-16  
-2.4734844e-17  -3.6667717e-16  1.3366586e-14  -2.9101613e-15  -1.4806624e-14  -4.1980308e-16  9.7578196e-17  3.9440565e-15  1.0000000   1.9151347e-15  
-3.4101546e-18  2.0729946e-16  -1.0000681e-15  3.0357661e-17  6.2623517e-16  3.0531133e-16  -1.1414480e-15  -1.4918622e-16  1.5820678e-15  1.0000000   
