1.0000000   2.1350584e-16  7.7384435e-16  2.6804218e-16  -5.8284523e-16  -1.8489171e-16  3.5216732e-16  1.5814694e-16  -3.8128439e-16  -7.0379213e-16  
2.1348417e-16  1.0000001   5.8367816e-09  -5.6847626e-09  -2.3346318e-08  3.8702289e-11  1.1694123e-08  -1.0554643e-07  -1.2935222e-09  -2.8057979e-08  
7.7384647e-16  5.8367816e-09  1.0000011   2.8501831e-07  9.7636409e-07  5.2777730e-08  3.8419848e-08  7.3942294e-08  5.5334223e-09  2.7926265e-08  
2.6806399e-16  -5.6847626e-09  2.8501831e-07  1.0000003   -9.9808455e-08  -1.9638394e-07  -2.1618574e-07  -9.8104203e-09  4.8663708e-08  -8.0376632e-09  
-5.8285181e-16  -2.3346318e-08  9.7636409e-07  -9.9808455e-08  0.99999840  8.7474283e-08  -8.4911462e-09  -8.8924451e-09  -1.0079774e-09  1.0780800e-08  
-1.8492129e-16  3.8702291e-11  5.2777730e-08  -1.9638394e-07  8.7474283e-08  1.0000001   1.5466273e-07  1.7199135e-08  6.5663125e-08  1.1440559e-08  
3.5216127e-16  1.1694123e-08  3.8419848e-08  -2.1618575e-07  -8.4911462e-09  1.5466273e-07  1.0000005   -5.8946035e-09  3.0592688e-08  -1.7994044e-09  
1.5815243e-16  -1.0554643e-07  7.3942294e-08  -9.8104204e-09  -8.8924451e-09  1.7199135e-08  -5.8946035e-09  0.99999866  -7.6171155e-08  2.4289718e-07  
-3.8128341e-16  -1.2935222e-09  5.5334223e-09  4.8663708e-08  -1.0079774e-09  6.5663125e-08  3.0592688e-08  -7.6171155e-08  0.99999959  -1.3156105e-08  
-7.0379357e-16  -2.8057979e-08  2.7926265e-08  -8.0376632e-09  1.0780800e-08  1.1440559e-08  -1.7994044e-09  2.4289718e-07  -1.3156105e-08  1.0000000   
