1.0000000   -5.3007659e-16  -1.3784363e-16  1.7911886e-16  6.8459748e-18  2.3731651e-17  -2.8173460e-16  -1.3540591e-17  3.6687819e-16  -5.3923981e-16  
-5.3007180e-16  1.0000000   1.3481334e-17  1.4095048e-17  9.4908492e-17  -4.6606837e-16  -5.8534067e-16  8.2463433e-17  -1.0522192e-16  -2.9716965e-16  
-1.3784400e-16  1.0265081e-17  1.0000000   -4.1059100e-18  -5.4868341e-16  -4.1801046e-16  4.7055311e-16  1.0805307e-16  -2.4671315e-17  9.2410448e-17  
1.7911720e-16  1.8789344e-17  -7.2535689e-17  1.0000000   5.7039304e-16  -2.4628827e-16  -1.8127695e-16  2.3551472e-17  8.9209685e-16  1.5876786e-17  
6.8460515e-18  9.4704647e-17  -4.8695425e-16  6.3670269e-16  1.0000000   -3.7857431e-16  1.8641879e-16  4.7737123e-17  -7.8035439e-17  -1.0719710e-16  
2.3732661e-17  -4.9771599e-16  -4.2408202e-16  -2.5063867e-16  -3.7814323e-16  1.0000000   3.7292959e-18  4.4125217e-16  5.4613075e-16  -5.5890622e-16  
-2.8172477e-16  -5.7536465e-16  4.6884042e-16  -1.7932797e-16  2.0398547e-16  1.7604081e-17  1.0000000   4.3106529e-16  -1.3908818e-16  -2.7489607e-16  
-1.3544141e-17  8.0565702e-17  6.0359796e-17  -7.1304380e-17  2.3759130e-17  4.4341895e-16  4.3074298e-16  1.0000000   -1.2063813e-16  -7.1305097e-16  
3.6688590e-16  -1.1345744e-16  -2.4876881e-17  8.8864055e-16  -7.0237207e-17  5.1837593e-16  -1.1132248e-16  -1.1824871e-16  1.0000000   1.1552174e-16  
-5.3922795e-16  -3.1970750e-16  9.0684194e-17  1.3267924e-17  -1.0719033e-16  -6.1442415e-16  -3.0264995e-16  -7.1219038e-16  1.7103289e-16  1.0000000   
