1.0000000   1.2024639e-17  1.0068427e-16  -3.9647197e-16  -3.6586378e-16  -5.4724526e-16  6.9753658e-16  -4.1100997e-16  -2.0596907e-16  -6.5108735e-16  
1.2025642e-17  0.99999973  3.0297160e-08  -1.6083696e-08  -1.8311007e-08  6.4455894e-07  -2.7881508e-08  1.7819692e-08  4.3694577e-10  5.0691607e-08  
1.0068631e-16  3.0297160e-08  0.99999943  3.9404116e-07  -1.7922792e-07  2.8985091e-08  -5.7546340e-08  -1.9151377e-08  -6.3692641e-08  4.4498409e-08  
-3.9646959e-16  -1.6083696e-08  3.9404116e-07  1.0000002   7.7873364e-08  1.2649568e-08  7.7372892e-08  -3.8436278e-07  -5.1239858e-08  -1.7283137e-08  
-3.6586438e-16  -1.8311007e-08  -1.7922792e-07  7.7873364e-08  1.0000005   -1.6435852e-08  1.8086870e-08  -4.8316893e-07  3.1366129e-08  1.9664438e-09  
-5.4724791e-16  6.4455894e-07  2.8985091e-08  1.2649568e-08  -1.6435852e-08  1.0000011   2.3078070e-08  1.1798788e-08  -6.4587664e-08  1.4446557e-08  
6.9753505e-16  -2.7881508e-08  -5.7546340e-08  7.7372892e-08  1.8086870e-08  2.3078070e-08  0.99999999  1.3133768e-08  1.9501853e-08  -1.9506393e-07  
-4.1101878e-16  1.7819692e-08  -1.9151377e-08  -3.8436278e-07  -4.8316893e-07  1.1798788e-08  1.3133768e-08  0.99999912  -2.4940130e-08  -3.7668095e-08  
-2.0596762e-16  4.3694577e-10  -6.3692641e-08  -5.1239858e-08  3.1366129e-08  -6.4587664e-08  1.9501853e-08  -2.4940130e-08  0.99999996  1.1362024e-07  
-6.5108866e-16  5.0691607e-08  4.4498409e-08  -1.7283137e-08  1.9664438e-09  1.4446558e-08  -1.9506393e-07  -3.7668095e-08  1.1362024e-07  0.99999999  
