1.0000000   -5.3184955e-16  3.1673398e-16  -2.7938041e-16  2.8231546e-16  -5.5127065e-16  3.8695197e-16  4.7279413e-16  6.5443604e-16  -2.4188929e-16  
-5.3184702e-16  1.0000000   -6.4230433e-08  6.4205754e-08  4.4115470e-08  -1.1644285e-08  -1.5612682e-08  -1.2157471e-08  1.8292104e-08  -2.2523064e-07  
3.1673453e-16  -6.4230433e-08  1.0000001   -2.5563488e-07  1.8584726e-07  -2.3414994e-08  -4.7266546e-08  6.2268989e-07  -1.0822377e-08  1.0729205e-08  
-2.7938556e-16  6.4205754e-08  -2.5563488e-07  0.99999987  5.8233161e-07  2.2789640e-08  -2.3398142e-08  -5.6258793e-07  -1.8718861e-08  -7.5492458e-09  
2.8232975e-16  4.4115470e-08  1.8584726e-07  5.8233161e-07  1.0000006   3.4999810e-08  2.7092321e-09  3.2863026e-08  -3.4556322e-09  5.2264396e-09  
-5.5128891e-16  -1.1644285e-08  -2.3414994e-08  2.2789640e-08  3.4999810e-08  0.99999940  -1.3291615e-07  9.4015999e-10  -2.0247206e-07  -1.5806879e-07  
3.8695668e-16  -1.5612682e-08  -4.7266546e-08  -2.3398142e-08  2.7092321e-09  -1.3291615e-07  0.99999977  1.3662949e-08  1.3310327e-07  -2.6454202e-07  
4.7278944e-16  -1.2157471e-08  6.2268989e-07  -5.6258793e-07  3.2863026e-08  9.4016000e-10  1.3662949e-08  1.0000005   3.4970872e-08  -3.7090851e-08  
6.5443591e-16  1.8292104e-08  -1.0822377e-08  -1.8718861e-08  -3.4556322e-09  -2.0247206e-07  1.3310327e-07  3.4970872e-08  0.99999992  -2.9425963e-07  
-2.4187898e-16  -2.2523064e-07  1.0729205e-08  -7.5492458e-09  5.2264396e-09  -1.5806879e-07  -2.6454202e-07  -3.7090851e-08  -2.9425963e-07  0.99999997  
