1.0000000   -6.0354929e-16  -2.1456254e-16  -1.1811132e-16  4.6649411e-16  1.3509678e-16  -2.5256221e-16  -6.6769617e-16  3.1212110e-16  -4.5702510e-17  
-6.0355509e-16  1.0000000   -7.6982033e-17  -3.2626740e-16  -1.3010208e-16  3.9771922e-17  6.5675591e-16  -6.8509036e-16  2.6896999e-16  6.1189914e-16  
-2.1456646e-16  -6.4737117e-17  1.0000000   -1.9993902e-16  5.0985129e-16  8.5494128e-17  -1.0605410e-16  5.3798725e-16  1.4514117e-17  -2.9759126e-16  
-1.1809622e-16  -3.2760254e-16  -2.3259537e-16  1.0000000   6.9358899e-17  -4.3726757e-16  6.5091511e-16  -6.8156198e-16  -1.1280864e-15  -3.8549147e-16  
4.6648927e-16  -1.4192487e-16  6.2680983e-16  9.7758335e-17  1.0000000   5.1244219e-16  -2.6241858e-16  3.7165593e-16  1.9952182e-17  -1.7028115e-17  
1.3514073e-16  3.2832128e-17  8.5494834e-17  -4.3574698e-16  5.1504404e-16  1.0000000   -1.3052375e-16  1.0039878e-16  -2.7048830e-16  3.6893706e-16  
-2.5255787e-16  6.5241993e-16  -1.0821551e-16  6.5622627e-16  -2.6284722e-16  -1.1665192e-16  1.0000000   -2.5054760e-16  -3.7074877e-16  2.5736249e-16  
-6.6769910e-16  -6.8374117e-16  4.1548535e-16  -8.1150999e-16  1.6969353e-16  9.9529321e-17  -2.5075928e-16  1.0000000   -1.6013683e-16  -3.5348125e-16  
3.1211920e-16  2.6854014e-16  1.5382744e-17  -1.1327506e-15  2.4284407e-17  -2.4273403e-16  -3.1870558e-16  -1.5839587e-16  1.0000000   -4.3706561e-16  
-4.5694039e-17  6.0495771e-16  -3.0799960e-16  -3.8809525e-16  -1.7029809e-17  3.1341913e-16  2.7126061e-16  -3.6215317e-16  -4.3707239e-16  1.0000000   
