1.0000000   -6.7655351e-17  -3.8564892e-17  -8.9951146e-17  3.7943825e-16  -5.9347491e-16  -4.7978838e-17  -1.0499392e-15  -5.2246868e-16  8.0878081e-17  
-6.7636004e-17  0.99999992  2.2798313e-08  1.3626873e-08  -2.5032112e-08  2.5063107e-08  2.5033701e-07  2.4854883e-07  1.7991463e-07  -2.3455370e-08  
-3.8552076e-17  2.2798313e-08  0.99999962  1.8054328e-07  7.8101605e-07  -1.0262123e-07  5.9098668e-08  6.0784956e-10  -2.3751220e-08  -2.8052973e-08  
-8.9961811e-17  1.3626873e-08  1.8054328e-07  1.0000002   1.8337606e-07  1.9962829e-07  3.1238019e-08  -2.9400025e-08  -4.1458022e-09  9.8350810e-10  
3.7942219e-16  -2.5032112e-08  7.8101605e-07  1.8337606e-07  1.0000002   -5.4086172e-07  -6.2483192e-08  2.3168725e-08  3.4558935e-09  4.0234319e-09  
-5.9347240e-16  2.5063107e-08  -1.0262123e-07  1.9962829e-07  -5.4086172e-07  1.0000009   2.5140617e-08  -5.9301220e-08  1.2551466e-08  -7.5827632e-09  
-4.7975916e-17  2.5033701e-07  5.9098668e-08  3.1238019e-08  -6.2483192e-08  2.5140617e-08  1.0000005   3.8592665e-07  -2.7225724e-07  -1.6779910e-09  
-1.0499352e-15  2.4854883e-07  6.0784957e-10  -2.9400025e-08  2.3168725e-08  -5.9301220e-08  3.8592665e-07  0.99999890  -2.4014084e-07  1.6462132e-07  
-5.2247338e-16  1.7991463e-07  -2.3751220e-08  -4.1458022e-09  3.4558935e-09  1.2551466e-08  -2.7225724e-07  -2.4014084e-07  0.99999906  2.8823911e-07  
8.0874492e-17  -2.3455370e-08  -2.8052973e-08  9.8350809e-10  4.0234319e-09  -7.5827632e-09  -1.6779911e-09  1.6462132e-07  2.8823911e-07  1.0000003   
