1.0000000   2.5944547e-16  -6.2343011e-16  8.5327501e-17  -3.0610936e-16  -1.6130160e-16  3.5671422e-16  3.0895611e-16  -9.2135751e-16  5.8235039e-16  
2.5943661e-16  1.0000000   -5.0342665e-09  -3.5856107e-08  -2.4069723e-08  2.7066726e-08  -7.3800091e-08  8.0114302e-08  7.7223470e-08  1.2210003e-07  
-6.2343201e-16  -5.0342665e-09  1.0000004   1.8509461e-07  4.5546790e-07  -5.3784273e-08  -1.1460168e-08  1.7061803e-08  1.5712063e-08  -2.8494693e-09  
8.5327473e-17  -3.5856107e-08  1.8509461e-07  1.0000006   -7.3008542e-07  4.0872962e-11  1.5190569e-08  6.2844429e-08  1.3589602e-08  -1.7346639e-08  
-3.0611058e-16  -2.4069723e-08  4.5546790e-07  -7.3008542e-07  0.99999908  -3.8206424e-07  -8.0014987e-09  2.5263019e-08  -2.0017556e-08  4.0812466e-08  
-1.6131359e-16  2.7066726e-08  -5.3784273e-08  4.0872981e-11  -3.8206424e-07  0.99999982  -3.7129845e-08  2.8440729e-08  6.3602377e-10  2.5808164e-08  
3.5672486e-16  -7.3800091e-08  -1.1460168e-08  1.5190569e-08  -8.0014987e-09  -3.7129845e-08  0.99999934  4.1158539e-08  2.4561670e-07  4.1434715e-07  
3.0896826e-16  8.0114302e-08  1.7061803e-08  6.2844429e-08  2.5263019e-08  2.8440729e-08  4.1158539e-08  1.0000011   -8.5529451e-08  6.6330021e-07  
-9.2136484e-16  7.7223470e-08  1.5712063e-08  1.3589602e-08  -2.0017556e-08  6.3602377e-10  2.4561670e-07  -8.5529451e-08  1.0000003   2.5200432e-07  
5.8235470e-16  1.2210003e-07  -2.8494693e-09  -1.7346639e-08  4.0812466e-08  2.5808164e-08  4.1434715e-07  6.6330021e-07  2.5200432e-07  0.99999936  
