1.0000000   6.0122782e-17  -1.3631830e-16  1.1673326e-16  5.6227911e-16  9.9488678e-17  -7.8157551e-16  -6.7317063e-17  7.6034325e-16  2.8590072e-16  
6.0121591e-17  1.0000000   -3.1342083e-16  -3.2461828e-16  -1.1796448e-16  3.9313171e-16  2.3552124e-15  -1.6271842e-16  -1.8076767e-15  1.3183898e-16  
-1.3636439e-16  -3.1311632e-16  1.0000000   -8.5053607e-16  -9.0606596e-15  3.6492890e-16  -1.1105527e-14  1.6431681e-15  1.0873602e-14  9.2531234e-16  
1.1673757e-16  -3.2490961e-16  -7.9211132e-16  1.0000000   5.4823592e-16  1.2058403e-15  2.0544572e-17  1.2952805e-16  -4.6208877e-17  3.0876045e-16  
5.6229336e-16  -1.2414157e-16  -9.3706920e-15  6.0402244e-16  1.0000000   -7.4899397e-16  1.4189953e-14  -2.0742264e-15  -1.2089093e-14  -1.1408517e-15  
9.9501807e-17  4.3758400e-16  3.5951128e-16  1.2061919e-15  -7.4446742e-16  1.0000000   4.7323256e-15  2.0391132e-16  -4.2925732e-15  1.1102230e-16  
-7.8165852e-16  2.3590071e-15  -1.1078945e-14  1.7915594e-17  1.4145337e-14  4.3576254e-15  1.0000000   8.9231872e-16  4.0677531e-14  3.9412917e-15  
-6.7316304e-17  -1.6020082e-16  1.0024424e-15  1.3051633e-16  -1.5139936e-15  2.0448053e-16  8.9565433e-16  1.0000000   -7.3432928e-16  -3.6711086e-16  
7.6040437e-16  -1.8167976e-15  1.0863537e-14  -6.1306974e-17  -1.2079012e-14  -4.3229309e-15  1.9779317e-14  -6.8404348e-16  1.0000000   -3.5180192e-15  
2.8588548e-16  1.2316537e-16  9.2509550e-16  3.0880788e-16  -1.1411770e-15  5.5511151e-17  4.0245585e-15  -3.6765296e-16  -3.7990444e-15  1.0000000   
