1.0000000   -5.3683650e-16  -2.1250324e-16  -2.7525259e-16  -4.6589953e-16  -5.1352474e-16  2.1110976e-16  -8.7264877e-17  -1.3640985e-16  5.1615423e-16  
-5.3684278e-16  0.99999996  -4.1264880e-08  -2.5944249e-09  5.1346093e-09  3.2220619e-08  -3.6209839e-07  1.1655953e-08  1.3594758e-08  1.7503685e-07  
-2.1249397e-16  -4.1264880e-08  1.0000006   -1.5987099e-07  -1.1801114e-07  -2.5660808e-08  -2.4476193e-08  2.4930624e-07  -5.3692832e-08  -9.3973760e-09  
-2.7524686e-16  -2.5944249e-09  -1.5987099e-07  1.0000001   -1.0839618e-07  1.0165562e-08  -1.4336713e-08  -2.5919056e-07  2.7632256e-08  1.2199122e-08  
-4.6589862e-16  5.1346093e-09  -1.1801114e-07  -1.0839618e-07  1.0000000   -7.5492228e-09  -2.3196338e-08  -1.6278795e-07  -4.1829786e-08  -1.5289547e-08  
-5.1352830e-16  3.2220619e-08  -2.5660808e-08  1.0165562e-08  -7.5492227e-09  1.0000002   1.5820631e-07  5.2630583e-08  -5.9880565e-07  -2.7649819e-07  
2.1111690e-16  -3.6209839e-07  -2.4476193e-08  -1.4336713e-08  -2.3196338e-08  1.5820631e-07  1.0000001   -3.6425292e-08  -4.2206999e-07  1.2508691e-07  
-8.7273593e-17  1.1655953e-08  2.4930624e-07  -2.5919056e-07  -1.6278795e-07  5.2630583e-08  -3.6425292e-08  0.99999878  -3.8668300e-08  -1.2479651e-08  
-1.3641525e-16  1.3594758e-08  -5.3692832e-08  2.7632256e-08  -4.1829786e-08  -5.9880565e-07  -4.2206999e-07  -3.8668300e-08  0.99999929  2.5040329e-07  
5.1615620e-16  1.7503685e-07  -9.3973760e-09  1.2199122e-08  -1.5289547e-08  -2.7649819e-07  1.2508691e-07  -1.2479651e-08  2.5040329e-07  1.0000001   
