1.0000000   3.3142528e-16  6.0471074e-16  -1.7012001e-16  7.1513678e-16  -2.4378611e-16  2.3789352e-16  -7.0789061e-16  1.0575844e-16  -1.2900058e-16  
3.3142400e-16  1.0000000   -2.4609564e-16  2.5905682e-17  -9.0627231e-16  1.6586577e-16  2.9729156e-16  1.7866378e-16  -2.0988053e-17  4.2377058e-17  
6.0471017e-16  -2.4576967e-16  1.0000000   -1.2502054e-16  -3.6095036e-16  -4.3111174e-16  1.2209024e-16  6.0873464e-17  -4.9478537e-17  8.9929488e-17  
-1.7012811e-16  2.0645677e-17  -2.5116503e-16  1.0000000   1.4110469e-16  3.8883144e-16  1.7819835e-16  2.3739850e-17  5.9390333e-17  3.5189476e-16  
7.1514237e-16  -9.0517191e-16  -2.4080408e-16  8.0657765e-17  1.0000000   -4.3230476e-16  3.6589441e-16  3.7214542e-16  -2.3772357e-16  -1.1514905e-16  
-2.4378864e-16  1.3464256e-16  -4.2590821e-16  3.9490292e-16  -4.2970161e-16  1.0000000   2.2304434e-16  9.0509260e-17  3.3247405e-16  2.1258494e-16  
2.3788074e-16  3.2981516e-16  1.2156577e-16  1.7962881e-16  3.6688000e-16  2.6641334e-16  1.0000000   -1.4684278e-16  -2.0747775e-17  2.1812750e-16  
-7.0789240e-16  1.7671971e-16  1.2674210e-16  -6.7179027e-17  3.2732197e-16  9.3110225e-17  -1.5133785e-16  1.0000000   1.0761836e-16  -2.9367988e-16  
1.0575607e-16  -1.7513361e-17  -4.7967331e-17  6.0242140e-17  -2.3772011e-16  3.2553490e-16  4.6037311e-17  1.0761918e-16  1.0000000   -4.0192365e-16  
-1.2900058e-16  7.0130940e-17  9.3398935e-17  3.5189476e-16  -1.1341348e-16  3.2361402e-16  1.9037023e-16  -2.9541206e-16  -3.8804679e-16  1.0000000   
