1.0000000   3.6156776e-16  2.7351862e-16  6.7533634e-16  -1.2233934e-15  3.1929065e-16  1.8280448e-16  1.8065219e-16  1.8916806e-16  4.5863785e-16  
3.6156856e-16  1.0000000   8.6348754e-16  -9.1341690e-16  3.6298545e-16  2.4830528e-16  -3.3406605e-16  2.2869418e-16  6.1385371e-16  -3.1981614e-16  
2.7351934e-16  8.5949842e-16  1.0000000   3.3046189e-16  5.9959909e-16  -2.6686250e-16  2.3138814e-16  1.6705834e-17  -1.6615171e-16  -1.8640993e-16  
6.7532998e-16  -9.1245405e-16  1.9624606e-16  1.0000000   3.8087540e-16  -3.1931469e-16  -5.8497467e-16  3.5102740e-17  -6.3242139e-16  7.4747566e-16  
-1.2233966e-15  3.6266589e-16  4.5473057e-16  5.2368075e-16  1.0000000   3.5135042e-16  -2.7935901e-16  -1.8297347e-16  1.0949488e-15  2.1712504e-16  
3.1929617e-16  2.7955416e-16  -2.7902032e-16  -3.1735910e-16  3.4353722e-16  1.0000000   -4.8259444e-16  -9.2810580e-17  1.3174180e-15  1.6756480e-15  
1.8280341e-16  -3.7093792e-16  2.2727986e-16  -5.8393498e-16  -2.8195584e-16  -4.2705372e-16  1.0000000   -1.1274319e-16  8.4483876e-16  6.0305019e-16  
1.8065466e-16  2.2738070e-16  6.0526199e-17  -2.6506236e-17  -2.1081500e-16  -9.3020798e-17  -1.1718174e-16  1.0000000   2.6833907e-16  3.0028334e-16  
1.8916605e-16  6.1973600e-16  -1.5900410e-16  -6.3294987e-16  1.1025762e-15  1.2479917e-15  8.7618415e-16  2.5336897e-16  1.0000000   -1.2062562e-15  
4.5864462e-16  -3.0419918e-16  -1.8814804e-16  7.4530429e-16  2.1191240e-16  1.5645715e-15  5.6139819e-16  3.0071703e-16  -1.2114604e-15  1.0000000   
