0.99986198  -5.3553526e-07  3.0880750e-06  -6.7318431e-06  4.1524134e-05  2.6089932e-07  -3.1845845e-05  2.3648408e-05  -4.0265765e-05  -1.8133557e-06  
-5.3553526e-07  0.99995077  1.7669026e-05  -7.4298055e-06  -6.7076784e-05  4.9469377e-05  3.1993827e-06  9.0565558e-06  -9.7079919e-06  -1.2795230e-05  
3.0880750e-06  1.7669026e-05  0.99989571  1.4159679e-05  -9.8877427e-05  -2.0862295e-05  -4.3923292e-05  -8.8446864e-06  1.9152184e-05  2.2009461e-05  
-6.7318431e-06  -7.4298055e-06  1.4159679e-05  0.99991423  1.3763529e-05  2.3290278e-05  -3.7052199e-05  -2.5520288e-05  -2.3005655e-05  2.6526232e-05  
4.1524134e-05  -6.7076784e-05  -9.8877427e-05  1.3763529e-05  0.99983775  -4.7370251e-05  -8.1367464e-07  -6.6047263e-05  -1.6851711e-05  2.4167952e-05  
2.6089932e-07  4.9469377e-05  -2.0862295e-05  2.3290278e-05  -4.7370251e-05  0.99988433  -5.8652654e-05  1.7244000e-05  2.6438033e-05  -2.3106197e-05  
-3.1845845e-05  3.1993827e-06  -4.3923292e-05  -3.7052199e-05  -8.1367464e-07  -5.8652654e-05  0.99980209  -1.5045712e-05  -5.4074546e-05  -1.9780512e-05  
2.3648408e-05  9.0565558e-06  -8.8446864e-06  -2.5520288e-05  -6.6047263e-05  1.7244000e-05  -1.5045712e-05  0.99983239  5.1032475e-05  -1.0906219e-05  
-4.0265765e-05  -9.7079919e-06  1.9152184e-05  -2.3005655e-05  -1.6851711e-05  2.6438033e-05  -5.4074546e-05  5.1032475e-05  0.99982330  -4.5334549e-05  
-1.8133557e-06  -1.2795230e-05  2.2009461e-05  2.6526232e-05  2.4167952e-05  -2.3106197e-05  -1.9780512e-05  -1.0906219e-05  -4.5334549e-05  0.99984810  
