0.99997998  -3.3476370e-05  -4.2004489e-06  1.5133821e-06  -2.0270747e-05  -5.7067630e-05  3.3458037e-06  -5.2123998e-05  -4.7810143e-05  5.5042119e-05  
-3.3476370e-05  1.0000305   6.6999656e-06  -7.9918677e-05  -2.1913766e-05  2.4456221e-05  -2.1145351e-06  5.6175649e-05  -5.2396776e-06  -3.8782541e-07  
-4.2004489e-06  6.6999656e-06  1.0001002   -1.9236650e-06  1.1480620e-05  7.4880336e-06  6.0984392e-05  3.4754756e-06  9.9881207e-06  -2.3917495e-05  
1.5133821e-06  -7.9918677e-05  -1.9236650e-06  1.0000096   1.2570362e-05  3.4719074e-06  4.4916261e-05  3.1772711e-05  6.7270778e-05  -1.6802393e-05  
-2.0270747e-05  -2.1913766e-05  1.1480620e-05  1.2570362e-05  0.99993410  -1.6046995e-05  -1.9433766e-05  -3.3707598e-05  -4.9871150e-06  1.5008125e-05  
-5.7067630e-05  2.4456221e-05  7.4880336e-06  3.4719074e-06  -1.6046995e-05  1.0000613   -1.4923379e-05  9.8920879e-06  -2.5885840e-05  2.6714972e-05  
3.3458037e-06  -2.1145351e-06  6.0984392e-05  4.4916261e-05  -1.9433766e-05  -1.4923379e-05  0.99998515  -3.0648346e-05  -2.2345711e-05  -5.2059871e-05  
-5.2123998e-05  5.6175649e-05  3.4754756e-06  3.1772711e-05  -3.3707598e-05  9.8920879e-06  -3.0648346e-05  0.99995076  6.2519108e-07  -8.5630543e-06  
-4.7810143e-05  -5.2396776e-06  9.9881207e-06  6.7270778e-05  -4.9871150e-06  -2.5885840e-05  -2.2345711e-05  6.2519108e-07  1.0000226   1.0230356e-05  
5.5042119e-05  -3.8782541e-07  -2.3917495e-05  -1.6802393e-05  1.5008125e-05  2.6714972e-05  -5.2059871e-05  -8.5630543e-06  1.0230356e-05  1.0000564   
