1.0000000   -7.3812768e-16  1.0504939e-15  -2.8264334e-16  -1.0068719e-16  1.2257878e-17  -3.7367806e-17  1.0782681e-15  -2.9668441e-16  -5.9309247e-17  
-7.3812995e-16  1.0000000   -2.9280111e-16  2.8975104e-16  4.4070170e-17  3.5674956e-17  -7.8106542e-17  1.3115479e-16  -9.6736139e-16  3.9805466e-17  
1.0504822e-15  -2.9284879e-16  1.0000000   -2.0341811e-16  -1.9469582e-16  1.5736208e-16  7.0460386e-17  -6.3481565e-16  6.0796040e-16  9.2961866e-17  
-2.8264574e-16  2.8467100e-16  -2.7502484e-16  1.0000000   -5.1456763e-16  -6.7782752e-17  9.3237004e-16  2.0446523e-16  -5.1734703e-16  1.3818919e-16  
-1.0068869e-16  3.9051050e-17  -4.4587536e-16  -4.5343802e-16  1.0000000   5.4079338e-17  4.4756226e-17  -5.4449208e-16  2.3279828e-16  3.1215621e-16  
1.2254491e-17  7.2099747e-17  1.5649577e-16  -6.5392434e-17  5.6465589e-17  1.0000000   -3.7390741e-16  2.5099972e-16  3.0827889e-18  5.4447278e-18  
-3.7362459e-17  -9.0247034e-17  7.8262241e-17  9.0928192e-16  4.6607863e-17  -4.0859581e-16  1.0000000   2.7849286e-16  5.1036208e-16  -2.7091205e-16  
1.0782781e-15  1.3093487e-16  -5.4080680e-16  1.5428672e-16  -4.4458428e-16  2.5129667e-16  2.7909414e-16  1.0000000   -1.4142095e-16  -8.6346539e-18  
-2.9667160e-16  -9.4427216e-16  6.0953854e-16  -5.0956238e-16  2.2572682e-16  -5.5897563e-18  4.2798003e-16  -1.4441223e-16  1.0000000   1.0457130e-16  
-5.9309247e-17  5.7149313e-17  8.9492419e-17  1.3775551e-16  3.0652301e-16  6.0942326e-17  -2.9865874e-16  -3.1645151e-18  8.7237617e-17  1.0000000   
