0.99994999  5.0904511e-05  1.7812475e-05  -1.8724643e-05  -5.2723326e-05  -2.5137711e-05  -5.2946961e-05  3.8328013e-05  6.7038395e-06  6.1967293e-05  
5.0904511e-05  0.99992368  -6.5166645e-06  2.4315663e-05  4.9871982e-06  -3.7553798e-05  1.4191836e-06  -4.2387305e-06  -1.4414355e-06  6.9391194e-06  
1.7812475e-05  -6.5166645e-06  1.0000507   -2.8734867e-05  4.9001885e-05  -2.5564644e-06  -4.1926970e-05  -2.0359847e-06  2.9266272e-06  -3.9231498e-06  
-1.8724643e-05  2.4315663e-05  -2.8734867e-05  0.99997112  3.4282298e-05  -1.3892063e-06  -5.6777105e-06  1.2789562e-05  -1.4312720e-05  -2.9721535e-05  
-5.2723326e-05  4.9871982e-06  4.9001885e-05  3.4282298e-05  1.0000755   6.2161697e-06  -2.0890132e-05  -2.5436521e-05  -3.6425423e-05  6.3199721e-06  
-2.5137711e-05  -3.7553798e-05  -2.5564644e-06  -1.3892063e-06  6.2161697e-06  0.99995274  -1.9996723e-05  1.0142162e-05  1.5610394e-05  3.1141735e-05  
-5.2946961e-05  1.4191836e-06  -4.1926970e-05  -5.6777105e-06  -2.0890132e-05  -1.9996723e-05  1.0000747   -6.5024324e-06  5.7231264e-08  -2.2536722e-05  
3.8328013e-05  -4.2387305e-06  -2.0359847e-06  1.2789562e-05  -2.5436521e-05  1.0142162e-05  -6.5024324e-06  1.0000143   -4.1463784e-06  6.7168501e-06  
6.7038395e-06  -1.4414355e-06  2.9266272e-06  -1.4312720e-05  -3.6425423e-05  1.5610394e-05  5.7231264e-08  -4.1463784e-06  1.0000675   1.0438662e-05  
6.1967293e-05  6.9391194e-06  -3.9231498e-06  -2.9721535e-05  6.3199721e-06  3.1141735e-05  -2.2536722e-05  6.7168501e-06  1.0438662e-05  0.99996876  
