1.0000000   2.5009274e-16  2.3295829e-17  -1.9582212e-16  -1.4146764e-17  -7.1742417e-17  9.9387788e-17  -3.1224722e-16  1.5215256e-16  -5.6184168e-16  
2.5009637e-16  0.99999982  -2.8590825e-09  1.4970187e-08  -8.6706712e-10  -4.8920803e-07  5.1802152e-08  3.1278649e-09  4.2615479e-08  -5.6030583e-08  
2.3301971e-17  -2.8590825e-09  0.99999961  2.1812931e-07  7.2591168e-07  -1.4767358e-08  -4.6009874e-08  -3.5543045e-07  3.0476415e-08  -6.6519027e-09  
-1.9582478e-16  1.4970187e-08  2.1812931e-07  0.99999978  2.1566406e-08  2.0518117e-08  -4.1294636e-08  -1.5417810e-07  -2.8733696e-08  1.9126738e-08  
-1.4154173e-17  -8.6706712e-10  7.2591168e-07  2.1566406e-08  0.99999950  -1.8749455e-09  6.9500651e-08  2.8444937e-07  -5.1970088e-08  4.2311780e-08  
-7.1740034e-17  -4.8920803e-07  -1.4767358e-08  2.0518117e-08  -1.8749455e-09  1.0000003   3.4539873e-07  1.6065642e-08  2.1484766e-07  -3.3293543e-07  
9.9378704e-17  5.1802152e-08  -4.6009874e-08  -4.1294636e-08  6.9500651e-08  3.4539873e-07  1.0000003   -2.6502585e-08  -4.2082466e-07  1.7789501e-07  
-3.1224709e-16  3.1278649e-09  -3.5543045e-07  -1.5417810e-07  2.8444937e-07  1.6065642e-08  -2.6502585e-08  1.0000013   1.6661098e-08  4.6071461e-08  
1.5215540e-16  4.2615479e-08  3.0476415e-08  -2.8733696e-08  -5.1970089e-08  2.1484766e-07  -4.2082466e-07  1.6661098e-08  0.99999887  7.2182979e-07  
-5.6185111e-16  -5.6030583e-08  -6.6519027e-09  1.9126738e-08  4.2311780e-08  -3.3293543e-07  1.7789501e-07  4.6071461e-08  7.2182979e-07  1.0000008   
