1.0000000   -3.3276201e-16  -4.5455764e-17  4.4079483e-16  2.4959546e-16  -1.6028244e-16  5.4661883e-16  -2.9776918e-16  -4.5888976e-16  3.3256249e-16  
-3.3277434e-16  1.0000002   2.8017262e-09  4.4030476e-09  3.6634321e-09  6.4644438e-07  -3.1623478e-08  1.0475448e-08  2.6180642e-08  -1.2225528e-07  
-4.5454512e-17  2.8017262e-09  0.99999912  2.1754491e-07  6.2717204e-07  -3.1476581e-09  -2.2826598e-09  4.2583275e-07  -4.6011666e-09  1.2130539e-08  
4.4079113e-16  4.4030476e-09  2.1754491e-07  0.99999947  -3.6277823e-07  -3.0324683e-08  1.3447177e-08  8.3706005e-07  1.2734044e-08  4.5495282e-09  
2.4959204e-16  3.6634321e-09  6.2717204e-07  -3.6277823e-07  1.0000010   -2.3576927e-08  -4.2189419e-09  1.5018310e-07  -1.1684312e-08  -5.2226341e-09  
-1.6027820e-16  6.4644438e-07  -3.1476581e-09  -3.0324683e-08  -2.3576927e-08  1.0000012   6.6357684e-08  1.6102945e-08  2.6761087e-07  3.1524792e-07  
5.4662234e-16  -3.1623478e-08  -2.2826598e-09  1.3447177e-08  -4.2189419e-09  6.6357684e-08  0.99999995  6.5842304e-08  2.9953601e-08  1.9901600e-07  
-2.9775848e-16  1.0475448e-08  4.2583275e-07  8.3706005e-07  1.5018310e-07  1.6102945e-08  6.5842304e-08  0.99999820  3.4628647e-10  1.8652912e-08  
-4.5889559e-16  2.6180642e-08  -4.6011666e-09  1.2734044e-08  -1.1684312e-08  2.6761087e-07  2.9953601e-08  3.4628647e-10  0.99999957  5.2677853e-07  
3.3255572e-16  -1.2225528e-07  1.2130539e-08  4.5495282e-09  -5.2226341e-09  3.1524792e-07  1.9901600e-07  1.8652912e-08  5.2677853e-07  1.0000004   
