1.0000000   -5.1973814e-16  -1.9602448e-17  -4.0406672e-16  2.0962620e-16  -1.1176133e-18  2.9278574e-16  3.4315894e-16  -2.4857670e-16  -2.2824997e-16  
-5.1973388e-16  1.0000000   -1.8968629e-16  1.6793805e-16  1.2003041e-16  5.3314683e-16  1.6685360e-16  -5.6329346e-16  -7.5459129e-16  -3.3819400e-16  
-1.9610712e-17  -1.8694236e-16  1.0000000   2.0639946e-17  3.8633118e-16  -1.6862555e-16  1.6035135e-16  2.3148749e-16  7.8221645e-17  5.9453412e-16  
-4.0406572e-16  1.7307859e-16  5.0652708e-17  1.0000000   3.5708156e-16  -5.2509312e-16  7.8859465e-16  -8.1256098e-17  -3.8129004e-16  -4.3018993e-16  
2.0963142e-16  1.3076310e-16  1.8555855e-16  3.7351996e-16  1.0000000   4.2843065e-16  -1.8542622e-16  -8.0858757e-16  -3.5337757e-16  4.6797554e-16  
-1.1084613e-18  5.0972743e-16  -1.6841087e-16  -5.2574458e-16  4.2821130e-16  1.0000000   4.3576753e-16  -9.4697308e-17  1.8750357e-16  3.5787142e-16  
2.9279494e-16  1.4387235e-16  1.6684554e-16  7.8349547e-16  -1.8845024e-16  4.0801376e-16  1.0000000   3.2963136e-16  9.8565049e-17  1.9744423e-16  
3.4316159e-16  -5.6233115e-16  3.3057218e-16  -3.7571523e-17  -7.3057838e-16  -9.4480699e-17  3.2594806e-16  1.0000000   -2.7477084e-16  -1.5724489e-16  
-2.4856988e-16  -7.5459237e-16  7.9528825e-17  -3.8053407e-16  -3.6075485e-16  2.1525528e-16  7.0811995e-17  -2.7368707e-16  1.0000000   -2.3963271e-16  
-2.2825166e-16  -3.4643224e-16  5.9496949e-16  -4.3300896e-16  4.6840922e-16  2.4686691e-16  1.9744423e-16  -1.5767179e-16  -1.8413289e-16  1.0000000   
