1.0000000   3.9594759e-17  1.4346702e-16  -3.0683987e-16  2.3278465e-16  -5.5239801e-17  2.0539976e-16  -1.3507885e-16  -5.3242989e-16  -5.3958540e-16  
3.9597781e-17  1.0000000   2.4274843e-16  3.8740441e-18  -1.9715588e-16  -4.0227176e-16  1.0600353e-16  1.6000553e-16  1.6904950e-16  -2.2608580e-17  
1.4346416e-16  2.4751766e-16  1.0000000   5.5218907e-16  2.3205081e-16  7.6179711e-16  -5.3201812e-16  1.8788882e-16  1.5811833e-16  3.9454710e-16  
-3.0683684e-16  3.5463498e-18  5.3977840e-16  1.0000000   -5.9042364e-16  -5.5248429e-16  4.0457004e-16  5.9755661e-16  2.3396760e-16  1.6868767e-16  
2.3278552e-16  -1.9650467e-16  2.9091910e-16  -5.9356480e-16  1.0000000   -2.9478149e-16  -3.2622101e-16  4.5531555e-17  2.5566574e-16  -1.8840549e-16  
-5.5242644e-17  -4.3349252e-16  7.5832812e-16  -5.5248454e-16  -2.9998451e-16  1.0000000   -4.9175074e-16  -8.6715182e-17  -4.3446878e-16  5.3840718e-16  
2.0540825e-16  1.0860517e-16  -5.3375052e-16  4.0609060e-16  -3.2708433e-16  -4.8481376e-16  1.0000000   -4.5229583e-16  8.6025287e-17  -3.1747472e-16  
-1.3508659e-16  1.5946920e-16  1.8913449e-16  6.3597473e-16  4.3364630e-17  -8.7582998e-17  -4.4991305e-16  1.0000000   6.5090381e-16  -1.7143147e-16  
-5.3242938e-16  1.7078388e-16  1.5725314e-16  2.3244563e-16  2.5566675e-16  -4.4834500e-16  -2.4974077e-17  6.5046943e-16  1.0000000   -1.8202738e-18  
-5.3958032e-16  -4.3422297e-17  3.8760942e-16  1.6782126e-16  -1.9881187e-16  4.8289857e-16  -3.7298249e-16  -1.7316540e-16  2.5935725e-17  1.0000000   
