1.0000000   -8.1403124e-16  2.6123753e-16  1.9787655e-16  -1.4123615e-16  -1.1483487e-16  -3.0771304e-16  -2.4982890e-16  -1.2595859e-16  2.3724144e-16  
-8.1403599e-16  0.99999983  5.9802375e-08  -4.6910094e-08  2.1852621e-08  1.8599866e-07  -4.0328919e-07  -3.2365543e-08  -1.3941962e-07  6.1747800e-08  
2.6123407e-16  5.9802375e-08  0.99999970  4.4134313e-08  -2.1735900e-07  1.8553709e-08  1.1969599e-08  -5.8592267e-07  -1.1339314e-08  6.0641738e-08  
1.9787986e-16  -4.6910094e-08  4.4134313e-08  0.99999981  3.7301438e-07  -3.6521944e-08  1.1580342e-08  -1.4197068e-07  -4.9389845e-08  -8.3130398e-09  
-1.4122224e-16  2.1852621e-08  -2.1735900e-07  3.7301438e-07  1.0000005   2.0624196e-08  -4.9283717e-08  -3.7941921e-07  2.8996117e-08  2.5453274e-08  
-1.1482483e-16  1.8599866e-07  1.8553709e-08  -3.6521944e-08  2.0624196e-08  1.0000004   -8.0876999e-08  6.8229071e-08  -1.0250159e-07  3.5721282e-07  
-3.0772121e-16  -4.0328919e-07  1.1969599e-08  1.1580342e-08  -4.9283717e-08  -8.0876999e-08  1.0000000   4.6761009e-08  3.8328509e-07  4.3926755e-07  
-2.4982713e-16  -3.2365543e-08  -5.8592267e-07  -1.4197068e-07  -3.7941921e-07  6.8229071e-08  4.6761009e-08  1.0000000   -7.2973914e-09  -6.8178096e-09  
-1.2596012e-16  -1.3941962e-07  -1.1339314e-08  -4.9389845e-08  2.8996117e-08  -1.0250159e-07  3.8328509e-07  -7.2973914e-09  0.99999913  3.8322673e-08  
2.3723607e-16  6.1747800e-08  6.0641738e-08  -8.3130398e-09  2.5453274e-08  3.5721282e-07  4.3926755e-07  -6.8178096e-09  3.8322673e-08  1.0000002   
