1.0000000   1.7004604e-17  5.5148263e-16  -2.0443792e-16  2.6383845e-16  8.9575084e-17  -1.1363034e-16  -1.6753313e-16  1.8343358e-16  4.2457268e-16  
1.7006908e-17  0.99999993  -1.3595223e-08  7.3945097e-09  3.1193767e-09  8.1779880e-09  -8.3943304e-08  2.3480478e-08  -3.8851794e-08  -5.6613241e-08  
5.5150356e-16  -1.3595223e-08  1.0000008   3.9258590e-07  -3.2581013e-07  -3.3148936e-07  -1.5865898e-09  4.8618004e-09  1.0985255e-08  -1.9824257e-08  
-2.0443696e-16  7.3945097e-09  3.9258590e-07  1.0000000   -6.8453725e-08  -2.9940229e-07  5.9589270e-08  -1.3721775e-08  1.5960707e-09  5.8068766e-08  
2.6382661e-16  3.1193767e-09  -3.2581013e-07  -6.8453725e-08  0.99999934  2.2662643e-07  2.9261821e-08  6.5734485e-08  -1.3112133e-08  2.6817785e-09  
8.9579259e-17  8.1779880e-09  -3.3148936e-07  -2.9940229e-07  2.2662643e-07  0.99999897  2.8163261e-08  -2.0803269e-08  3.7862396e-08  -2.1813375e-08  
-1.1362998e-16  -8.3943304e-08  -1.5865898e-09  5.9589270e-08  2.9261821e-08  2.8163261e-08  1.0000002   -5.5093991e-07  -4.6386030e-08  6.0550573e-08  
-1.6753714e-16  2.3480478e-08  4.8618004e-09  -1.3721775e-08  6.5734485e-08  -2.0803269e-08  -5.5093991e-07  1.0000017   1.9497099e-07  3.9964300e-07  
1.8342113e-16  -3.8851794e-08  1.0985255e-08  1.5960707e-09  -1.3112133e-08  3.7862396e-08  -4.6386030e-08  1.9497099e-07  1.0000002   -3.6290054e-08  
4.2458135e-16  -5.6613241e-08  -1.9824257e-08  5.8068766e-08  2.6817785e-09  -2.1813375e-08  6.0550573e-08  3.9964300e-07  -3.6290054e-08  0.99999938  
