1.0000000   -3.8187888e-16  8.1299024e-16  4.2379120e-16  8.1858842e-16  -1.6381850e-16  6.4299492e-16  7.9501738e-16  1.5988620e-16  1.0481604e-15  
-3.8187018e-16  1.0000003   -9.1785492e-08  9.1107505e-09  -1.5848964e-08  -5.5582007e-09  -1.1556828e-07  5.3834760e-07  -1.7220146e-07  -1.2823487e-07  
8.1299001e-16  -9.1785492e-08  1.0000008   6.3577392e-07  -2.0139217e-07  2.8047809e-07  1.5862120e-08  -4.7715579e-08  2.2432891e-08  -3.7387653e-08  
4.2379174e-16  9.1107505e-09  6.3577392e-07  0.99999841  -1.4017797e-08  3.9897836e-08  3.1647374e-08  6.4224384e-08  -1.3142932e-08  2.4083894e-08  
8.1858430e-16  -1.5848964e-08  -2.0139217e-07  -1.4017797e-08  1.0000003   2.2202007e-07  1.3192168e-09  -4.5648975e-08  3.3794012e-08  5.2128994e-08  
-1.6381660e-16  -5.5582007e-09  2.8047809e-07  3.9897836e-08  2.2202007e-07  1.0000005   -1.1050357e-08  4.4678912e-08  -2.7172435e-08  2.9447924e-08  
6.4299357e-16  -1.1556828e-07  1.5862120e-08  3.1647374e-08  1.3192168e-09  -1.1050357e-08  0.99999960  -5.9719071e-07  1.2013370e-07  -2.3132206e-07  
7.9503304e-16  5.3834760e-07  -4.7715579e-08  6.4224384e-08  -4.5648975e-08  4.4678912e-08  -5.9719071e-07  1.0000001   -4.0813799e-07  3.4840857e-07  
1.5990810e-16  -1.7220146e-07  2.2432891e-08  -1.3142932e-08  3.3794012e-08  -2.7172435e-08  1.2013370e-07  -4.0813799e-07  0.99999998  8.9539266e-08  
1.0481799e-15  -1.2823487e-07  -3.7387653e-08  2.4083894e-08  5.2128994e-08  2.9447924e-08  -2.3132206e-07  3.4840857e-07  8.9539266e-08  0.99999969  
