1.0000000   4.4994761e-17  -9.1380752e-17  -1.2211405e-16  -1.8303016e-16  1.8237212e-16  1.2323313e-16  -2.0837588e-16  9.2249511e-17  1.7367733e-16  
4.4994843e-17  1.0000000   5.1279798e-16  1.1063735e-16  4.1216115e-16  -2.3418767e-16  3.5561831e-16  4.0347229e-16  -1.0529771e-15  -1.7694179e-16  
-9.1373432e-17  5.1258622e-16  1.0000000   2.4715126e-16  -9.3047046e-17  -3.1983964e-18  2.0548071e-15  -5.4687062e-16  -1.7650676e-15  4.7910894e-16  
-1.2211914e-16  1.1160676e-16  2.2324628e-16  1.0000000   4.1584969e-16  -3.0981077e-17  -5.0540084e-16  -2.9185120e-16  4.4937470e-16  1.3693473e-16  
-1.8303700e-16  4.1259483e-16  -3.5962273e-17  8.3452780e-16  1.0000000   -2.8763884e-16  -4.8780289e-16  -1.0176927e-15  1.4466848e-15  3.8367204e-16  
1.8236461e-16  -2.1510571e-16  -2.8731358e-18  -3.1153025e-17  -2.8633779e-16  1.0000000   -7.4940054e-16  3.0481666e-16  -3.0531133e-16  6.6613381e-16  
1.2324237e-16  3.5670251e-16  2.0544801e-15  -5.0775888e-16  -4.8625790e-16  -2.2204460e-16  1.0000000   1.3939689e-15  -3.6741443e-15  4.8572257e-16  
-2.0837277e-16  4.0352141e-16  -4.8000140e-16  -6.5368302e-16  -1.2211221e-16  3.0574501e-16  1.3885445e-15  1.0000000   -1.0399938e-15  -4.6430958e-17  
9.2243039e-17  -1.0367141e-15  -1.7649981e-15  4.4895436e-16  1.4484399e-15  -9.0205621e-16  -3.2404635e-15  -1.0438893e-15  1.0000000   -1.1102230e-16  
1.7368876e-16  -1.8388069e-16  4.7870236e-16  1.3644007e-16  3.8359073e-16  7.7715612e-16  2.7755576e-16  -4.5712674e-17  -5.5511151e-17  1.0000000   
