1.0000000   -2.9458952e-16  -3.0868348e-16  1.6482246e-16  4.4394003e-16  5.9117182e-17  -8.8848565e-17  -1.8465579e-17  2.9409642e-16  3.7811043e-16  
-2.9458792e-16  1.0000000   -6.2576798e-16  6.0609443e-18  5.3942658e-17  -2.0166160e-17  1.3582732e-15  -1.5202805e-17  -1.4765004e-15  4.0549161e-17  
-3.0868636e-16  -6.2282996e-16  1.0000000   -1.1149103e-16  -3.2935574e-15  -5.5746923e-16  -1.1830378e-15  5.4184718e-16  -1.5404120e-16  -2.5315104e-16  
1.6481944e-16  6.0461212e-18  -1.0554007e-16  1.0000000   6.5508120e-16  -6.0814255e-16  -6.3953190e-16  5.8277892e-16  3.6532870e-16  -2.8709674e-16  
4.4394052e-16  4.7707066e-17  -4.7678947e-15  6.6249693e-16  1.0000000   -1.1347870e-16  5.6851809e-16  -4.4310200e-16  -1.2527977e-16  -4.3942714e-16  
5.9123906e-17  5.6486933e-17  -5.5893332e-16  -6.0807479e-16  -1.1309584e-16  1.0000000   2.9772192e-16  4.5615350e-16  -6.7242219e-16  3.1918912e-16  
-8.8839734e-17  1.3578074e-15  -1.1845197e-15  -6.3698572e-16  5.6919047e-16  2.9403563e-16  1.0000000   -9.9012185e-16  -4.9834404e-15  4.8572257e-17  
-1.8464828e-17  -1.5255328e-17  5.3958671e-16  5.4199073e-16  -3.9727644e-16  4.5617298e-16  -9.7890550e-16  1.0000000   3.0705940e-16  -7.6513503e-16  
2.9410682e-16  -1.4762158e-15  -1.5234438e-16  3.7166281e-16  -1.2660856e-16  -6.7003694e-16  -4.3315097e-15  3.2047952e-16  1.0000000   2.9490299e-17  
3.7811170e-16  3.5561831e-17  -2.5272753e-16  -2.8774726e-16  -4.3975240e-16  2.9143354e-16  2.6888214e-17  -7.6516891e-16  3.1225023e-17  1.0000000   
