1.0000000   -7.5151670e-17  -3.9184981e-16  9.4338173e-18  -1.9245355e-16  5.3778428e-16  -2.4133396e-16  -1.5022235e-16  2.7694702e-16  -5.2002402e-16  
-7.5155988e-17  1.0000000   4.1856254e-16  4.6782668e-16  1.2020984e-16  1.7467109e-16  -3.2926296e-17  3.0728637e-16  -1.0219204e-16  -1.0037256e-15  
-3.9185405e-16  4.0102785e-16  1.0000000   -4.3076364e-16  -3.0761645e-16  1.0907072e-16  1.1598609e-16  6.0267367e-16  1.7145656e-16  -3.5083173e-16  
9.4344295e-18  4.8394574e-16  -3.9682935e-16  1.0000000   -7.6914170e-16  -1.9260510e-16  3.2234099e-16  6.4266942e-16  1.5443174e-16  1.0004137e-16  
-1.9243808e-16  1.2928330e-16  -3.5565695e-16  -6.7312964e-16  1.0000000   -2.6705658e-16  -4.5856735e-17  -3.9251512e-17  -1.8037830e-17  7.3285460e-16  
5.3778147e-16  1.5255537e-16  1.0039513e-16  -1.8544968e-16  -2.6618688e-16  1.0000000   7.0170996e-17  -5.5322587e-16  8.3397632e-16  3.8111845e-16  
-2.4132639e-16  -2.7288382e-17  1.1511917e-16  3.2061261e-16  -4.5855149e-17  1.4636426e-17  1.0000000   7.5395546e-16  4.5285644e-16  2.8439894e-16  
-1.5022710e-16  3.0730558e-16  6.2980599e-16  6.3712043e-16  -5.7470243e-17  -5.5324414e-16  7.5829015e-16  1.0000000   -1.3580789e-16  -4.9586325e-16  
2.7693668e-16  -1.0176600e-16  1.6885469e-16  1.3967356e-16  -1.6300994e-17  8.6173651e-16  4.2511309e-16  -1.3666834e-16  1.0000000   2.4936481e-16  
-5.2002910e-16  -9.9635808e-16  -3.5256476e-16  1.0156433e-16  7.3112496e-16  3.2560794e-16  2.8440232e-16  -5.0540423e-16  1.9385027e-16  1.0000000   
