1.0000000   2.3649551e-16  -8.0642880e-17  -4.7617271e-17  2.1981845e-16  1.3463175e-16  -6.8843745e-17  9.3369607e-17  -2.2577013e-16  4.7642215e-17  
2.3649349e-16  1.0000000   1.7647862e-16  1.7528956e-16  -5.5147034e-16  1.0080302e-16  -6.8956690e-17  -1.9923712e-17  -9.2449942e-16  -3.0502334e-16  
-8.0646332e-17  1.8103167e-16  1.0000000   -4.0315253e-16  3.1796607e-16  -9.2094022e-17  -1.2270833e-16  -4.1512811e-16  -6.6652461e-17  -6.9814044e-17  
-4.7619888e-17  1.7753348e-16  -3.8478538e-16  1.0000000   -8.7119785e-16  -2.2451436e-16  -1.4746005e-16  1.8916642e-17  3.4499088e-16  3.8952674e-16  
2.1981382e-16  -5.4995435e-16  3.9984366e-16  -8.0982150e-16  1.0000000   -1.7049194e-16  4.9087743e-16  6.6609448e-17  9.2905419e-16  -6.0722521e-17  
1.3462955e-16  8.1717858e-17  -9.4697769e-17  -2.2017425e-16  -1.6875715e-16  1.0000000   1.5678401e-16  -5.8856779e-17  -4.5846030e-16  4.7794173e-16  
-6.8823973e-17  -7.0123579e-17  -1.2151377e-16  -1.4755189e-16  4.8218866e-16  1.5179703e-16  1.0000000   2.5919598e-16  8.0434625e-16  8.4073949e-17  
9.3365887e-17  -2.0248500e-17  -4.4814466e-16  2.2332407e-17  4.6768330e-17  -6.2326900e-17  2.4286310e-16  1.0000000   -5.6014778e-16  9.3180400e-17  
-2.2577378e-16  -9.2872702e-16  -5.5534483e-17  3.4518729e-16  9.4271761e-16  -4.4979233e-16  8.8391204e-16  -5.7104515e-16  1.0000000   3.8352127e-16  
4.7635439e-17  -3.2584002e-16  -6.9815420e-17  3.8735155e-16  -5.7250533e-17  5.3346643e-16  7.9301766e-17  9.3177012e-17  3.9739991e-16  1.0000000   
