1.0000000   8.8773774e-17  -2.3123448e-16  6.3889966e-17  -1.3068937e-16  -6.1563413e-17  -1.2759438e-16  8.6085258e-17  -4.6500335e-17  -1.4043467e-16  
8.8772524e-17  1.0000000   2.8541957e-16  1.2903545e-16  -7.7044861e-17  3.5588936e-16  2.1889872e-16  -2.1074789e-17  -2.1417059e-16  0.0000000   
-2.3118666e-16  2.8631821e-16  1.0000000   -1.1471395e-15  -4.1813454e-16  4.2230691e-16  -7.9606184e-15  1.6000579e-15  8.6293273e-15  7.0035395e-16  
6.3892210e-17  1.2907149e-16  -1.1797988e-15  1.0000000   1.7409756e-15  3.1243911e-16  5.8328100e-16  1.4160536e-15  -1.2835719e-15  1.8646922e-16  
-1.3072536e-16  -7.7278151e-17  3.8704632e-16  1.6799667e-15  1.0000000   -6.9044620e-16  7.7867005e-15  -1.1706581e-15  -7.6737786e-15  -7.2234970e-16  
-6.1571672e-17  3.4152368e-16  4.2252714e-16  3.1241624e-16  -6.9057537e-16  1.0000000   1.1713720e-15  3.3316178e-16  -4.1980308e-16  1.1657342e-15  
-1.2766324e-16  2.1662359e-16  -7.9626476e-15  5.8367558e-16  7.7863588e-15  1.2091023e-15  1.0000000   7.9324636e-16  3.8747217e-15  7.4246165e-16  
8.6086005e-17  -2.1444704e-17  1.6113138e-15  1.4467636e-15  -1.1828932e-15  3.3316379e-16  7.9133747e-16  1.0000000   -5.3451125e-16  -2.6185261e-16  
-4.6418067e-17  -2.1158205e-16  8.6301371e-15  -1.2841257e-15  -7.6724885e-15  -4.4148712e-16  2.6143367e-15  -5.3469590e-16  1.0000000   1.6653345e-16  
-1.4043637e-16  -4.3368087e-18  7.0034717e-16  1.8653021e-16  -7.2236240e-16  1.2490009e-15  7.9190127e-16  -2.6180772e-16  1.3183898e-16  1.0000000   
