1.0000000   -4.2839334e-16  -6.1794341e-16  4.7944526e-16  4.3649478e-16  -8.1467111e-16  -1.3183124e-16  7.0343341e-16  -4.1707020e-17  6.7343495e-16  
-4.2839317e-16  0.99999992  6.7543840e-08  2.1245665e-08  5.8636342e-08  -4.4634255e-08  8.2325860e-08  8.9952879e-08  2.8844007e-08  -3.0452147e-09  
-6.1794564e-16  6.7543840e-08  0.99999980  -3.7437159e-08  5.2918887e-07  1.9527224e-07  4.9213382e-09  -4.0973914e-09  -4.4316354e-09  2.4287074e-08  
4.7945568e-16  2.1245665e-08  -3.7437159e-08  1.0000002   4.5485062e-07  2.4992407e-07  -2.5192480e-08  -1.2511524e-08  -4.3486248e-08  -3.2237179e-08  
4.3648987e-16  5.8636342e-08  5.2918887e-07  4.5485062e-07  0.99999976  2.4276272e-08  9.7766777e-09  -1.3977873e-08  -8.1175159e-10  -7.8114246e-09  
-8.1467174e-16  -4.4634255e-08  1.9527224e-07  2.4992407e-07  2.4276272e-08  1.0000004   9.2308084e-09  -1.0202427e-08  2.1331954e-08  2.6226444e-08  
-1.3182218e-16  8.2325860e-08  4.9213382e-09  -2.5192480e-08  9.7766777e-09  9.2308084e-09  0.99999990  3.5467038e-08  4.0102036e-07  -5.4923060e-08  
7.0343685e-16  8.9952879e-08  -4.0973914e-09  -1.2511524e-08  -1.3977873e-08  -1.0202427e-08  3.5467038e-08  0.99999967  8.9264537e-08  3.6374915e-07  
-4.1700735e-17  2.8844007e-08  -4.4316354e-09  -4.3486248e-08  -8.1175160e-10  2.1331954e-08  4.0102036e-07  8.9264537e-08  1.0000002   -9.5495120e-08  
6.7342563e-16  -3.0452147e-09  2.4287074e-08  -3.2237179e-08  -7.8114246e-09  2.6226444e-08  -5.4923060e-08  3.6374915e-07  -9.5495120e-08  1.0000003   
