1.0000000   -3.1985994e-16  8.5311134e-16  -7.1963611e-17  -1.9649401e-16  -5.3320633e-16  -1.7258338e-16  -9.5051275e-18  -2.1551395e-16  1.9423311e-16  
-3.1985746e-16  0.99999995  8.4226178e-09  6.0129996e-10  5.9465031e-09  1.6056580e-07  5.9248349e-09  1.1901277e-09  -5.3203985e-09  1.2473289e-07  
8.5311177e-16  8.4226178e-09  1.0000009   5.7641916e-08  4.0337693e-07  -4.2123862e-08  -6.4479798e-09  -5.5183399e-08  1.9359092e-08  2.8085084e-08  
-7.1963082e-17  6.0129996e-10  5.7641916e-08  0.99999962  -7.0215577e-09  -1.7846553e-08  -8.4428249e-08  -7.1595133e-07  -2.0250366e-08  -1.4279282e-08  
-1.9649055e-16  5.9465031e-09  4.0337693e-07  -7.0215577e-09  0.99999924  -1.2884372e-08  6.9712488e-09  -1.8673401e-07  -8.5551563e-10  6.8835530e-08  
-5.3321119e-16  1.6056580e-07  -4.2123862e-08  -1.7846553e-08  -1.2884372e-08  0.99999967  -3.3653116e-07  2.3590857e-09  4.0033123e-07  -2.1563650e-07  
-1.7257430e-16  5.9248349e-09  -6.4479798e-09  -8.4428249e-08  6.9712488e-09  -3.3653116e-07  0.99999886  -2.2918924e-08  1.0793653e-06  -2.3824074e-07  
-9.5145182e-18  1.1901277e-09  -5.5183399e-08  -7.1595133e-07  -1.8673401e-07  2.3590857e-09  -2.2918924e-08  1.0000011   -3.8781745e-08  -1.5438595e-09  
-2.1552926e-16  -5.3203985e-09  1.9359092e-08  -2.0250366e-08  -8.5551563e-10  4.0033123e-07  1.0793653e-06  -3.8781745e-08  0.99999981  1.2863903e-07  
1.9424755e-16  1.2473289e-07  2.8085084e-08  -1.4279282e-08  6.8835530e-08  -2.1563650e-07  -2.3824074e-07  -1.5438595e-09  1.2863903e-07  1.0000022   
