1.0000000   7.8755850e-17  1.0526944e-15  -1.2134726e-16  -7.4630875e-16  1.6372469e-16  -6.4955757e-16  -1.0056240e-16  6.2501627e-16  1.4195595e-16  
7.8759060e-17  1.0000000   -3.8737165e-15  1.1340549e-15  3.6747135e-15  3.0032400e-16  4.5996600e-16  -3.5048259e-16  -1.0492739e-15  3.4998046e-16  
1.0527955e-15  -3.8728585e-15  1.0000000   -4.5263305e-16  4.2009379e-15  -4.5118396e-16  -9.8281572e-16  1.9623507e-15  -1.4821027e-15  -1.2969226e-15  
-1.2134307e-16  1.1341185e-15  -1.0207547e-15  1.0000000   1.8072513e-15  3.8218127e-17  -4.4005140e-16  -2.9335614e-16  -1.4685095e-16  2.4817388e-16  
-7.4627667e-16  3.6747893e-15  -2.2485614e-15  1.7178711e-15  1.0000000   4.3583572e-16  2.4690163e-15  -1.5376160e-15  8.6744644e-16  1.5560470e-15  
1.6371491e-16  3.3122376e-16  -4.5390124e-16  3.8373981e-17  4.3622874e-16  1.0000000   1.5872720e-16  2.4699481e-16  -8.5261659e-16  -2.7755576e-16  
-6.4955568e-16  4.5821094e-16  -9.3214959e-16  -4.4068075e-16  2.4511507e-15  2.6020852e-17  1.0000000   -1.1977385e-16  2.8135046e-15  8.4654506e-16  
-1.0056040e-16  -3.5054734e-16  3.0105667e-15  -3.2326972e-16  -1.6266470e-15  2.4708290e-16  -1.2237254e-16  1.0000000   -2.8843992e-16  -5.4733914e-16  
6.2502233e-16  -1.0504022e-15  -1.5133565e-15  -1.4861193e-16  8.7663167e-16  -7.9190127e-16  2.8325866e-15  -2.8943624e-16  1.0000000   -9.4368957e-16  
1.4195674e-16  3.4520997e-16  -1.2945374e-15  2.4814677e-16  1.5556133e-15  -2.4980018e-16  7.7021722e-16  -5.4725105e-16  -8.9858676e-16  1.0000000   
