1.0000000   9.5050345e-16  -4.9601169e-17  2.5549877e-16  -4.4512203e-17  8.9098240e-17  3.4852326e-16  -1.8748618e-16  -5.5741579e-16  4.9426067e-17  
9.5049318e-16  1.0000000   -2.7569635e-16  2.5982970e-17  3.7974815e-16  1.7275726e-16  2.9148573e-16  2.0863677e-17  -3.1745109e-17  2.4683895e-16  
-4.9603969e-17  -2.7277180e-16  1.0000000   -1.6421801e-16  -9.1349567e-17  1.1181112e-16  -9.9972722e-16  -2.2193807e-16  5.0402172e-17  6.3954206e-16  
2.5548770e-16  2.7637470e-17  -8.3324029e-17  1.0000000   -5.5147678e-16  -6.7595581e-16  1.2678905e-16  1.1266739e-15  -1.8493865e-16  1.2275794e-16  
-4.4507684e-17  3.7929706e-16  2.0027187e-17  -5.3103028e-16  1.0000000   -8.6891495e-16  -7.5125207e-17  3.0964301e-16  4.6472601e-17  1.5085996e-16  
8.9105523e-17  1.8837276e-16  1.1397670e-16  -6.7594988e-16  -8.6241598e-16  1.0000000   1.3490518e-16  3.8324429e-16  2.4108820e-16  -3.1108132e-16  
3.4852520e-16  2.8194412e-16  -1.0016795e-15  1.2950435e-16  -7.4155973e-17  3.0443844e-18  1.0000000   -1.2534774e-15  -2.1005688e-16  6.4188157e-16  
-1.8749445e-16  2.0677596e-17  -2.2951608e-16  1.0016936e-15  2.9477294e-16  3.8281681e-16  -1.2547812e-15  1.0000000   2.8505308e-17  -4.1775665e-18  
-5.5742035e-16  -3.0443905e-17  4.5632832e-17  -1.8645466e-16  5.7265118e-17  2.4108136e-16  -1.8576719e-16  2.6336691e-17  1.0000000   -1.3675347e-17  
4.9424372e-17  2.7893261e-16  6.4647333e-16  1.2449521e-16  1.4912862e-16  -4.2212056e-16  7.0432484e-16  -7.1150768e-19  -1.3676194e-17  1.0000000   
