1.0000000   -2.7134104e-17  8.4705190e-19  -5.1702894e-16  -2.5890632e-16  -1.5470929e-16  -2.1635154e-16  9.3360955e-17  -3.3884903e-16  -4.6688117e-16  
-2.7133155e-17  1.0000000   -1.1277205e-16  -3.6486783e-17  -3.4452475e-16  2.8706677e-16  1.4761375e-16  4.8543854e-18  -2.1607955e-16  8.6824773e-16  
8.4964547e-19  -1.2098823e-16  1.0000000   -1.5347301e-16  -8.4500742e-16  2.1913866e-16  -4.8287252e-16  3.0288483e-16  -6.1548571e-16  -4.1662004e-17  
-5.1703897e-16  -3.7215780e-17  -1.3890694e-16  1.0000000   -4.1625290e-16  -5.4895901e-16  1.7782216e-16  -3.5288909e-16  -1.5663866e-16  -7.2909886e-16  
-2.5889116e-16  -3.5057685e-16  -7.2383908e-16  -4.0742319e-16  1.0000000   -1.8550776e-16  5.9130100e-16  -7.9630138e-16  4.5114768e-16  -9.0078142e-17  
-1.5470200e-16  2.4716566e-16  2.1694405e-16  -5.4592620e-16  -1.9168608e-16  1.0000000   -1.1495552e-16  -4.0109611e-16  -5.8592673e-16  8.2820595e-16  
-2.1635723e-16  1.4981581e-16  -4.8369208e-16  1.8374096e-16  5.8676286e-16  -1.1430934e-16  1.0000000   2.1248474e-16  9.2956650e-16  -2.6428275e-16  
9.3362935e-17  4.7453442e-18  3.1347398e-16  -3.6896194e-16  -7.9022927e-16  -4.0109446e-16  1.8563546e-16  1.0000000   1.9710974e-16  -2.5543464e-16  
-3.3884700e-16  -2.1551479e-16  -6.1378169e-16  -1.6004886e-16  4.5292812e-16  -5.8332388e-16  1.0222282e-15  2.2209407e-16  1.0000000   4.3698091e-16  
-4.6688456e-16  8.6130630e-16  -4.3289180e-17  -7.3603944e-16  -8.8345113e-17  7.1718873e-16  -2.6537034e-16  -2.5543464e-16  4.3524619e-16  1.0000000   
