1.0000000   1.5177997e-17  -2.6365557e-16  2.8797735e-16  7.6421554e-16  3.4992540e-16  4.8840026e-17  4.6869728e-17  3.3350620e-16  2.7116235e-16  
1.5177373e-17  1.0000000   1.3214253e-15  9.3445765e-17  -1.7848415e-15  3.2146594e-17  -1.9438390e-16  7.3937709e-16  5.0855181e-16  -3.7188135e-16  
-2.6366146e-16  1.3165867e-15  1.0000000   9.2909076e-19  1.5043932e-15  -9.0795833e-16  2.3177507e-15  -5.2538914e-16  -2.4918540e-15  -1.4964700e-15  
2.8797835e-16  9.4046492e-17  -1.9259695e-16  1.0000000   -5.5190836e-16  -2.8509435e-17  -1.2264453e-15  -4.1562573e-16  9.0313342e-16  4.3525296e-16  
7.6421325e-16  -1.7795832e-15  1.6097873e-15  -6.0094469e-16  1.0000000   5.3486912e-16  -2.6420271e-16  -8.8363786e-16  1.0263676e-15  1.0023585e-15  
3.4992964e-16  8.7386695e-17  -9.0887652e-16  -2.8599803e-17  5.3524224e-16  1.0000000   -7.9103391e-16  4.0418104e-16  -7.7542139e-16  -3.3306691e-16  
4.8828114e-17  -1.9564428e-16  2.3124143e-15  -1.2241940e-15  -2.5153289e-16  -8.8644370e-16  1.0000000   1.0969936e-16  1.7956556e-15  9.0205621e-17  
4.6871539e-17  7.3912804e-16  -3.0392447e-16  -4.8977399e-16  -1.0634760e-15  4.0421482e-16  1.0937961e-16  1.0000000   1.4818524e-16  -7.0679817e-16  
3.3352637e-16  5.0626820e-16  -2.4925910e-15  9.0201889e-16  1.0226683e-15  -6.9475675e-16  2.1909558e-15  1.4786920e-16  1.0000000   -2.0122792e-16  
2.7116743e-16  -3.7816972e-16  -1.4958195e-15  4.3529193e-16  1.0022162e-15  -3.0531133e-16  2.0816682e-17  -7.0679224e-16  -1.7000290e-16  1.0000000   
