1.0000000   6.5007238e-17  1.8700590e-15  -1.0362432e-16  -2.1800904e-15  3.8332476e-16  -1.0738646e-15  8.1165942e-16  1.0709943e-15  3.4423419e-17  
6.5006516e-17  1.0000000   -4.8659248e-16  -5.3413347e-16  4.6627978e-16  6.6353173e-16  -1.1816042e-15  5.3724759e-17  2.2487708e-16  -1.3791052e-16  
1.8700939e-15  -4.8129323e-16  1.0000000   -8.2544976e-15  -4.9781827e-14  -1.0646459e-15  -5.5874782e-15  1.4610219e-14  8.4479771e-15  -2.7614629e-16  
-1.0362838e-16  -5.3411589e-16  -1.2757327e-14  1.0000000   1.6598740e-14  1.6027219e-16  2.9258424e-16  -4.0757526e-15  -1.0088590e-15  5.2631239e-16  
-2.1800780e-15  4.6693665e-16  -1.0589233e-13  2.2631152e-14  1.0000000   1.2823401e-15  6.2728329e-15  -3.7629204e-14  -9.2705706e-15  3.7909129e-16  
3.8332561e-16  6.5529179e-16  -1.0683728e-15  1.5956745e-16  1.2680829e-15  1.0000000   3.5561831e-16  -8.4784610e-17  -9.7795036e-16  8.3266727e-17  
-1.0738629e-15  -1.1797475e-15  -5.7367441e-15  3.1344624e-16  6.3267534e-15  3.2612801e-16  1.0000000   -1.3355541e-15  3.1769292e-15  2.8449465e-16  
8.1169559e-16  5.4291285e-17  2.4895337e-14  -4.3519886e-15  -3.1063378e-14  -8.5576162e-17  -1.3009230e-15  1.0000000   2.7503667e-15  3.8963939e-16  
1.0710053e-15  2.2554116e-16  8.5045496e-15  -1.0104324e-15  -9.2645482e-15  -1.0000681e-15  6.5318844e-15  2.7511495e-15  1.0000000   -7.0082828e-16  
3.4413255e-17  -1.3964524e-16  -2.6107588e-16  5.2497069e-16  3.8163916e-16  1.6653345e-16  3.1225023e-16  3.9183067e-16  -7.0776718e-16  1.0000000   
