0.99997598  3.6015232e-05  5.2913148e-06  4.6545461e-05  2.4797219e-05  -3.3114177e-06  1.9460357e-05  2.2653126e-05  5.3333840e-05  4.6271448e-05  
3.6015232e-05  0.99995700  2.2438721e-06  -3.6588959e-05  -6.0862194e-05  -2.3327894e-05  2.4597205e-06  -7.3519538e-05  2.3942250e-06  5.7262776e-06  
5.2913148e-06  2.2438721e-06  0.99992039  3.0460602e-05  1.3370160e-05  -9.5783517e-06  1.7712886e-05  4.3710923e-05  2.1974999e-05  1.1964866e-05  
4.6545461e-05  -3.6588959e-05  3.0460602e-05  0.99993435  -4.7356483e-05  8.5048829e-06  -4.3767070e-05  -8.5430437e-06  3.5162182e-05  -3.0386590e-06  
2.4797219e-05  -6.0862194e-05  1.3370160e-05  -4.7356483e-05  1.0000419   -3.4489205e-05  1.3084496e-05  -2.0418711e-05  1.9089815e-05  -1.9008572e-06  
-3.3114177e-06  -2.3327894e-05  -9.5783517e-06  8.5048829e-06  -3.4489205e-05  1.0000379   2.0435389e-05  -4.7991756e-05  1.8431620e-06  -2.7998699e-05  
1.9460357e-05  2.4597205e-06  1.7712886e-05  -4.3767070e-05  1.3084496e-05  2.0435389e-05  1.0000288   -7.9489761e-05  3.0440334e-05  -2.3157700e-05  
2.2653126e-05  -7.3519538e-05  4.3710923e-05  -8.5430437e-06  -2.0418711e-05  -4.7991756e-05  -7.9489761e-05  0.99995145  6.2629726e-05  -3.8180852e-05  
5.3333840e-05  2.3942250e-06  2.1974999e-05  3.5162182e-05  1.9089815e-05  1.8431620e-06  3.0440334e-05  6.2629726e-05  0.99998472  1.2293556e-05  
4.6271448e-05  5.7262776e-06  1.1964866e-05  -3.0386590e-06  -1.9008572e-06  -2.7998699e-05  -2.3157700e-05  -3.8180852e-05  1.2293556e-05  0.99988465  
