1.0002940   3.2242586e-05  -2.5283672e-05  3.8140255e-05  -1.5757506e-05  5.5599866e-05  4.3269328e-05  2.4226265e-05  -4.7624509e-06  -1.0342694e-05  
3.2242586e-05  1.0003003   2.3581448e-06  -9.1467843e-06  -4.3853453e-05  7.7123477e-05  -6.7727179e-06  1.3149695e-05  -9.9583408e-06  -2.4101498e-05  
-2.5283672e-05  2.3581448e-06  1.0003679   2.8194051e-05  -0.00011272336  -1.7962159e-06  -6.7450011e-06  3.1865360e-06  6.4315987e-05  2.6154454e-05  
3.8140255e-05  -9.1467843e-06  2.8194051e-05  1.0002629   2.4838719e-05  3.1217391e-05  3.0256252e-05  -1.1470054e-05  6.0771424e-06  3.8427717e-05  
-1.5757506e-05  -4.3853453e-05  -0.00011272336  2.4838719e-05  1.0002592   -2.0415561e-05  5.1332073e-05  -2.4923901e-06  6.1926332e-07  1.3597820e-05  
5.5599866e-05  7.7123477e-05  -1.7962159e-06  3.1217391e-05  -2.0415561e-05  1.0002104   -3.2757604e-05  8.3009014e-06  3.9327800e-05  -2.7341089e-05  
4.3269328e-05  -6.7727179e-06  -6.7450011e-06  3.0256252e-05  5.1332073e-05  -3.2757604e-05  1.0002161   -2.4999527e-06  -5.9653062e-05  8.9006475e-07  
2.4226265e-05  1.3149695e-05  3.1865360e-06  -1.1470054e-05  -2.4923901e-06  8.3009014e-06  -2.4999527e-06  1.0002852   2.8627814e-05  -2.3555308e-05  
-4.7624509e-06  -9.9583408e-06  6.4315987e-05  6.0771424e-06  6.1926332e-07  3.9327800e-05  -5.9653062e-05  2.8627814e-05  1.0002206   4.7721928e-05  
-1.0342694e-05  -2.4101498e-05  2.6154454e-05  3.8427717e-05  1.3597820e-05  -2.7341089e-05  8.9006475e-07  -2.3555308e-05  4.7721928e-05  1.0001843   
