1.0000780   -7.1353563e-05  4.2971564e-06  -5.1735454e-05  -2.7226081e-05  -2.4545979e-05  4.0269369e-05  -1.5026164e-05  5.9983664e-05  2.5102249e-06  
-7.1353563e-05  1.0000874   1.3596807e-05  -4.0915574e-05  -1.0466967e-05  -2.8592602e-06  -3.5470344e-06  -5.6680249e-06  -1.7159952e-06  1.2674969e-05  
4.2971564e-06  1.3596807e-05  1.0001372   5.0826365e-05  -1.3353156e-05  -4.9008347e-05  -3.5031258e-05  -1.3217423e-05  2.4262423e-05  1.8974942e-05  
-5.1735454e-05  -4.0915574e-05  5.0826365e-05  1.0000382   5.4102799e-05  4.4497000e-05  -6.9465988e-05  -2.5849899e-05  -2.7819037e-05  -4.4001608e-06  
-2.7226081e-05  -1.0466967e-05  -1.3353156e-05  5.4102799e-05  1.0000730   6.2913502e-05  2.3165434e-05  -6.0916246e-06  -1.5081111e-05  -2.6410672e-05  
-2.4545979e-05  -2.8592602e-06  -4.9008347e-05  4.4497000e-05  6.2913502e-05  1.0001126   -2.8790549e-05  -4.4959883e-05  -2.2682198e-06  1.5429477e-05  
4.0269369e-05  -3.5470344e-06  -3.5031258e-05  -6.9465988e-05  2.3165434e-05  -2.8790549e-05  1.0000590   8.5995404e-05  -2.3401623e-05  -0.00010995537  
-1.5026164e-05  -5.6680249e-06  -1.3217423e-05  -2.5849899e-05  -6.0916246e-06  -4.4959883e-05  8.5995404e-05  1.0001030   -2.4194167e-05  1.2961150e-05  
5.9983664e-05  -1.7159952e-06  2.4262423e-05  -2.7819037e-05  -1.5081111e-05  -2.2682198e-06  -2.3401623e-05  -2.4194167e-05  1.0000713   -7.4428698e-06  
2.5102249e-06  1.2674969e-05  1.8974942e-05  -4.4001608e-06  -2.6410672e-05  1.5429477e-05  -0.00010995537  1.2961150e-05  -7.4428698e-06  1.0000024   
