1.0000000   -5.1124536e-17  -4.0896692e-17  -7.4705483e-18  -3.1656197e-17  -4.8565481e-17  -4.6389083e-17  8.6322277e-18  -3.9395396e-17  -3.0349402e-17  
-5.1123081e-17  1.0000000   -2.5077427e-16  1.3632296e-16  -2.9928723e-16  -2.1879200e-16  -2.9587877e-16  1.0440477e-15  -3.1940596e-16  -2.0816682e-16  
-4.0903384e-17  -2.5047781e-16  1.0000000   -1.3942225e-15  -2.7658599e-15  1.2950795e-15  -7.2056076e-15  2.2439597e-17  5.7922959e-15  1.7087026e-16  
-7.4712299e-18  1.3646040e-16  -2.3122602e-15  1.0000000   2.4196623e-15  -8.5857970e-16  2.3424188e-16  -7.5978432e-17  -1.0630331e-15  -7.6913302e-16  
-3.1645123e-17  -2.9939819e-16  -3.6411720e-15  2.0831045e-15  1.0000000   -7.5125724e-16  5.1419440e-15  -1.6743343e-16  -4.4873569e-15  -8.9555099e-17  
-4.8556164e-17  -1.6393137e-16  1.2923690e-15  -8.6264546e-16  -7.4473847e-16  1.0000000   -2.4730218e-14  -2.2117724e-17  1.9546864e-14  9.9920072e-16  
-4.6411688e-17  -3.4130684e-16  -7.2048487e-15  2.7370684e-16  5.1305531e-15  -2.4105717e-14  1.0000000   -7.8311923e-16  -8.3544283e-14  -3.6082248e-15  
8.6363448e-18  1.0438948e-15  -1.2961933e-17  -1.2341699e-16  -1.4987496e-16  -2.4279352e-17  -7.6014092e-16  1.0000000   -7.1510587e-16  -3.8996042e-16  
-3.9423507e-17  -3.3870476e-16  5.8051437e-15  -1.0862079e-15  -4.4871875e-15  1.8068880e-14  -7.7104989e-14  -7.1134505e-16  1.0000000   2.8310687e-15  
-3.0349826e-17  -2.1510571e-16  1.7347235e-16  -7.6653094e-16  -9.5409791e-17  6.6613381e-16  -1.9984014e-15  -3.9378223e-16  2.1649349e-15  1.0000000   
