1.0000000   4.5577417e-16  -2.9691000e-16  -2.2276947e-16  -2.7468768e-16  4.9930635e-16  4.6021179e-16  3.9821925e-16  -1.7281395e-16  -7.7122078e-16  
4.5577123e-16  0.99999993  -1.1358860e-08  2.0531047e-08  -3.2194318e-08  1.7959968e-07  2.5754475e-08  -1.4446566e-08  2.4392976e-08  -1.3891185e-07  
-2.9690709e-16  -1.1358860e-08  0.99999977  -2.3008418e-07  -3.1079512e-07  4.9392088e-08  1.7205242e-08  -3.5620801e-07  -4.7236220e-09  2.6632848e-09  
-2.2277609e-16  2.0531047e-08  -2.3008418e-07  1.0000002   6.0866942e-07  -7.9632731e-09  -3.8659569e-08  -6.6312265e-08  6.6854187e-08  -1.6669653e-09  
-2.7469975e-16  -3.2194318e-08  -3.1079512e-07  6.0866942e-07  1.0000001   -4.1736269e-08  3.1548648e-08  2.3527680e-07  2.2443718e-08  7.1173717e-09  
4.9930832e-16  1.7959968e-07  4.9392088e-08  -7.9632731e-09  -4.1736269e-08  0.99999999  9.0527355e-08  2.5743431e-08  -2.6750284e-07  3.7643570e-07  
4.6021041e-16  2.5754475e-08  1.7205242e-08  -3.8659569e-08  3.1548648e-08  9.0527355e-08  0.99999998  -1.1140246e-08  -2.9902557e-07  -2.9491511e-07  
3.9821386e-16  -1.4446566e-08  -3.5620801e-07  -6.6312265e-08  2.3527680e-07  2.5743431e-08  -1.1140246e-08  0.99999976  1.5887703e-09  1.2844775e-08  
-1.7282157e-16  2.4392976e-08  -4.7236220e-09  6.6854187e-08  2.2443718e-08  -2.6750284e-07  -2.9902557e-07  1.5887703e-09  1.0000002   1.2410453e-07  
-7.7119120e-16  -1.3891185e-07  2.6632848e-09  -1.6669653e-09  7.1173717e-09  3.7643570e-07  -2.9491511e-07  1.2844775e-08  1.2410453e-07  1.0000003   
