1.0000000   2.7655584e-16  7.9214101e-17  1.6662073e-16  3.1475059e-17  -3.8445024e-16  1.0763286e-16  4.0903009e-16  9.3852655e-17  -4.0347567e-16  
2.7654325e-16  1.0000000   3.2992158e-16  -6.5700310e-17  4.3459771e-16  -1.1552083e-15  1.4706243e-16  -7.5570779e-17  2.3090738e-16  6.1861103e-16  
7.9215142e-17  3.4135005e-16  1.0000000   -2.7533819e-16  -2.4267492e-16  4.9706058e-16  -3.2632678e-16  -2.2851006e-16  -2.7150334e-16  -3.6773088e-17  
1.6662549e-16  -6.6390130e-17  -2.3592544e-16  1.0000000   -2.8821914e-16  -9.0264521e-17  1.6189041e-16  -2.1798114e-16  -5.7426670e-16  4.2374517e-17  
3.1484812e-17  4.2881581e-16  -1.5039978e-16  -2.5313696e-16  1.0000000   5.6614959e-17  -5.0588469e-16  -2.2372160e-16  2.1586112e-16  -5.0189582e-16  
-3.8445535e-16  -1.1864369e-15  4.9532616e-16  -7.9857888e-17  6.0083956e-17  1.0000000   -6.7809872e-16  2.2471045e-16  -2.2693568e-17  -1.2075302e-17  
1.0763272e-16  1.6115670e-16  -3.2459097e-16  1.6449121e-16  -5.0935248e-16  -7.6136053e-16  1.0000000   2.8472296e-16  1.0490071e-16  -2.9832500e-16  
4.0902051e-16  -7.4824036e-17  -2.4509502e-16  -1.1839773e-16  -1.8479529e-16  2.2297831e-16  2.7951787e-16  1.0000000   -1.3761153e-16  5.3156188e-17  
9.3851331e-17  2.2006445e-16  -2.7497124e-16  -5.7339611e-16  2.1585157e-16  3.2822634e-17  4.9391675e-17  -1.3067423e-16  1.0000000   1.1881395e-16  
-4.0346890e-16  5.9302344e-16  -3.3305335e-17  3.2834385e-17  -5.0536442e-16  -1.2061749e-17  -4.0934053e-16  5.6627117e-17  6.3298137e-17  1.0000000   
