1.0000000   5.8086463e-16  -2.9627049e-16  3.1314621e-16  9.3383551e-18  -7.6122273e-16  7.4248625e-16  4.8405077e-16  2.5945088e-16  1.9496464e-16  
5.8088813e-16  1.0000000   -5.2293750e-08  2.9431004e-08  -4.7074086e-09  -1.1814128e-08  2.2303918e-08  1.2626289e-08  -2.9793750e-08  -3.4424387e-08  
-2.9625963e-16  -5.2293750e-08  1.0000008   1.1939144e-07  -7.3839451e-07  -7.9821206e-09  -5.3965191e-08  4.6239683e-08  1.8388461e-08  -1.9433246e-08  
3.1314312e-16  2.9431004e-08  1.1939144e-07  0.99999999  -6.8994049e-07  -1.7856490e-08  3.2193231e-08  -6.1699606e-07  -4.3915253e-08  2.1191737e-08  
9.3434012e-18  -4.7074086e-09  -7.3839451e-07  -6.8994049e-07  0.99999921  3.5830100e-08  6.7643520e-08  -2.2680081e-08  2.8680521e-08  -4.3643093e-08  
-7.6124255e-16  -1.1814128e-08  -7.9821206e-09  -1.7856490e-08  3.5830100e-08  0.99999906  5.2626120e-07  -4.1464995e-08  -6.1783761e-07  6.9216920e-08  
7.4249554e-16  2.2303918e-08  -5.3965191e-08  3.2193231e-08  6.7643520e-08  5.2626120e-07  1.0000006   -7.5849990e-08  -2.4557088e-07  5.4833087e-07  
4.8404487e-16  1.2626289e-08  4.6239683e-08  -6.1699606e-07  -2.2680081e-08  -4.1464995e-08  -7.5849990e-08  1.0000012   7.0360022e-08  -1.3801858e-08  
2.5944044e-16  -2.9793750e-08  1.8388461e-08  -4.3915253e-08  2.8680521e-08  -6.1783761e-07  -2.4557088e-07  7.0360022e-08  1.0000006   -6.6037782e-07  
1.9496525e-16  -3.4424387e-08  -1.9433246e-08  2.1191737e-08  -4.3643093e-08  6.9216920e-08  5.4833087e-07  -1.3801858e-08  -6.6037782e-07  0.99999823  
