1.0000000   1.8935594e-16  1.6359907e-16  4.0124834e-17  9.4769153e-17  8.0459236e-17  -4.9040031e-17  7.5251610e-17  1.3742263e-17  3.3034285e-17  
1.8934451e-16  1.0000000   -7.3964823e-17  5.3795846e-16  1.4346676e-15  -1.0771549e-16  9.7021187e-16  -5.5977960e-16  -1.9046383e-17  5.9197439e-17  
1.6355821e-16  -7.0354345e-17  1.0000000   -2.4225891e-16  6.2518455e-15  -5.1170277e-16  3.9284880e-15  -7.9007492e-16  -4.1004967e-15  -7.8984128e-17  
4.0120941e-17  5.3757195e-16  -2.2310983e-16  1.0000000   -1.6833509e-15  6.8483461e-17  -9.6541258e-16  -8.3818438e-16  9.4978220e-16  1.7522062e-16  
9.4803269e-17  1.4299208e-15  7.4581745e-15  -1.7873337e-15  1.0000000   6.9977881e-16  -3.0297377e-15  3.8006084e-16  3.3268756e-15  2.0728590e-16  
8.0435943e-17  -1.1535911e-16  -5.1163501e-16  6.8921377e-17  6.9890383e-16  1.0000000   -7.5807416e-16  7.5873400e-16  9.3653384e-16  -1.0547119e-15  
-4.9133523e-17  9.7583617e-16  3.9260045e-15  -9.6316963e-16  -3.0208176e-15  -7.9623808e-16  1.0000000   2.5684580e-16  -9.2319815e-15  -8.6736174e-16  
7.5244441e-17  -5.5910297e-16  -1.3472255e-15  -7.2428729e-16  6.0331160e-16  7.5929304e-16  2.5574720e-16  1.0000000   -1.0865058e-15  1.1353630e-16  
1.3816219e-17  -2.2090619e-17  -4.1060566e-15  9.4870485e-16  3.3265220e-15  9.8445557e-16  -1.2150003e-14  -1.0869694e-15  1.0000000   -2.7755576e-17  
3.3035979e-17  5.6378513e-17  -7.9146759e-17  1.7526128e-16  2.0860050e-16  -1.0269563e-15  -9.5756736e-16  1.1336689e-16  -4.5102810e-17  1.0000000   
