1.0000000   4.4513088e-16  6.9904271e-17  5.7115741e-17  3.5701992e-16  -4.3571883e-16  -3.0780457e-16  -6.4049815e-18  4.8721145e-16  1.8844111e-16  
4.4513303e-16  1.0000000   -5.8861002e-16  -2.1848058e-16  3.6032792e-16  2.5364910e-16  -9.5873965e-17  -5.5756592e-17  -3.0621935e-17  -2.4568021e-16  
6.9907596e-17  -5.8926457e-16  1.0000000   -1.3327265e-16  1.0249003e-15  -4.3074802e-16  4.1499558e-15  3.5913756e-16  -2.1836404e-15  1.3170651e-15  
5.7143963e-17  -2.1852518e-16  -2.9086589e-16  1.0000000   1.2597916e-16  -2.6427428e-19  5.6909264e-16  7.2609686e-17  -7.7111338e-16  -1.3766657e-16  
3.5700480e-16  3.6073272e-16  1.9785674e-15  -2.2837952e-16  1.0000000   1.1646678e-15  -2.0954647e-15  8.9028464e-16  8.2599180e-16  -1.1728289e-15  
-4.3573831e-16  2.6920740e-16  -4.2998103e-16  -5.1838416e-19  1.1641282e-15  1.0000000   -2.1128932e-15  -6.4646063e-16  1.8487815e-15  1.2490009e-15  
-3.0775830e-16  -9.3404017e-17  4.1479068e-15  5.7146094e-16  -2.1090409e-15  -2.0478411e-15  1.0000000   3.6393575e-16  7.4538899e-16  -1.3877788e-17  
-6.3892174e-18  -5.5798150e-17  1.0786372e-16  1.1070492e-16  9.7262855e-16  -6.4645809e-16  3.6536978e-16  1.0000000   -2.9500913e-16  4.4318627e-16  
4.8719345e-16  -3.0764237e-17  -2.1849198e-15  -7.7362484e-16  8.4129006e-16  1.8101839e-15  2.5818106e-15  -2.9505440e-16  1.0000000   9.7144515e-17  
1.8841740e-16  -2.4806546e-16  1.3170888e-15  -1.3769368e-16  -1.1730525e-15  1.1934898e-15  4.5102810e-17  4.4322185e-16  4.1633363e-17  1.0000000   
