0.99988600  2.8152566e-05  -4.4134138e-05  2.0226395e-06  1.2264726e-05  3.2259800e-05  8.0933949e-05  4.7829001e-07  3.2503906e-05  -1.6917864e-05  
2.8152566e-05  0.99989099  2.3147035e-05  -3.3111814e-05  -3.3542608e-05  3.8692562e-06  -1.3409175e-06  1.4687707e-05  -1.9175108e-07  1.2258789e-05  
-4.4134138e-05  2.3147035e-05  0.99989822  3.4210460e-05  6.6624345e-06  -4.9298031e-06  4.0244620e-05  5.3156584e-06  1.3372276e-05  -1.3785214e-05  
2.0226395e-06  -3.3111814e-05  3.4210460e-05  0.99989913  -2.2828260e-05  5.9818972e-06  -4.8231676e-06  1.2263278e-05  -1.0114035e-06  -1.5263325e-06  
1.2264726e-05  -3.3542608e-05  6.6624345e-06  -2.2828260e-05  0.99984389  -2.2557779e-05  4.2803821e-05  -2.5806888e-06  1.1097596e-05  -8.7985389e-06  
3.2259800e-05  3.8692562e-06  -4.9298031e-06  5.9818972e-06  -2.2557779e-05  0.99987162  2.6773376e-05  2.3710330e-05  -9.3070334e-06  -4.9280128e-05  
8.0933949e-05  -1.3409175e-06  4.0244620e-05  -4.8231676e-06  4.2803821e-05  2.6773376e-05  0.99995829  -6.5325677e-06  2.6116405e-06  3.4303852e-05  
4.7829001e-07  1.4687707e-05  5.3156584e-06  1.2263278e-05  -2.5806888e-06  2.3710330e-05  -6.5325677e-06  0.99996028  -1.3618822e-05  -2.5003259e-05  
3.2503906e-05  -1.9175108e-07  1.3372276e-05  -1.0114035e-06  1.1097596e-05  -9.3070334e-06  2.6116405e-06  -1.3618822e-05  0.99991294  -7.8048839e-06  
-1.6917864e-05  1.2258789e-05  -1.3785214e-05  -1.5263325e-06  -8.7985389e-06  -4.9280128e-05  3.4303852e-05  -2.5003259e-05  -7.8048839e-06  0.99990626  
