1.0000000   3.2972357e-16  -2.2302702e-16  1.0475996e-16  -4.8496425e-16  1.8534495e-16  -4.0209487e-16  1.4828775e-16  2.0058548e-16  -3.3773575e-16  
3.2973384e-16  1.0000000   -1.9780292e-16  -3.2291845e-16  2.3867183e-16  -3.6635284e-16  2.6023428e-16  1.8129999e-16  -1.8942785e-16  -2.6705763e-16  
-2.2300884e-16  -1.9872531e-16  1.0000000   -3.8072133e-16  -3.9681166e-16  -1.1698943e-16  -1.8251448e-16  1.6909701e-16  1.8888126e-16  -1.0837363e-16  
1.0476247e-16  -3.2301982e-16  -3.9031109e-16  1.0000000   8.3951806e-16  9.8821078e-16  3.4611488e-16  2.0478804e-16  6.0364796e-16  2.7193823e-16  
-4.8497841e-16  2.3875347e-16  -2.5030924e-16  7.1767682e-16  1.0000000   1.2472251e-17  1.5667147e-16  -8.5275786e-17  2.9621312e-16  -1.4368389e-16  
1.8534295e-16  -4.5658407e-16  -1.1437730e-16  9.8735258e-16  1.3765306e-17  1.0000000   -8.2316475e-17  2.1865126e-16  3.2259561e-16  7.8589072e-16  
-4.0209855e-16  2.5936730e-16  -1.8750956e-16  3.5046033e-16  1.5709344e-16  -5.4555556e-17  1.0000000   -2.1197486e-16  -1.2222891e-16  7.1048446e-16  
1.4828331e-16  1.8135516e-16  1.4850161e-16  2.8420851e-16  -1.3947482e-16  2.1431675e-16  -2.1197602e-16  1.0000000   1.2519313e-16  -1.2080384e-16  
2.0057501e-16  -1.9116559e-16  1.9083211e-16  6.0124636e-16  2.9710277e-16  3.5036569e-16  -8.4059852e-17  1.2409903e-16  1.0000000   5.2370353e-17  
-3.3771881e-16  -2.2889033e-16  -1.1183376e-16  2.7366957e-16  -1.4888806e-16  7.8588394e-16  6.5495976e-16  -1.2255211e-16  5.2366965e-17  1.0000000   
