1.0000000   1.4630901e-16  6.1416877e-17  7.5883511e-17  6.2502138e-17  6.6404842e-17  1.0099343e-16  6.5464847e-17  2.3398438e-17  3.2812362e-17  
1.4630943e-16  1.0000000   2.1608149e-16  3.1919590e-17  1.9151889e-15  1.0870211e-15  5.2117598e-16  -3.7226082e-16  -3.8163916e-16  2.6064220e-16  
6.1216533e-17  2.1264677e-16  1.0000000   5.4070374e-14  1.1882823e-12  -2.9065563e-15  -4.5264736e-14  -4.7729760e-13  5.5410320e-14  1.3046205e-15  
7.5906874e-17  3.2631097e-17  5.1291938e-14  1.0000000   -7.3260747e-14  3.3924686e-16  3.1942764e-15  3.0229102e-14  -3.1383858e-15  3.1626177e-16  
6.3045881e-17  1.9006837e-15  1.3916435e-12  -9.0824372e-14  1.0000000   3.9199126e-15  7.8209872e-14  7.8006714e-13  -9.4823902e-14  -8.5817312e-16  
6.6414689e-17  1.0763959e-15  -2.7859659e-15  3.3089850e-16  3.8649639e-15  1.0000000   4.5796700e-16  -1.4571677e-15  -1.2490009e-15  -5.5511151e-17  
1.0099304e-16  5.2215177e-16  -4.5435877e-14  3.3353311e-15  6.7511968e-14  3.6776138e-16  1.0000000   -2.6708670e-14  -4.0939474e-15  -9.1593400e-16  
6.5408360e-17  -3.7528726e-16  -4.0587833e-13  2.6952436e-14  5.7460274e-13  -1.5908498e-15  -2.2069775e-14  1.0000000   2.7694047e-14  9.2580024e-16  
2.3402303e-17  -4.0722634e-16  5.5670746e-14  -3.2807958e-15  -8.4987573e-14  -9.2287289e-16  -4.8572257e-15  3.1925851e-14  1.0000000   1.1102230e-16  
3.2817445e-17  2.6714742e-16  5.2735594e-16  3.7470027e-16  -4.9960036e-16  -2.2204460e-16  -1.4432899e-15  1.5265567e-16  5.5511151e-16  1.0000000   
