1.0000000   3.9193911e-16  3.2149170e-16  -1.7069182e-16  -4.9662653e-17  -8.4266226e-17  -1.6814218e-16  2.7889974e-16  2.3905557e-16  3.2107970e-16  
3.9193999e-16  1.0000000   3.8104709e-16  -7.3466437e-16  -5.1790390e-16  5.6519459e-16  -9.8933448e-16  1.3097490e-16  9.8773528e-16  -7.6262781e-16  
3.2144792e-16  3.8437683e-16  1.0000000   1.7031217e-15  6.0925241e-15  7.4237694e-16  -9.3973126e-15  -7.5520130e-16  7.5088234e-15  -5.9388529e-16  
-1.7070091e-16  -7.3479208e-16  1.4465068e-15  1.0000000   -7.5965095e-16  9.5630020e-18  1.0515304e-15  -2.3651165e-16  -6.9775017e-16  -5.0278520e-16  
-4.9678831e-17  -5.2110483e-16  4.0345857e-15  -7.3954410e-16  1.0000000   -5.1019844e-16  5.3894572e-15  2.5513141e-16  -4.4831489e-15  7.9141338e-16  
-8.4270461e-17  5.2800646e-16  7.4097087e-16  9.6900569e-18  -5.0935818e-16  1.0000000   -1.4268101e-15  2.4562261e-17  1.0789980e-15  -4.9960036e-16  
-1.6820465e-16  -9.8835870e-16  -9.3870495e-15  1.0528332e-15  5.3887965e-15  -1.4033913e-15  1.0000000   -1.0035409e-15  7.2060413e-15  2.4980018e-16  
2.7889623e-16  1.3102202e-16  -8.0609246e-16  -1.2156987e-17  3.3071523e-16  2.4706257e-17  -1.0023805e-15  1.0000000   8.6518656e-16  -5.2572963e-16  
2.3906298e-16  9.9171973e-16  7.4837055e-15  -6.9758754e-16  -4.4701113e-15  1.0061396e-15  6.3716393e-15  8.6396344e-16  1.0000000   -1.2490009e-15  
3.2108647e-16  -7.6241097e-16  -5.9327543e-16  -5.0277165e-16  7.9276863e-16  -3.6082248e-16  1.3877788e-16  -5.2581772e-16  -1.1241008e-15  1.0000000   
