1.0000000   -2.2404711e-17  -2.9871026e-16  -1.3622356e-17  1.6114783e-16  -3.7380009e-16  -2.5603196e-16  3.1665146e-17  7.1602845e-17  -4.3984303e-16  
-2.2402795e-17  1.0000000   -2.5836761e-15  8.1022584e-16  1.5064913e-15  3.5561831e-16  3.5536081e-16  1.4430149e-16  4.5785180e-16  -4.5558175e-16  
-2.9868963e-16  -2.5840411e-15  1.0000000   1.0955156e-15  4.1770141e-15  -2.6322735e-16  1.7194252e-15  1.4064700e-16  -2.6111408e-15  -2.4185840e-16  
-1.3616784e-17  8.1010168e-16  1.0648476e-15  1.0000000   -1.3091702e-15  9.9730506e-17  6.2653227e-16  1.0227794e-15  -5.8712788e-16  1.9245944e-16  
1.6111843e-16  1.5088898e-15  6.7962023e-15  -1.3875564e-15  1.0000000   3.5308060e-16  -1.9669545e-15  3.1423040e-16  2.5413402e-15  1.9765006e-16  
-3.7380850e-16  3.6461719e-16  -2.6352889e-16  9.9716848e-17  3.5366421e-16  1.0000000   -1.2576745e-16  3.5628916e-16  -1.9949320e-16  4.1633363e-16  
-2.5603415e-16  3.5263337e-16  1.7198033e-15  6.2791415e-16  -1.9686471e-15  -1.1411228e-16  1.0000000   1.2550466e-16  -8.2185235e-15  -7.6761514e-17  
3.1671448e-17  1.4412837e-16  1.7315284e-16  1.0695400e-15  7.9262124e-17  3.5645857e-16  1.2586571e-16  1.0000000   2.1612723e-16  1.5216777e-16  
7.1600006e-17  4.6029803e-16  -2.6109816e-15  -5.8760078e-16  2.5430569e-15  -2.0513105e-16  -7.7461366e-15  2.1660919e-16  1.0000000   4.2153780e-16  
-4.3984134e-16  -4.5970172e-16  -2.4112656e-16  1.9241285e-16  1.9698598e-16  3.6082248e-16  -5.5511151e-17  1.5222199e-16  3.8163916e-16  1.0000000   
