1.0000000   1.2176849e-16  -2.2394287e-16  -3.6756165e-16  1.4944318e-16  3.3737933e-17  1.4439758e-16  3.5608795e-17  -2.1382783e-16  -2.2331369e-16  
1.2176788e-16  1.0000002   -2.1104007e-08  -6.8299753e-09  -1.1601818e-08  -6.0933660e-07  2.4186740e-09  5.0169161e-09  4.2142498e-10  -3.2060015e-08  
-2.2395930e-16  -2.1104007e-08  0.99999927  1.4339087e-07  -2.2283015e-07  -4.6412092e-08  5.2828991e-10  8.3580640e-07  1.1332072e-08  9.1451291e-09  
-3.6756836e-16  -6.8299753e-09  1.4339087e-07  1.0000006   2.4428644e-07  1.2459357e-08  6.6861968e-08  -9.7031272e-07  -1.8434581e-08  4.0596674e-08  
1.4942901e-16  -1.1601818e-08  -2.2283015e-07  2.4428644e-07  0.99999959  -2.4335545e-08  3.4394308e-08  1.0706457e-07  -2.6712872e-08  -5.8638255e-09  
3.3740309e-17  -6.0933660e-07  -4.6412092e-08  1.2459357e-08  -2.4335545e-08  1.0000012   2.4332821e-07  -6.2913343e-09  -1.8286512e-07  1.9672481e-07  
1.4439578e-16  2.4186740e-09  5.2828991e-10  6.6861968e-08  3.4394308e-08  2.4332821e-07  0.99999966  -8.0814731e-08  2.5550184e-07  1.3109143e-07  
3.5610333e-17  5.0169161e-09  8.3580640e-07  -9.7031272e-07  1.0706457e-07  -6.2913343e-09  -8.0814731e-08  0.99999890  7.4486867e-08  -3.6787297e-08  
-2.1382651e-16  4.2142499e-10  1.1332072e-08  -1.8434581e-08  -2.6712872e-08  -1.8286512e-07  2.5550184e-07  7.4486867e-08  0.99999982  -6.1097313e-08  
-2.2331866e-16  -3.2060015e-08  9.1451291e-09  4.0596674e-08  -5.8638255e-09  1.9672481e-07  1.3109143e-07  -3.6787297e-08  -6.1097313e-08  0.99999990  
