1.0001480   6.2304771e-06  7.2515281e-06  2.6674242e-05  7.3442948e-06  -9.9681164e-06  -3.3033909e-05  -4.3837535e-06  -3.8442864e-05  -9.2415421e-06  
6.2304771e-06  1.0002243   -8.2512739e-05  -1.4002871e-05  5.4940823e-05  -2.1805704e-05  1.9255914e-05  -2.4026676e-05  8.0636269e-06  -2.6479333e-05  
7.2515281e-06  -8.2512739e-05  1.0001234   -2.8617441e-05  -2.3399418e-06  -1.9372690e-05  1.9438124e-05  5.1168350e-05  -4.5273667e-06  1.5350717e-05  
2.6674242e-05  -1.4002871e-05  -2.8617441e-05  1.0001899   5.8969094e-06  -2.8876400e-06  -1.1201514e-05  -8.0462300e-06  5.4737108e-06  4.3713224e-05  
7.3442948e-06  5.4940823e-05  -2.3399418e-06  5.8969094e-06  1.0001477   2.4371156e-06  5.4663102e-05  7.1161123e-05  4.9369534e-05  6.8408667e-06  
-9.9681164e-06  -2.1805704e-05  -1.9372690e-05  -2.8876400e-06  2.4371156e-06  1.0000590   -8.2997724e-05  -7.7412119e-05  -5.2004385e-05  3.9298985e-05  
-3.3033909e-05  1.9255914e-05  1.9438124e-05  -1.1201514e-05  5.4663102e-05  -8.2997724e-05  1.0001292   -4.4030225e-05  1.8310566e-05  2.2324642e-05  
-4.3837535e-06  -2.4026676e-05  5.1168350e-05  -8.0462300e-06  7.1161123e-05  -7.7412119e-05  -4.4030225e-05  1.0000804   2.1894892e-05  -2.4277484e-05  
-3.8442864e-05  8.0636269e-06  -4.5273667e-06  5.4737108e-06  4.9369534e-05  -5.2004385e-05  1.8310566e-05  2.1894892e-05  1.0000922   -3.3334513e-05  
-9.2415421e-06  -2.6479333e-05  1.5350717e-05  4.3713224e-05  6.8408667e-06  3.9298985e-05  2.2324642e-05  -2.4277484e-05  -3.3334513e-05  1.0001702   
