1.0000000   -1.6922853e-16  1.3665923e-16  1.0751145e-16  9.8663744e-17  3.3626545e-17  -3.2571167e-16  -6.7266157e-17  1.9738291e-16  1.3313067e-16  
-1.6921770e-16  0.99999993  2.9176675e-09  1.8020612e-09  1.6472382e-10  2.0968640e-08  -6.1961141e-08  -4.1826220e-09  4.5992769e-09  1.4278220e-07  
1.3665001e-16  2.9176675e-09  0.99999996  5.3966874e-07  1.8586253e-07  -1.6480115e-08  -2.4507169e-08  5.7521926e-07  1.0177747e-08  1.4479857e-08  
1.0750417e-16  1.8020612e-09  5.3966874e-07  0.99999925  -2.4985951e-07  -1.3265366e-08  1.4517854e-08  5.5953037e-07  -2.6159639e-09  -3.5402207e-09  
9.8671766e-17  1.6472381e-10  1.8586253e-07  -2.4985951e-07  1.0000002   -1.6303509e-09  -1.8314660e-08  -4.2986872e-07  -4.9778037e-09  -6.6443259e-08  
3.3632258e-17  2.0968640e-08  -1.6480115e-08  -1.3265366e-08  -1.6303509e-09  1.0000013   -4.2955832e-07  2.2748720e-08  -4.0462942e-07  9.3332183e-08  
-3.2570990e-16  -6.1961141e-08  -2.4507169e-08  1.4517854e-08  -1.8314660e-08  -4.2955832e-07  1.0000005   -3.3783050e-08  -8.2330514e-08  2.4576622e-07  
-6.7262784e-17  -4.1826220e-09  5.7521926e-07  5.5953037e-07  -4.2986872e-07  2.2748720e-08  -3.3783050e-08  0.99999897  5.2547706e-09  -4.4839984e-08  
1.9737841e-16  4.5992769e-09  1.0177747e-08  -2.6159639e-09  -4.9778037e-09  -4.0462942e-07  -8.2330514e-08  5.2547705e-09  0.99999986  5.1633012e-08  
1.3312777e-16  1.4278220e-07  1.4479857e-08  -3.5402207e-09  -6.6443259e-08  9.3332183e-08  2.4576622e-07  -4.4839984e-08  5.1633012e-08  0.99999977  
