0.99970000  7.2032924e-05  3.8560590e-05  1.8012867e-05  3.0583167e-05  -2.1416749e-05  3.0290481e-05  4.4268976e-05  -4.0972837e-05  -4.1126192e-05  
7.2032924e-05  0.99969443  -2.3003627e-05  -5.7753233e-05  -1.8360603e-05  8.1953879e-05  -1.8163555e-05  2.5764249e-05  -1.0143544e-05  -2.8952190e-05  
3.8560590e-05  -2.3003627e-05  0.99964944  -7.8506255e-05  -6.7522562e-05  8.2313717e-06  4.2705425e-05  -2.0985168e-05  4.2154820e-05  -1.8168081e-05  
1.8012867e-05  -5.7753233e-05  -7.8506255e-05  0.99965047  -2.2433869e-05  -6.1662066e-06  5.0602008e-06  -5.1944716e-05  4.7265147e-05  -2.3326072e-05  
3.0583167e-05  -1.8360603e-05  -6.7522562e-05  -2.2433869e-05  0.99978801  -3.4333807e-05  -1.7593123e-05  -3.3927887e-05  -7.1948650e-05  -3.8522092e-05  
-2.1416749e-05  8.1953879e-05  8.2313717e-06  -6.1662066e-06  -3.4333807e-05  0.99986704  -2.7521451e-05  1.9273557e-05  -2.6265063e-05  -1.7311202e-05  
3.0290481e-05  -1.8163555e-05  4.2705425e-05  5.0602008e-06  -1.7593123e-05  -2.7521451e-05  0.99979737  -4.7429285e-05  -8.3289653e-05  -5.2261476e-05  
4.4268976e-05  2.5764249e-05  -2.0985168e-05  -5.1944716e-05  -3.3927887e-05  1.9273557e-05  -4.7429285e-05  0.99977200  -3.0459060e-05  -3.0585316e-05  
-4.0972837e-05  -1.0143544e-05  4.2154820e-05  4.7265147e-05  -7.1948650e-05  -2.6265063e-05  -8.3289653e-05  -3.0459060e-05  0.99989610  3.1766212e-05  
-4.1126192e-05  -2.8952190e-05  -1.8168081e-05  -2.3326072e-05  -3.8522092e-05  -1.7311202e-05  -5.2261476e-05  -3.0585316e-05  3.1766212e-05  0.99977296  
