1.0001940   4.0898639e-05  -2.3345268e-05  -7.7313205e-05  1.1918563e-05  1.7387013e-05  -1.5138731e-05  -5.0122406e-05  5.3803499e-05  4.3567604e-05  
4.0898639e-05  1.0000434   9.0954380e-07  3.8423357e-05  -1.6188469e-05  -1.3074041e-05  -2.9117372e-06  -4.6313861e-06  4.0418129e-06  7.7008098e-06  
-2.3345268e-05  9.0954380e-07  1.0001568   -1.7662353e-05  -1.7286539e-05  8.1339913e-06  2.6261148e-05  -4.6310178e-05  -2.8244593e-05  -2.2854655e-05  
-7.7313205e-05  3.8423357e-05  -1.7662353e-05  1.0001703   3.6007820e-08  4.4770354e-06  -3.7930627e-05  3.1838479e-05  2.7508519e-05  -1.9709374e-05  
1.1918563e-05  -1.6188469e-05  -1.7286539e-05  3.6007820e-08  1.0001512   3.8512627e-05  -3.0660287e-05  2.3907305e-05  2.0631185e-05  -2.7611699e-05  
1.7387013e-05  -1.3074041e-05  8.1339913e-06  4.4770354e-06  3.8512627e-05  1.0001807   7.6180730e-05  -4.5416958e-05  1.7025318e-05  4.5878497e-05  
-1.5138731e-05  -2.9117372e-06  2.6261148e-05  -3.7930627e-05  -3.0660287e-05  7.6180730e-05  1.0002009   -3.1483492e-05  3.7502513e-05  1.4369244e-05  
-5.0122406e-05  -4.6313861e-06  -4.6310178e-05  3.1838479e-05  2.3907305e-05  -4.5416958e-05  -3.1483492e-05  1.0002050   1.6129605e-05  2.8939509e-05  
5.3803499e-05  4.0418129e-06  -2.8244593e-05  2.7508519e-05  2.0631185e-05  1.7025318e-05  3.7502513e-05  1.6129605e-05  1.0002167   2.7916038e-05  
4.3567604e-05  7.7008098e-06  -2.2854655e-05  -1.9709374e-05  -2.7611699e-05  4.5878497e-05  1.4369244e-05  2.8939509e-05  2.7916038e-05  1.0001185   
