1.0000000   -5.9540543e-16  9.2538950e-17  -6.1027612e-17  1.3733044e-16  9.2199518e-17  1.8979344e-16  -2.3872531e-16  5.2033065e-17  -2.7413518e-16  
-5.9540892e-16  0.99999998  3.5269086e-09  -1.2491527e-08  7.2802952e-09  1.3068828e-07  8.3972071e-09  -7.6569698e-09  3.2856523e-08  -2.8254557e-08  
9.2534330e-17  3.5269086e-09  1.0000012   -5.2773120e-07  -2.1419384e-07  -2.6649033e-10  8.0765412e-09  2.0595587e-08  8.5989886e-09  -1.3015084e-08  
-6.1026838e-17  -1.2491527e-08  -5.2773120e-07  1.0000001   6.2428398e-07  4.7423138e-08  -4.2739354e-08  -1.0325747e-07  -2.6168728e-08  4.4149711e-08  
1.3733262e-16  7.2802952e-09  -2.1419384e-07  6.2428398e-07  0.99999951  8.9098535e-09  5.8705036e-08  3.7759889e-07  -6.3693857e-08  -1.3600676e-08  
9.2181885e-17  1.3068828e-07  -2.6649034e-10  4.7423138e-08  8.9098535e-09  1.0000000   1.4120459e-07  -6.3415877e-08  1.6359620e-07  3.1110959e-07  
1.8979038e-16  8.3972071e-09  8.0765412e-09  -4.2739354e-08  5.8705036e-08  1.4120459e-07  1.0000010   -1.1561872e-07  -3.5052519e-08  -7.2984567e-07  
-2.3872872e-16  -7.6569698e-09  2.0595587e-08  -1.0325747e-07  3.7759889e-07  -6.3415877e-08  -1.1561872e-07  0.99999819  -7.3076181e-09  4.2043857e-08  
5.2027604e-17  3.2856523e-08  8.5989886e-09  -2.6168728e-08  -6.3693857e-08  1.6359620e-07  -3.5052519e-08  -7.3076181e-09  0.99999975  3.7787258e-07  
-2.7411883e-16  -2.8254557e-08  -1.3015084e-08  4.4149711e-08  -1.3600676e-08  3.1110959e-07  -7.2984567e-07  4.2043857e-08  3.7787258e-07  0.99999972  
