1.0000000   -1.7802754e-16  4.0747158e-16  -2.8133018e-16  -1.0567227e-16  2.9366306e-16  5.0769583e-16  5.3044979e-16  -2.5220253e-16  3.5665084e-16  
-1.7805620e-16  1.0000002   4.9893641e-09  5.9241418e-08  -7.7546061e-09  7.8623639e-07  -2.1170520e-07  -2.4765724e-08  4.2342822e-08  1.3816200e-07  
4.0745754e-16  4.9893641e-09  1.0000005   1.4383348e-07  1.1523205e-07  -5.8168385e-08  -7.1860381e-08  -7.6450953e-07  2.2981742e-08  -4.7847558e-08  
-2.8132316e-16  5.9241418e-08  1.4383348e-07  0.99999938  8.4634587e-07  -6.1037029e-08  -2.4013453e-08  4.1217347e-08  -5.3604386e-09  5.8522801e-08  
-1.0567811e-16  -7.7546061e-09  1.1523205e-07  8.4634587e-07  0.99999901  -7.8420648e-09  8.6452670e-09  2.3939701e-07  -6.7305133e-08  1.6194689e-09  
2.9365578e-16  7.8623639e-07  -5.8168385e-08  -6.1037029e-08  -7.8420648e-09  1.0000011   -2.0148356e-07  1.7940611e-08  -4.4270723e-08  2.6000599e-07  
5.0769319e-16  -2.1170520e-07  -7.1860381e-08  -2.4013453e-08  8.6452670e-09  -2.0148356e-07  1.0000006   5.4668333e-08  4.0941702e-07  -3.0906148e-09  
5.3045576e-16  -2.4765724e-08  -7.6450953e-07  4.1217347e-08  2.3939701e-07  1.7940611e-08  5.4668333e-08  0.99999950  4.3821474e-09  1.4259902e-08  
-2.5220417e-16  4.2342822e-08  2.2981742e-08  -5.3604386e-09  -6.7305133e-08  -4.4270723e-08  4.0941702e-07  4.3821474e-09  0.99999936  -5.2768377e-07  
3.5665253e-16  1.3816200e-07  -4.7847558e-08  5.8522801e-08  1.6194689e-09  2.6000599e-07  -3.0906148e-09  1.4259902e-08  -5.2768377e-07  0.99999978  
