1.0002000   3.1589356e-06  -3.4652663e-05  -8.5534884e-06  -1.7763987e-06  -2.2530166e-05  -1.4866874e-05  1.4420453e-05  4.7693125e-05  -5.5598257e-05  
3.1589356e-06  1.0001758   -7.2075809e-05  -8.8372440e-05  -4.8526560e-05  2.8410319e-05  -2.6338120e-05  2.2087999e-05  -1.3078106e-05  9.0533222e-06  
-3.4652663e-05  -7.2075809e-05  1.0001079   3.0717184e-05  1.8715042e-05  5.3644247e-05  6.6157980e-05  4.5921374e-05  2.5846248e-05  1.2555759e-05  
-8.5534884e-06  -8.8372440e-05  3.0717184e-05  1.0000108   2.0369148e-06  2.7813399e-05  3.7439180e-05  -2.4453189e-05  7.8179716e-06  6.1092801e-07  
-1.7763987e-06  -4.8526560e-05  1.8715042e-05  2.0369148e-06  1.0000827   1.0090390e-05  -3.4953488e-05  6.0996971e-05  7.9597015e-05  2.5825033e-05  
-2.2530166e-05  2.8410319e-05  5.3644247e-05  2.7813399e-05  1.0090390e-05  1.0001840   2.5021249e-05  2.4603544e-05  -2.8649995e-05  3.5543990e-05  
-1.4866874e-05  -2.6338120e-05  6.6157980e-05  3.7439180e-05  -3.4953488e-05  2.5021249e-05  1.0002564   6.5967452e-05  7.1058202e-05  0.00012496410  
1.4420453e-05  2.2087999e-05  4.5921374e-05  -2.4453189e-05  6.0996971e-05  2.4603544e-05  6.5967452e-05  1.0001709   5.0677103e-05  -5.7945273e-05  
4.7693125e-05  -1.3078106e-05  2.5846248e-05  7.8179716e-06  7.9597015e-05  -2.8649995e-05  7.1058202e-05  5.0677103e-05  1.0002384   0.00010196192  
-5.5598257e-05  9.0533222e-06  1.2555759e-05  6.1092801e-07  2.5825033e-05  3.5543990e-05  0.00012496410  -5.7945273e-05  0.00010196192  1.0001621   
