1.0002240   1.5819353e-05  -2.4557748e-05  1.7569969e-05  -5.7945602e-06  -4.8034051e-05  -3.5695409e-05  1.4962361e-05  -3.8261150e-05  1.3472842e-05  
1.5819353e-05  1.0003017   -3.6730816e-05  7.9547565e-06  1.7843469e-05  2.2985444e-06  -1.2229923e-05  -2.8797187e-05  -1.3097381e-05  -6.7934007e-06  
-2.4557748e-05  -3.6730816e-05  1.0002339   2.8020677e-05  -3.9783665e-05  -4.0538896e-06  -1.3178653e-07  -6.6925367e-06  6.5586905e-07  -9.5347407e-06  
1.7569969e-05  7.9547565e-06  2.8020677e-05  1.0002333   1.9398239e-05  -3.2559383e-06  1.5951683e-05  7.0786478e-06  -5.8510281e-06  -2.4672194e-05  
-5.7945602e-06  1.7843469e-05  -3.9783665e-05  1.9398239e-05  1.0002257   1.7488207e-05  -3.5400543e-05  -2.5927191e-05  -3.1418258e-05  -7.0868271e-06  
-4.8034051e-05  2.2985444e-06  -4.0538896e-06  -3.2559383e-06  1.7488207e-05  1.0001639   4.2959751e-05  3.5232877e-05  2.3658186e-05  1.2713696e-05  
-3.5695409e-05  -1.2229923e-05  -1.3178653e-07  1.5951683e-05  -3.5400543e-05  4.2959751e-05  1.0001664   2.2222448e-05  -2.2931665e-05  -2.0689600e-05  
1.4962361e-05  -2.8797187e-05  -6.6925367e-06  7.0786478e-06  -2.5927191e-05  3.5232877e-05  2.2222448e-05  1.0002579   3.0837463e-06  8.6472746e-06  
-3.8261150e-05  -1.3097381e-05  6.5586905e-07  -5.8510281e-06  -3.1418258e-05  2.3658186e-05  -2.2931665e-05  3.0837463e-06  1.0001586   3.1425602e-05  
1.3472842e-05  -6.7934007e-06  -9.5347407e-06  -2.4672194e-05  -7.0868271e-06  1.2713696e-05  -2.0689600e-05  8.6472746e-06  3.1425602e-05  1.0001195   
