1.0000000   8.3824889e-16  5.9895813e-17  1.3533140e-16  -7.0563605e-16  -2.1793954e-16  1.1964336e-16  -3.4660224e-16  -5.3824791e-16  4.9724582e-16  
8.3824619e-16  1.0000001   -7.2357138e-08  -1.4124613e-08  2.1590979e-08  4.4036170e-08  -1.0785537e-07  1.6766652e-08  -2.1619878e-08  1.9158053e-08  
5.9895022e-17  -7.2357138e-08  0.99999956  2.5878986e-07  3.2552850e-07  -7.7999715e-09  -1.1037660e-08  -3.8674948e-08  4.8418349e-08  -1.9923951e-08  
1.3533721e-16  -1.4124613e-08  2.5878986e-07  1.0000006   1.0447836e-06  -2.7055843e-07  -6.3910965e-08  2.2645921e-08  5.5700917e-08  3.6188662e-08  
-7.0562853e-16  2.1590979e-08  3.2552850e-07  1.0447836e-06  0.99999962  2.2742015e-07  -2.3289255e-08  3.8488743e-08  1.0521042e-08  -1.0240952e-07  
-2.1793173e-16  4.4036170e-08  -7.7999714e-09  -2.7055843e-07  2.2742015e-07  1.0000011   -4.8124524e-08  -6.6366058e-10  2.7822181e-08  -8.2301919e-09  
1.1964558e-16  -1.0785537e-07  -1.1037660e-08  -6.3910965e-08  -2.3289255e-08  -4.8124524e-08  0.99999942  -4.7052783e-07  7.1900525e-08  -8.4048702e-07  
-3.4661031e-16  1.6766652e-08  -3.8674948e-08  2.2645921e-08  3.8488743e-08  -6.6366059e-10  -4.7052783e-07  0.99999847  1.9518358e-07  -4.2822710e-07  
-5.3825121e-16  -2.1619878e-08  4.8418349e-08  5.5700917e-08  1.0521042e-08  2.7822181e-08  7.1900525e-08  1.9518358e-07  1.0000006   4.3020989e-07  
4.9724426e-16  1.9158053e-08  -1.9923951e-08  3.6188662e-08  -1.0240952e-07  -8.2301919e-09  -8.4048702e-07  -4.2822710e-07  4.3020989e-07  1.0000004   
