0.99998399  -4.7370588e-05  -6.8704505e-05  -3.0562017e-05  -3.5110878e-05  2.6327265e-05  -3.0813985e-05  -1.2806756e-05  1.9735207e-05  4.7100943e-05  
-4.7370588e-05  1.0000338   2.6048196e-05  -1.1319947e-05  3.5207260e-06  -4.3456796e-06  -3.2334146e-06  -2.7804584e-05  4.1468063e-06  -5.0654897e-06  
-6.8704505e-05  2.6048196e-05  0.99995105  -6.3030335e-05  -3.3647440e-05  5.8821367e-07  -2.1228312e-05  1.5012028e-05  2.5555678e-06  -1.2047797e-05  
-3.0562017e-05  -1.1319947e-05  -6.3030335e-05  0.99999912  -6.7899541e-05  1.5153917e-05  2.7238884e-05  7.7952642e-07  -9.5759825e-06  -7.1573566e-06  
-3.5110878e-05  3.5207260e-06  -3.3647440e-05  -6.7899541e-05  1.0000457   -3.3892746e-05  -2.8692615e-05  -1.3327422e-05  -1.2070673e-05  1.9018468e-05  
2.6327265e-05  -4.3456796e-06  5.8821367e-07  1.5153917e-05  -3.3892746e-05  1.0000238   3.2404962e-05  1.2894035e-05  -2.6121847e-05  -4.0894865e-05  
-3.0813985e-05  -3.2334146e-06  -2.1228312e-05  2.7238884e-05  -2.8692615e-05  3.2404962e-05  0.99994094  -1.9359803e-05  -1.6189127e-05  4.6247594e-05  
-1.2806756e-05  -2.7804584e-05  1.5012028e-05  7.7952642e-07  -1.3327422e-05  1.2894035e-05  -1.9359803e-05  1.0000221   1.6106234e-05  -1.3931826e-05  
1.9735207e-05  4.1468063e-06  2.5555678e-06  -9.5759825e-06  -1.2070673e-05  -2.6121847e-05  -1.6189127e-05  1.6106234e-05  0.99997000  1.5020084e-06  
4.7100943e-05  -5.0654897e-06  -1.2047797e-05  -7.1573566e-06  1.9018468e-05  -4.0894865e-05  4.6247594e-05  -1.3931826e-05  1.5020084e-06  0.99989335  
