1.0000000   -5.4158585e-17  2.1136487e-16  6.1322946e-17  1.4792603e-16  -6.7479253e-16  -1.7838032e-16  2.2271117e-17  -2.4266499e-16  7.8031769e-17  
-5.4154914e-17  0.99999989  3.0152217e-08  2.8553169e-08  2.5553918e-09  3.5104936e-07  3.0236488e-08  4.9863790e-09  -3.8507704e-08  9.8071727e-08  
2.1136888e-16  3.0152217e-08  0.99999969  -2.7896158e-08  -3.0359647e-07  -3.0155339e-08  1.7647891e-09  -5.2918964e-07  3.7889549e-08  -2.9080221e-08  
6.1311340e-17  2.8553169e-08  -2.7896158e-08  1.0000000   1.8215130e-07  3.0414053e-09  3.7892003e-09  5.3577613e-07  -2.0066512e-08  -1.4067907e-08  
1.4793864e-16  2.5553918e-09  -3.0359647e-07  1.8215130e-07  1.0000006   -5.4088320e-08  3.7776497e-08  5.9229580e-08  -4.2303086e-09  -9.7530476e-09  
-6.7479544e-16  3.5104936e-07  -3.0155339e-08  3.0414053e-09  -5.4088320e-08  0.99999982  2.8271128e-07  -4.2860066e-08  -6.9271555e-08  -6.5505720e-07  
-1.7837621e-16  3.0236488e-08  1.7647891e-09  3.7892003e-09  3.7776497e-08  2.8271128e-07  1.0000001   2.4365061e-08  -1.8624916e-07  -4.8124599e-07  
2.2295669e-17  4.9863790e-09  -5.2918964e-07  5.3577613e-07  5.9229580e-08  -4.2860066e-08  2.4365061e-08  1.0000004   2.9986170e-08  8.3598344e-09  
-2.4267947e-16  -3.8507704e-08  3.7889549e-08  -2.0066512e-08  -4.2303086e-09  -6.9271555e-08  -1.8624916e-07  2.9986170e-08  1.0000000   -8.0042613e-09  
7.8043949e-17  9.8071727e-08  -2.9080221e-08  -1.4067907e-08  -9.7530476e-09  -6.5505720e-07  -4.8124599e-07  8.3598344e-09  -8.0042613e-09  0.99999938  
