0.99984001  5.2813919e-05  -1.0556300e-05  4.6602319e-05  4.0746454e-05  -6.0190865e-05  -5.3460168e-05  -6.4052543e-06  -5.4298465e-05  1.1522826e-05  
5.2813919e-05  0.99978109  -9.8550935e-05  -9.1148438e-06  5.0186340e-06  -1.7847237e-05  2.6166821e-05  2.0777814e-05  -1.6860195e-05  2.8759782e-06  
-1.0556300e-05  -9.8550935e-05  0.99986232  5.6652391e-05  -6.2738237e-05  1.3577869e-05  5.8967237e-06  -7.9087903e-06  1.9440096e-05  4.9049319e-05  
4.6602319e-05  -9.1148438e-06  5.6652391e-05  0.99987435  2.0327777e-06  5.7721420e-05  2.1392312e-05  -3.9494567e-05  -2.3601027e-06  3.1438064e-05  
4.0746454e-05  5.0186340e-06  -6.2738237e-05  2.0327777e-06  0.99986212  4.4770440e-05  7.1271996e-06  7.5804369e-06  -4.0940616e-05  7.0067160e-05  
-6.0190865e-05  -1.7847237e-05  1.3577869e-05  5.7721420e-05  4.4770440e-05  0.99986537  5.4309952e-05  4.6180854e-05  -2.2656617e-05  5.7121477e-05  
-5.3460168e-05  2.6166821e-05  5.8967237e-06  2.1392312e-05  7.1271996e-06  5.4309952e-05  0.99984199  2.3295620e-05  3.4237835e-05  -2.2268696e-05  
-6.4052543e-06  2.0777814e-05  -7.9087903e-06  -3.9494567e-05  7.5804369e-06  4.6180854e-05  2.3295620e-05  0.99982434  -2.0593613e-05  2.6719217e-05  
-5.4298465e-05  -1.6860195e-05  1.9440096e-05  -2.3601027e-06  -4.0940616e-05  -2.2656617e-05  3.4237835e-05  -2.0593613e-05  1.0000219   3.4428066e-05  
1.1522826e-05  2.8759782e-06  4.9049319e-05  3.1438064e-05  7.0067160e-05  5.7121477e-05  -2.2268696e-05  2.6719217e-05  3.4428066e-05  0.99987838  
