1.0000000   1.6319196e-16  1.0139045e-16  -6.8790823e-17  -1.4211461e-16  -1.0505072e-16  1.6734322e-16  5.0350060e-17  -3.3895548e-16  2.1914436e-17  
1.6319239e-16  1.0000000   9.9392710e-16  -2.3003864e-16  -6.2754977e-16  -2.0816682e-17  1.3392065e-15  5.7417907e-16  -2.6237693e-15  1.6132928e-16  
1.0137826e-16  9.9390507e-16  1.0000000   -1.9971460e-16  3.2408921e-15  -1.0015318e-16  1.1085669e-14  -1.0882543e-15  -1.4347789e-14  1.0134038e-15  
-6.8794131e-17  -2.3006982e-16  -2.4594475e-16  1.0000000   -7.2491552e-16  1.2621469e-16  3.5697357e-17  -4.3397209e-16  6.7890030e-16  -1.5029753e-15  
-1.4208431e-16  -6.2759212e-16  4.4834511e-15  -7.8349170e-16  1.0000000   3.1851149e-16  -1.0810878e-14  7.9822903e-17  1.3919367e-14  -1.5198346e-15  
-1.0505792e-16  -3.6429193e-17  -1.0115606e-16  1.2610627e-16  3.1810492e-16  1.0000000   -4.9960036e-16  1.5720932e-18  0.0000000   -2.2204460e-16  
1.6735296e-16  1.3327013e-15  1.1109169e-14  3.5090881e-17  -1.0793829e-14  -3.4694470e-16  1.0000000   -6.5542732e-16  -8.8817842e-15  2.9976022e-15  
5.0355313e-17  5.7423413e-16  -1.1459759e-15  -2.6314116e-16  8.9788034e-17  1.1926224e-18  -6.5344865e-16  1.0000000   -2.3852448e-18  8.4806294e-16  
-3.3892075e-16  -2.6307082e-15  -1.4377605e-14  6.7998789e-16  1.3914000e-14  -6.9388939e-17  -9.0760732e-15  1.6263033e-19  1.0000000   -5.6066263e-15  
2.1921213e-17  1.6826818e-16  1.0165480e-15  -1.5028533e-15  -1.5187504e-15  -1.6653345e-16  3.6637360e-15  8.4643664e-16  -6.7723605e-15  1.0000000   
