1.0000000   -3.9174153e-16  -2.0900391e-16  -2.7673167e-16  -1.0109799e-16  -3.0861688e-16  -1.3769661e-16  -3.1271038e-16  -1.7022366e-16  -2.8524004e-16  
-3.9174605e-16  1.0000000   7.8463309e-16  -5.3220374e-16  -1.6992031e-16  -4.9778432e-16  1.2909460e-16  -1.5131185e-17  3.5383616e-16  -2.2963402e-16  
-2.0901210e-16  7.8313575e-16  1.0000000   -1.7992072e-15  -9.9496311e-16  6.3608109e-16  -1.2997610e-15  1.6430872e-15  6.5037646e-16  9.9621917e-16  
-2.7672885e-16  -5.3217120e-16  -1.8578736e-15  1.0000000   9.1894989e-16  2.4262539e-16  6.9225951e-16  2.0738657e-16  -2.5921643e-16  2.5580734e-16  
-1.0109285e-16  -1.6958680e-16  -2.0744004e-16  8.8570410e-16  1.0000000   3.4140510e-16  1.4282183e-15  -1.5759677e-16  -1.3269415e-15  -1.1145056e-15  
-3.0862281e-16  -5.3256011e-16  6.3611497e-16  2.4262602e-16  3.4168631e-16  1.0000000   3.8814438e-16  -2.8209585e-16  1.3660947e-16  -1.5265567e-16  
-1.3768174e-16  1.2887098e-16  -1.2981127e-15  6.9254981e-16  1.4284334e-15  3.9085488e-16  1.0000000   -1.7484062e-16  3.1298748e-15  -1.5699247e-16  
-3.1272630e-16  -1.4963049e-17  1.6874362e-15  1.6267416e-16  -3.6074273e-16  -2.8153003e-16  -1.7046157e-16  1.0000000   2.4282825e-16  2.6915319e-16  
-1.7021381e-16  3.5356510e-16  6.4927659e-16  -2.5920702e-16  -1.3268720e-15  1.3660947e-16  3.1114163e-15  2.4557349e-16  1.0000000   2.8796410e-16  
-2.8525359e-16  -2.2811614e-16  9.9554154e-16  2.5580310e-16  -1.1135841e-15  -1.3877788e-16  -1.5439039e-16  2.6934292e-16  2.8449465e-16  1.0000000   
