1.0000000   9.9788518e-16  -1.3300491e-16  -3.1792486e-16  -1.4680981e-16  -7.7964566e-17  1.4919888e-16  4.9770411e-17  1.4246722e-16  2.3463657e-17  
9.9788454e-16  1.0000000   5.0062355e-08  1.0824264e-08  -1.7249828e-08  3.6150761e-08  1.6177164e-07  1.5018145e-07  2.4925782e-07  -9.5676191e-08  
-1.3301238e-16  5.0062355e-08  1.0000009   8.0030854e-07  2.8753842e-07  -3.9202958e-07  -3.6864290e-08  -3.3077408e-08  -3.3757043e-08  -1.4537636e-08  
-3.1793109e-16  1.0824264e-08  8.0030854e-07  0.99999863  -2.2646100e-07  1.2285868e-07  3.4520104e-08  5.5514817e-08  6.1114395e-08  2.8931553e-08  
-1.4681914e-16  -1.7249828e-08  2.8753842e-07  -2.2646100e-07  0.99999933  3.0590512e-08  4.5764324e-08  -2.9773716e-08  6.0067334e-09  2.6792540e-08  
-7.7959061e-17  3.6150761e-08  -3.9202958e-07  1.2285868e-07  3.0590512e-08  1.0000001   4.7321477e-08  -2.2545234e-08  -2.4599330e-08  8.4490690e-09  
1.4918539e-16  1.6177164e-07  -3.6864290e-08  3.4520104e-08  4.5764324e-08  4.7321477e-08  1.0000006   2.5291783e-07  -2.7771769e-07  -1.3581380e-08  
4.9778343e-17  1.5018145e-07  -3.3077408e-08  5.5514817e-08  -2.9773716e-08  -2.2545234e-08  2.5291783e-07  1.0000018   4.3613701e-07  1.3420421e-07  
1.4247123e-16  2.4925782e-07  -3.3757043e-08  6.1114395e-08  6.0067334e-09  -2.4599330e-08  -2.7771769e-07  4.3613701e-07  0.99999980  1.9327291e-07  
2.3459346e-17  -9.5676190e-08  -1.4537636e-08  2.8931553e-08  2.6792540e-08  8.4490690e-09  -1.3581380e-08  1.3420421e-07  1.9327291e-07  0.99999904  
