1.0000000   -1.1594369e-16  -3.0364861e-16  -2.0617404e-16  3.7274167e-16  4.9256488e-16  2.1308276e-16  1.2562232e-16  6.8726166e-17  -1.9971686e-17  
-1.1594642e-16  1.0000000   2.1686238e-08  -1.5592954e-09  5.5642093e-09  9.5514605e-09  -2.0301183e-07  8.4741521e-08  -1.3338940e-07  2.9711088e-08  
-3.0365706e-16  2.1686238e-08  1.0000013   -8.7665515e-08  4.2749328e-07  1.3494102e-07  5.9492007e-08  -2.9173580e-08  -8.1630183e-08  5.8185947e-09  
-2.0617513e-16  -1.5592954e-09  -8.7665515e-08  0.99999856  8.5146677e-07  8.7067642e-07  5.0556851e-08  9.8888912e-10  5.6760793e-08  -2.4114249e-09  
3.7273651e-16  5.5642093e-09  4.2749328e-07  8.5146677e-07  0.99999926  1.1640968e-07  -1.6690146e-08  -3.4619864e-08  2.2117136e-08  3.1148870e-08  
4.9255590e-16  9.5514605e-09  1.3494102e-07  8.7067642e-07  1.1640968e-07  1.0000022   4.2639146e-08  -9.3831463e-09  9.8796440e-08  -1.1511920e-08  
2.1309245e-16  -2.0301183e-07  5.9492007e-08  5.0556851e-08  -1.6690146e-08  4.2639146e-08  0.99999968  5.0773151e-07  2.4155862e-07  -2.2774615e-07  
1.2563735e-16  8.4741521e-08  -2.9173580e-08  9.8888912e-10  -3.4619864e-08  -9.3831463e-09  5.0773151e-07  0.99999870  7.8874546e-08  -9.0041096e-07  
6.8740436e-17  -1.3338940e-07  -8.1630183e-08  5.6760793e-08  2.2117136e-08  9.8796440e-08  2.4155862e-07  7.8874546e-08  0.99999978  6.8677535e-08  
-1.9972519e-17  2.9711088e-08  5.8185947e-09  -2.4114249e-09  3.1148870e-08  -1.1511920e-08  -2.2774615e-07  -9.0041096e-07  6.8677535e-08  1.0000001   
