1.0000000   8.7572956e-17  1.7423658e-16  -1.3612631e-16  -5.5435580e-16  -1.8009424e-16  -4.0556110e-17  2.3762229e-16  -1.2521212e-17  2.4291296e-16  
8.7572236e-17  1.0000000   6.4799902e-16  -1.9942427e-16  -1.7084730e-15  1.2273169e-16  -2.5378801e-16  -5.5980341e-17  -6.2413453e-16  -1.3834420e-16  
1.7426179e-16  6.4805524e-16  1.0000000   -1.2042019e-15  -5.0942730e-14  -2.6570848e-15  -1.0708699e-15  1.2239306e-14  1.8466894e-15  -5.2247194e-16  
-1.3612998e-16  -1.9936318e-16  -1.0945926e-15  1.0000000   9.9997588e-16  2.2006594e-16  5.6966227e-16  -5.6902871e-16  -9.1929333e-16  -3.4320420e-16  
-5.5437471e-16  -1.7090059e-15  -4.0541864e-14  6.7544197e-16  1.0000000   2.8961573e-15  -1.3675642e-15  -1.4932408e-14  -1.1415973e-15  3.0302095e-16  
-1.8006608e-16  1.2349063e-16  -2.6568374e-15  2.1993719e-16  2.8958091e-15  1.0000000   -4.0332321e-17  -9.1761536e-16  -2.6367797e-16  -3.6082248e-16  
-4.0550316e-17  -2.5295792e-16  -1.0740892e-15  5.7022046e-16  -1.3523690e-15  -4.6403853e-17  1.0000000   3.0432756e-16  1.4374352e-15  -2.5673907e-16  
2.3763044e-16  -5.5945732e-17  1.1395625e-14  -4.3160698e-16  -1.6473260e-14  -9.1771022e-16  3.0579329e-16  1.0000000   3.9246425e-17  -5.3031039e-17  
-1.2531555e-17  -6.2360598e-16  1.8506713e-15  -9.1946189e-16  -1.1534988e-15  -2.5934116e-16  1.4718044e-15  4.0574255e-17  1.0000000   2.4286129e-17  
2.4291126e-16  -1.3791052e-16  -5.2276163e-16  -3.4317709e-16  3.0327845e-16  -4.1633363e-16  -2.7235159e-16  -5.3108966e-17  2.0816682e-17  1.0000000   
