1.0000000   -6.2311899e-17  -1.9904373e-18  -1.4678690e-16  -3.5628988e-16  -8.7401095e-18  -2.8042635e-16  2.0832011e-16  1.9137714e-16  -1.0567244e-16  
-6.2310354e-17  1.0000000   4.8727582e-17  4.8530488e-16  -1.1154175e-16  -5.1266500e-16  -6.2550334e-16  -1.5130105e-16  4.9546684e-16  -5.1304447e-16  
-1.9610732e-18  5.0374108e-17  1.0000000   -3.7125118e-16  -3.7808846e-15  -2.8547721e-16  -4.5144755e-15  -1.0473400e-16  4.3480166e-15  1.7211709e-16  
-1.4678808e-16  4.8514151e-16  -3.6849888e-16  1.0000000   -1.9760710e-16  -3.7155608e-16  -1.1181750e-15  -9.0625813e-16  9.9368823e-16  3.3458479e-16  
-3.5635049e-16  -1.1241885e-16  -3.8037353e-15  -2.0277802e-16  1.0000000   2.3935457e-16  5.0676897e-15  -3.3984560e-16  -4.1783144e-15  -3.8754807e-16  
-8.7269805e-18  -5.0762346e-16  -2.8574148e-16  -3.7148832e-16  2.3981874e-16  1.0000000   1.0191500e-15  5.3226873e-16  -8.4047352e-16  -1.1102230e-16  
-2.8045293e-16  -6.2813930e-16  -4.5029347e-15  -1.1211290e-15  5.0455231e-15  9.6624098e-16  1.0000000   -2.2327498e-15  3.8420059e-14  -1.1613974e-15  
2.0832084e-16  -1.5129872e-16  -9.5985588e-17  -9.8721118e-16  -2.6045057e-16  5.3220774e-16  -2.2303411e-15  1.0000000   2.4062580e-15  -3.1712914e-17  
1.9138626e-16  4.9789952e-16  4.3359896e-15  9.9507525e-16  -4.1568722e-15  -8.8015532e-16  3.7876657e-14  2.4083688e-15  1.0000000   1.7364582e-15  
-1.0568091e-16  -5.1261079e-16  1.7195446e-16  3.3474742e-16  -3.8754807e-16  -2.7755576e-17  -1.2004286e-15  -3.1821334e-17  1.7763568e-15  1.0000000   
