1.0000000   -4.0241950e-16  4.6265062e-17  9.6760351e-16  5.6563164e-16  4.1032834e-16  -5.3831104e-16  -2.3723236e-16  -6.3435639e-16  -6.8161422e-16  
-4.0242052e-16  0.99999996  2.1136175e-08  -6.3548243e-10  4.4371423e-08  5.4125958e-08  -2.6266291e-07  2.2809553e-08  1.1551737e-07  2.0796484e-07  
4.6266330e-17  2.1136175e-08  0.99999894  -1.3977149e-07  -7.1479206e-07  4.1413744e-09  -7.8050959e-09  -3.2148248e-07  1.8224333e-08  -2.3054188e-08  
9.6760693e-16  -6.3548243e-10  -1.3977149e-07  1.0000001   -1.9845262e-07  2.0698122e-08  1.0581144e-08  -2.3824627e-07  -7.6442588e-08  5.6756012e-08  
5.6562932e-16  4.4371423e-08  -7.1479206e-07  -1.9845262e-07  0.99999975  -6.8299411e-09  1.0613279e-08  2.3903539e-09  -3.7266837e-08  1.6264596e-08  
4.1032490e-16  5.4125959e-08  4.1413744e-09  2.0698122e-08  -6.8299411e-09  1.0000014   2.9278272e-07  1.8691262e-09  -1.0130937e-07  -2.3029830e-07  
-5.3830499e-16  -2.6266291e-07  -7.8050959e-09  1.0581144e-08  1.0613279e-08  2.9278272e-07  1.0000004   -8.7301588e-09  4.9653152e-08  8.1921961e-09  
-2.3723140e-16  2.2809553e-08  -3.2148248e-07  -2.3824627e-07  2.3903540e-09  1.8691262e-09  -8.7301588e-09  1.0000008   6.0587053e-08  -7.9937492e-08  
-6.3434694e-16  1.1551737e-07  1.8224333e-08  -7.6442588e-08  -3.7266837e-08  -1.0130937e-07  4.9653152e-08  6.0587053e-08  0.99999883  -1.7602353e-07  
-6.8160228e-16  2.0796484e-07  -2.3054188e-08  5.6756012e-08  1.6264596e-08  -2.3029830e-07  8.1921961e-09  -7.9937492e-08  -1.7602353e-07  1.0000002   
