1.0000000   -1.5223563e-16  -2.7960956e-16  -2.3983910e-16  -1.5857035e-16  -3.5117795e-17  4.1516034e-16  -2.7303565e-18  4.4714556e-16  1.7623845e-17  
-1.5223455e-16  1.0000000   -7.7743374e-09  -4.9431633e-09  -1.8477551e-08  -3.4494438e-09  4.6762380e-08  7.3905064e-08  7.8762137e-08  -2.0707239e-07  
-2.7960209e-16  -7.7743374e-09  0.99999995  -4.4889270e-08  8.9353922e-07  8.9473751e-08  3.3391288e-08  -1.1728561e-08  -5.6892474e-10  2.9807284e-09  
-2.3983837e-16  -4.9431633e-09  -4.4889270e-08  1.0000003   4.3134824e-07  3.0332092e-07  -1.3650700e-08  5.2301553e-09  -1.7338269e-09  3.0720328e-09  
-1.5856138e-16  -1.8477551e-08  8.9353922e-07  4.3134824e-07  0.99999883  4.9499623e-07  2.5185223e-08  -4.0235082e-08  5.7997308e-08  -2.8135336e-08  
-3.5113030e-17  -3.4494438e-09  8.9473751e-08  3.0332092e-07  4.9499623e-07  1.0000005   -4.6957358e-08  1.8049588e-08  7.1320823e-09  3.5594648e-08  
4.1514779e-16  4.6762380e-08  3.3391288e-08  -1.3650700e-08  2.5185223e-08  -4.6957358e-08  1.0000000   2.6570182e-07  2.7542429e-07  2.6272057e-07  
-2.7298188e-18  7.3905064e-08  -1.1728561e-08  5.2301552e-09  -4.0235082e-08  1.8049588e-08  2.6570182e-07  1.0000010   9.5960935e-08  -3.9137568e-07  
4.4713665e-16  7.8762137e-08  -5.6892474e-10  -1.7338269e-09  5.7997308e-08  7.1320823e-09  2.7542429e-07  9.5960935e-08  0.99999995  5.4243390e-07  
1.7626175e-17  -2.0707239e-07  2.9807284e-09  3.0720328e-09  -2.8135336e-08  3.5594648e-08  2.6272057e-07  -3.9137568e-07  5.4243390e-07  0.99999931  
