1.0000000   3.4518185e-16  1.0153169e-16  -2.1886265e-16  -1.7158768e-16  2.9640890e-16  2.1559962e-16  -1.9120617e-16  -1.6191200e-17  -1.4729645e-16  
3.4518989e-16  1.0000001   1.4557710e-08  -1.2113264e-08  1.4088444e-08  -1.2616705e-08  -9.1078076e-08  1.4831435e-07  -2.3731420e-08  -2.3596605e-07  
1.0153048e-16  1.4557710e-08  0.99999970  2.3269111e-07  3.7094074e-08  4.8593229e-07  1.6341391e-08  -2.2922830e-08  7.8824134e-09  3.5667052e-09  
-2.1885956e-16  -1.2113264e-08  2.3269111e-07  1.0000007   1.6088855e-07  -3.5189530e-07  6.0138605e-08  -3.6199252e-08  -2.2792750e-08  3.3169572e-08  
-1.7159506e-16  1.4088444e-08  3.7094074e-08  1.6088855e-07  1.0000002   -2.5011728e-07  -1.1641300e-08  1.9784737e-08  -3.5026256e-08  4.2397930e-08  
2.9640565e-16  -1.2616705e-08  4.8593229e-07  -3.5189530e-07  -2.5011728e-07  1.0000005   1.2082560e-08  -1.0332078e-07  -2.7164458e-08  -4.0792619e-09  
2.1559932e-16  -9.1078076e-08  1.6341391e-08  6.0138605e-08  -1.1641300e-08  1.2082560e-08  1.0000004   -4.5148257e-08  4.3497118e-07  -3.0678901e-07  
-1.9119850e-16  1.4831435e-07  -2.2922830e-08  -3.6199252e-08  1.9784737e-08  -1.0332078e-07  -4.5148258e-08  0.99999856  1.2787994e-07  1.5875527e-07  
-1.6189942e-17  -2.3731420e-08  7.8824134e-09  -2.2792750e-08  -3.5026256e-08  -2.7164458e-08  4.3497118e-07  1.2787994e-07  0.99999956  9.5245735e-08  
-1.4730213e-16  -2.3596605e-07  3.5667052e-09  3.3169572e-08  4.2397930e-08  -4.0792619e-09  -3.0678901e-07  1.5875527e-07  9.5245735e-08  1.0000003   
