1.0000000   -2.2873970e-17  5.2719616e-17  -1.3002485e-16  1.6649551e-16  3.7715732e-16  -2.1303066e-16  9.8288849e-17  -8.5157349e-17  -1.4053414e-16  
-2.2889548e-17  0.99999995  -5.8454532e-08  2.3879157e-08  2.3476621e-08  4.4750729e-08  -1.5418029e-09  -1.1230414e-08  2.7086191e-07  -6.8071025e-08  
5.2710358e-17  -5.8454532e-08  1.0000003   3.6668216e-07  -1.7705142e-08  1.8891872e-08  3.1698897e-08  2.9252439e-07  3.0615230e-08  2.3310671e-08  
-1.3002619e-16  2.3879157e-08  3.6668216e-07  0.99999943  4.3670248e-07  2.3845275e-08  -4.7652380e-10  4.2574412e-08  2.6755438e-08  -2.5569263e-08  
1.6650747e-16  2.3476621e-08  -1.7705142e-08  4.3670248e-07  1.0000003   -7.4922560e-09  4.5699542e-09  -9.2001563e-07  2.1404546e-08  -7.4235702e-09  
3.7715249e-16  4.4750729e-08  1.8891872e-08  2.3845275e-08  -7.4922560e-09  0.99999983  -1.7957230e-07  -1.8115410e-09  8.3545024e-08  4.8094011e-07  
-2.1302795e-16  -1.5418029e-09  3.1698897e-08  -4.7652380e-10  4.5699542e-09  -1.7957230e-07  1.0000010   -5.6373107e-09  -3.9552315e-08  -4.0047070e-07  
9.8311378e-17  -1.1230414e-08  2.9252439e-07  4.2574412e-08  -9.2001563e-07  -1.8115410e-09  -5.6373107e-09  1.0000001   1.2017644e-08  2.5727104e-08  
-8.5158879e-17  2.7086191e-07  3.0615230e-08  2.6755438e-08  2.1404546e-08  8.3545024e-08  -3.9552315e-08  1.2017644e-08  0.99999943  1.6748887e-07  
-1.4053724e-16  -6.8071025e-08  2.3310671e-08  -2.5569263e-08  -7.4235702e-09  4.8094011e-07  -4.0047070e-07  2.5727104e-08  1.6748887e-07  0.99999957  
