1.0000000   -4.4257465e-18  -5.0327042e-16  -1.7909812e-16  -2.4307152e-20  -2.6064208e-16  7.5709811e-17  -5.5914625e-16  -1.0354267e-17  3.4903999e-16  
-4.4357106e-18  0.99999993  -4.6655789e-09  -5.9539261e-09  2.6606107e-08  8.4309493e-09  -2.1608922e-07  -2.2403071e-07  -1.8993605e-07  5.9487067e-09  
-5.0326669e-16  -4.6655789e-09  0.99999954  -2.8749507e-07  2.3184963e-07  1.1157417e-08  1.5930437e-09  8.4560260e-09  -2.1625184e-08  -1.8309335e-09  
-1.7909655e-16  -5.9539261e-09  -2.8749507e-07  1.0000003   -4.9447796e-07  1.2665617e-07  -2.2923321e-08  2.7083308e-08  3.6565518e-08  -2.6062238e-08  
-3.0355117e-20  2.6606107e-08  2.3184963e-07  -4.9447796e-07  1.0000008   -4.3117236e-07  -1.5440427e-08  -5.3202342e-08  -6.7687624e-10  -6.7575418e-08  
-2.6064217e-16  8.4309493e-09  1.1157417e-08  1.2665617e-07  -4.3117236e-07  1.0000002   2.3924268e-08  -4.0244371e-08  -7.2298922e-09  -3.1014845e-09  
7.5714058e-17  -2.1608922e-07  1.5930437e-09  -2.2923321e-08  -1.5440427e-08  2.3924268e-08  0.99999963  1.0416957e-07  1.5295989e-07  6.4800209e-07  
-5.5914263e-16  -2.2403071e-07  8.4560260e-09  2.7083308e-08  -5.3202342e-08  -4.0244371e-08  1.0416957e-07  0.99999984  -1.5391475e-07  5.4913113e-07  
-1.0353032e-17  -1.8993605e-07  -2.1625184e-08  3.6565518e-08  -6.7687624e-10  -7.2298922e-09  1.5295989e-07  -1.5391475e-07  1.0000005   -8.5478278e-08  
3.4904122e-16  5.9487067e-09  -1.8309335e-09  -2.6062238e-08  -6.7575418e-08  -3.1014845e-09  6.4800209e-07  5.4913113e-07  -8.5478278e-08  0.99999975  
