1.0000940   -9.7851266e-06  7.0686904e-05  1.8238449e-05  -2.3947192e-05  -3.8485396e-05  1.8214538e-05  7.0023935e-05  -5.7609571e-05  3.5011570e-05  
-9.7851266e-06  1.0001647   7.3526162e-05  -4.0731504e-05  7.9335398e-05  -2.6661640e-05  1.3820842e-05  1.7635136e-05  1.3648726e-05  1.2896744e-05  
7.0686904e-05  7.3526162e-05  1.0001613   -8.0554523e-06  1.7348469e-05  -1.8515677e-05  -1.3213571e-05  -7.3543651e-05  -2.3968635e-06  -7.9032287e-06  
1.8238449e-05  -4.0731504e-05  -8.0554523e-06  1.0001268   3.9214331e-05  1.7467505e-05  -7.3364691e-06  -2.9907854e-05  7.3545151e-06  6.7435118e-06  
-2.3947192e-05  7.9335398e-05  1.7348469e-05  3.9214331e-05  1.0001786   -1.1126733e-05  1.1868465e-05  4.3492913e-05  5.7187303e-06  -6.4858953e-07  
-3.8485396e-05  -2.6661640e-05  -1.8515677e-05  1.7467505e-05  -1.1126733e-05  1.0000486   5.0406736e-05  1.0336144e-05  5.3370249e-05  7.1418184e-05  
1.8214538e-05  1.3820842e-05  -1.3213571e-05  -7.3364691e-06  1.1868465e-05  5.0406736e-05  1.0000894   -3.8259358e-05  4.7667692e-05  6.4039261e-06  
7.0023935e-05  1.7635136e-05  -7.3543651e-05  -2.9907854e-05  4.3492913e-05  1.0336144e-05  -3.8259358e-05  1.0000210   2.6562932e-05  -6.2413755e-07  
-5.7609571e-05  1.3648726e-05  -2.3968635e-06  7.3545151e-06  5.7187303e-06  5.3370249e-05  4.7667692e-05  2.6562932e-05  1.0001024   4.1820166e-05  
3.5011570e-05  1.2896744e-05  -7.9032287e-06  6.7435118e-06  -6.4858953e-07  7.1418184e-05  6.4039261e-06  -6.2413755e-07  4.1820166e-05  1.0001421   
