1.0000000   9.7408614e-16  -1.5747994e-17  1.3143939e-16  9.4119677e-16  1.4449744e-16  3.1504977e-16  -5.4044978e-16  2.8205988e-16  -1.9269165e-16  
9.7408888e-16  0.99999997  -3.0830473e-08  -1.4556694e-08  -4.4837049e-08  3.8591592e-08  -8.0472842e-08  -4.2498914e-09  1.8053020e-08  -1.5780508e-07  
-1.5763780e-17  -3.0830473e-08  0.99999951  2.9264503e-07  -4.3590813e-07  -1.2338664e-07  -1.3071539e-09  -5.2133112e-08  -9.2259951e-11  -1.4930506e-08  
1.3142274e-16  -1.4556694e-08  2.9264503e-07  0.99999990  1.0438639e-07  -1.2127654e-07  2.1551089e-09  9.3874107e-09  1.1352643e-08  7.9596436e-08  
9.4117326e-16  -4.4837049e-08  -4.3590813e-07  1.0438639e-07  1.0000000   -4.8285685e-07  -1.6078635e-09  2.7271490e-08  3.7178881e-08  1.4152557e-08  
1.4446321e-16  3.8591592e-08  -1.2338664e-07  -1.2127654e-07  -4.8285685e-07  1.0000014   -4.6840755e-08  -1.3727909e-08  -4.4654907e-08  2.2498855e-08  
3.1507584e-16  -8.0472842e-08  -1.3071539e-09  2.1551089e-09  -1.6078635e-09  -4.6840755e-08  0.99999971  -4.8216328e-07  -1.8878291e-07  3.6281684e-07  
-5.4043983e-16  -4.2498913e-09  -5.2133112e-08  9.3874107e-09  2.7271490e-08  -1.3727909e-08  -4.8216328e-07  0.99999922  -3.1617335e-07  8.7374799e-08  
2.8204556e-16  1.8053020e-08  -9.2259949e-11  1.1352643e-08  3.7178881e-08  -4.4654907e-08  -1.8878291e-07  -3.1617335e-07  0.99999994  -1.0434991e-08  
-1.9269776e-16  -1.5780508e-07  -1.4930506e-08  7.9596436e-08  1.4152557e-08  2.2498855e-08  3.6281684e-07  8.7374799e-08  -1.0434991e-08  0.99999999  
