1.0000000   3.7963292e-16  -1.8826403e-16  -3.9482661e-16  5.9559268e-16  -5.1617899e-16  -1.4650132e-16  2.0926266e-16  -2.1992964e-17  -7.8561675e-16  
3.7964123e-16  1.0000003   -2.4791635e-08  1.1146269e-08  -2.5549706e-08  6.4121403e-07  2.4118259e-10  -7.1069009e-09  -2.2195095e-08  1.2780577e-07  
-1.8827068e-16  -2.4791635e-08  0.99999998  -4.3601076e-08  -3.9508134e-07  4.1100960e-09  2.0368547e-08  -1.8256461e-07  2.5190678e-08  2.0158367e-08  
-3.9482652e-16  1.1146269e-08  -4.3601076e-08  0.99999959  3.4159721e-08  2.0473090e-09  3.0066653e-09  -4.6348103e-07  -1.1828894e-09  -3.3198225e-08  
5.9559282e-16  -2.5549706e-08  -3.9508134e-07  3.4159721e-08  0.99999961  1.9111268e-08  1.4698111e-09  2.7150929e-07  -3.2940096e-08  -4.7172841e-09  
-5.1617900e-16  6.4121403e-07  4.1100960e-09  2.0473090e-09  1.9111268e-08  1.0000003   -3.2543905e-08  1.6919223e-08  7.0541360e-08  3.1007637e-07  
-1.4651194e-16  2.4118258e-10  2.0368547e-08  3.0066653e-09  1.4698111e-09  -3.2543905e-08  0.99999981  3.2798676e-08  2.0140304e-07  5.9883378e-08  
2.0926208e-16  -7.1069009e-09  -1.8256461e-07  -4.6348103e-07  2.7150929e-07  1.6919223e-08  3.2798676e-08  1.0000006   -4.8926756e-09  -1.1112538e-08  
-2.1986765e-17  -2.2195095e-08  2.5190678e-08  -1.1828894e-09  -3.2940096e-08  7.0541360e-08  2.0140304e-07  -4.8926756e-09  1.0000000   -3.6560590e-08  
-7.8561660e-16  1.2780577e-07  2.0158367e-08  -3.3198225e-08  -4.7172841e-09  3.1007637e-07  5.9883378e-08  -1.1112538e-08  -3.6560590e-08  1.0000000   
