1.0000000   -1.0650989e-17  -2.6780613e-18  1.6250047e-17  7.9969282e-18  3.6103932e-17  4.8285113e-18  3.4515815e-18  -6.6746461e-18  9.2936455e-18  
-1.0651982e-17  1.0000000   -1.5352090e-15  -1.5100357e-16  3.5972256e-16  3.9324013e-16  3.0764237e-17  -5.0320385e-16  6.5999621e-16  9.7404723e-16  
-2.6814024e-18  -1.5375249e-15  1.0000000   -9.5676782e-16  -3.8476092e-15  4.7924616e-16  -5.4104230e-16  5.2015595e-16  1.1227466e-15  -6.9628819e-16  
1.6251210e-17  -1.5131354e-16  -8.6064034e-16  1.0000000   -4.1364901e-16  -3.0905395e-16  -2.6111908e-17  -5.6273383e-16  3.7040679e-16  -4.1278626e-16  
8.0003426e-18  3.5946189e-16  -3.2786755e-15  -3.1372164e-16  1.0000000   -3.8577842e-16  5.1813629e-16  -4.6543754e-16  -1.3208961e-15  5.8307646e-16  
3.6119602e-17  3.2807958e-16  4.7867865e-16  -3.0913187e-16  -3.8518315e-16  1.0000000   6.6960326e-16  -2.1684043e-16  8.9099735e-16  -7.4940054e-16  
4.8194057e-18  3.2417645e-17  -5.3942446e-16  -2.6977576e-17  5.1860609e-16  7.8062556e-16  1.0000000   -1.7444813e-16  -4.0111144e-15  1.1102230e-16  
3.4543782e-18  -5.0293704e-16  1.7399458e-16  -5.0135868e-16  -2.6180185e-16  -2.1766714e-16  -1.5627673e-16  1.0000000   5.3782611e-16  -4.1297261e-16  
-6.6729256e-18  6.6098385e-16  1.1184037e-15  3.7195737e-16  -1.3154591e-15  7.5460471e-16  -3.1537273e-15  5.4113208e-16  1.0000000   5.3429483e-16  
9.3004218e-18  9.8619030e-16  -6.9646437e-16  -4.1272527e-16  5.8332787e-16  -8.3266727e-16  2.2204460e-16  -4.1286419e-16  4.6490589e-16  1.0000000   
