1.0000000   6.8219682e-16  -1.1153500e-16  1.4009745e-17  1.8430543e-16  -5.3542162e-17  -3.5101711e-16  3.1469124e-16  -2.7284935e-17  -1.8403654e-16  
6.8219785e-16  1.0000000   2.9017364e-16  -1.3040705e-16  3.6075119e-16  -8.0446340e-17  -1.1925210e-16  1.6916311e-17  4.6724840e-17  -3.1364952e-16  
-1.1153290e-16  2.9385791e-16  1.0000000   2.0569901e-16  2.6290124e-18  1.8730795e-16  -2.2492860e-17  -7.0857620e-17  3.0016218e-17  1.8359121e-16  
1.4017009e-17  -1.2563900e-16  2.4712234e-16  1.0000000   5.6979125e-16  8.7973044e-17  2.5825210e-16  1.9822169e-16  -1.3828748e-16  3.9291402e-16  
1.8430678e-16  3.6574195e-16  -6.0076712e-17  5.2235231e-16  1.0000000   2.2003402e-16  -1.7840873e-16  8.4923496e-16  -1.8907803e-16  6.1356440e-17  
-5.3548899e-17  -8.2179662e-17  1.7950097e-16  1.0098587e-16  2.1873316e-16  1.0000000   1.4671688e-16  4.0663898e-16  -2.0161726e-16  1.1674147e-16  
-3.5101328e-16  -1.2142091e-16  -9.9184897e-18  2.6281652e-16  -1.9174662e-16  1.3283887e-16  1.0000000   -3.5688963e-16  2.0547644e-16  -1.4102421e-16  
3.1469228e-16  1.5937768e-17  -1.8331418e-17  1.3876249e-16  8.4521833e-16  4.1656330e-16  -3.4181427e-16  1.0000000   -2.5077826e-16  -7.2985441e-16  
-2.7297456e-17  4.4125182e-17  2.6760804e-17  -1.3003617e-16  -1.8344144e-16  -2.0161864e-16  1.6210283e-16  -2.5463179e-16  1.0000000   1.6019828e-16  
-1.8403654e-16  -3.2753239e-16  1.8359079e-16  3.9638389e-16  6.3091203e-17  6.1216765e-17  -1.2714388e-16  -7.2801127e-16  1.4631922e-16  1.0000000   
