1.0000000   3.2005651e-16  4.4087915e-16  -4.4988251e-17  -2.3964768e-16  9.7773312e-17  5.0429348e-17  -4.5441563e-16  2.1681579e-16  -2.3893450e-16  
3.2005864e-16  1.0000002   4.6628859e-09  -2.1168592e-08  3.0643388e-08  -3.3913224e-07  1.1897888e-07  1.1175808e-08  -4.5518865e-08  2.6461460e-08  
4.4088468e-16  4.6628859e-09  0.99999902  3.3383409e-07  -2.6409040e-07  2.9299272e-08  1.6647849e-07  1.6182758e-07  -3.2689801e-09  6.6323716e-09  
-4.4991393e-17  -2.1168592e-08  3.3383409e-07  1.0000001   1.2342557e-07  -1.4439521e-08  -1.8997779e-08  -9.1048110e-08  -1.3996336e-08  2.2818118e-08  
-2.3963648e-16  3.0643388e-08  -2.6409040e-07  1.2342557e-07  1.0000006   2.6519875e-08  3.8662379e-08  -6.5977230e-07  -6.2251266e-08  7.2871407e-09  
9.7770280e-17  -3.3913224e-07  2.9299272e-08  -1.4439521e-08  2.6519875e-08  1.0000008   -1.3641983e-07  -5.0560985e-08  -2.2671234e-07  7.1626055e-08  
5.0437235e-17  1.1897888e-07  1.6647849e-07  -1.8997779e-08  3.8662379e-08  -1.3641983e-07  1.0000007   2.6254220e-08  -1.7413240e-07  9.8214101e-08  
-4.5441556e-16  1.1175808e-08  1.6182758e-07  -9.1048110e-08  -6.5977230e-07  -5.0560985e-08  2.6254220e-08  0.99999823  -1.4621913e-07  1.1810868e-07  
2.1681138e-16  -4.5518865e-08  -3.2689801e-09  -1.3996336e-08  -6.2251266e-08  -2.2671234e-07  -1.7413240e-07  -1.4621913e-07  0.99999930  -2.5918635e-08  
-2.3893675e-16  2.6461460e-08  6.6323716e-09  2.2818118e-08  7.2871407e-09  7.1626055e-08  9.8214101e-08  1.1810868e-07  -2.5918635e-08  0.99999985  
