1.0000000   4.4703535e-16  -2.4917295e-16  -3.1316360e-16  -1.3624672e-16  -4.7993134e-17  -3.5672236e-16  -1.9662744e-16  2.0158608e-16  -5.1967932e-18  
4.4703357e-16  0.99999976  -2.5966874e-08  6.7265134e-08  -5.0211877e-08  2.7948713e-09  -3.3224902e-08  -3.8127781e-07  2.3704815e-08  2.4575351e-07  
-2.4917229e-16  -2.5966874e-08  1.0000003   3.8927945e-08  -3.6625698e-07  5.3596083e-07  2.7900671e-08  -3.1945572e-08  1.6185697e-08  2.2569883e-08  
-3.1316156e-16  6.7265134e-08  3.8927945e-08  0.99999983  2.9557446e-07  -1.0788816e-07  -9.6889067e-09  4.2276325e-08  2.1402844e-10  -1.9486643e-08  
-1.3624811e-16  -5.0211877e-08  -3.6625698e-07  2.9557446e-07  0.99999863  6.8585889e-08  6.9473159e-09  3.5215393e-08  -1.4384670e-08  -9.1075698e-09  
-4.7993057e-17  2.7948713e-09  5.3596083e-07  -1.0788816e-07  6.8585889e-08  1.0000011   2.9608590e-08  -2.7431242e-08  -8.3077909e-10  -1.4300364e-09  
-3.5672142e-16  -3.3224902e-08  2.7900671e-08  -9.6889067e-09  6.9473159e-09  2.9608590e-08  0.99999996  5.2261526e-08  6.1116406e-08  1.4943397e-08  
-1.9663114e-16  -3.8127781e-07  -3.1945572e-08  4.2276325e-08  3.5215393e-08  -2.7431242e-08  5.2261526e-08  1.0000012   2.8845615e-08  2.8124961e-07  
2.0158296e-16  2.3704815e-08  1.6185697e-08  2.1402844e-10  -1.4384670e-08  -8.3077909e-10  6.1116406e-08  2.8845615e-08  0.99999983  -2.5716604e-08  
-5.1936302e-18  2.4575351e-07  2.2569883e-08  -1.9486643e-08  -9.1075698e-09  -1.4300364e-09  1.4943397e-08  2.8124961e-07  -2.5716604e-08  0.99999945  
