1.0000000   2.3707595e-18  -7.4567512e-17  1.7457949e-16  -6.3774118e-17  -2.5929948e-16  -1.7038858e-16  1.7014550e-17  -1.0106939e-16  -4.2548837e-16  
2.3828989e-18  1.0000000   -4.4112818e-17  -6.2362341e-17  9.2865298e-17  -2.5861704e-16  -1.2041057e-17  7.0050819e-17  -2.1672470e-16  1.1975521e-16  
-7.4574782e-17  -4.9161493e-17  1.0000000   -1.2059560e-16  6.4041049e-16  -1.5919517e-16  4.3814099e-18  5.8739884e-16  1.4701134e-16  9.8303256e-17  
1.7458452e-16  -6.4242211e-17  -7.0500326e-17  1.0000000   3.9934304e-16  2.8348057e-16  -2.9718660e-17  1.9483458e-16  1.6151572e-16  2.1091998e-16  
-6.3780936e-17  9.9911124e-17  4.0542201e-16  4.1585398e-16  1.0000000   -1.3529790e-16  -1.7325422e-16  2.9960008e-17  5.9629255e-17  -2.1757164e-16  
-2.5930257e-16  -2.7249928e-16  -1.6613199e-16  2.8392619e-16  -1.3053968e-16  1.0000000   1.0788447e-16  3.4300540e-16  -1.6555381e-17  -5.5660229e-17  
-1.7039521e-16  -3.8934352e-17  5.2544464e-18  -2.8961123e-17  -1.6957098e-16  -3.1324998e-18  1.0000000   6.4946685e-17  -3.1275057e-16  3.6815440e-17  
1.7002898e-17  7.0697214e-17  6.1651116e-16  1.7329280e-16  4.1527223e-17  3.4474188e-16  6.5818145e-17  1.0000000   2.7293267e-16  3.4225552e-16  
-1.0107427e-16  -2.1499295e-16  1.5134979e-16  1.6021556e-16  4.1519621e-17  3.8950094e-17  -3.1968737e-16  2.7900663e-16  1.0000000   6.9159986e-16  
-4.2549514e-16  1.1802218e-16  9.8320196e-17  2.2219612e-16  -2.0976983e-16  -1.4611318e-19  6.4571016e-17  3.3880301e-16  6.9159901e-16  1.0000000   
