1.0000000   -1.4902217e-16  4.7620548e-18  2.2656613e-16  -4.4883839e-17  -1.6635508e-16  -1.8029320e-16  -3.1937249e-16  1.4929382e-16  6.9051481e-16  
-1.4902793e-16  1.0000000   3.7919565e-16  1.2744334e-16  -9.2939439e-18  -1.6188320e-16  -4.9567251e-17  2.5742047e-16  -2.1340889e-16  2.8378568e-16  
4.7620698e-18  3.7912713e-16  1.0000000   5.9321637e-16  -1.8683320e-16  -5.1320404e-17  -8.4577923e-17  7.6771803e-17  9.6674320e-17  -1.5837737e-16  
2.2656074e-16  1.2723164e-16  5.7450171e-16  1.0000000   -3.1069185e-16  6.8254360e-16  3.6619920e-16  -2.8711795e-16  1.2975939e-16  1.4974526e-16  
-4.4889994e-17  -9.0935808e-18  4.0587773e-18  -5.5787943e-16  1.0000000   6.6055572e-18  -5.7780227e-17  1.9797187e-16  9.6265718e-16  -3.1985658e-17  
-1.6636150e-16  -1.7099748e-16  -4.9153358e-17  6.8298033e-16  1.1810952e-17  1.0000000   -1.8477797e-16  5.2708721e-18  2.0254107e-16  1.9121261e-16  
-1.8029672e-16  -6.4311425e-17  -8.3928437e-17  3.6126478e-16  -5.8645562e-17  -1.8477647e-16  1.0000000   5.9563879e-17  -1.9735216e-16  8.3042856e-16  
-3.1937826e-16  2.5749399e-16  6.4201508e-17  -2.4242123e-16  1.4213255e-16  5.4900367e-18  6.1840579e-17  1.0000000   2.8300622e-16  -2.8516126e-16  
1.4930726e-16  -2.2815097e-16  9.6238328e-17  1.2949483e-16  9.6092223e-16  2.1641711e-16  -2.1122739e-16  2.8338806e-16  1.0000000   -7.0310511e-16  
6.9054192e-16  2.7598197e-16  -1.5751425e-16  1.4866953e-16  -3.3716993e-17  2.4671698e-16  8.0267637e-16  -2.8342654e-16  -6.7536309e-16  1.0000000   
