1.0000000   1.5954680e-16  2.0161613e-17  -4.7665486e-16  2.0445975e-16  2.3670775e-16  -1.3697112e-16  -4.1377885e-16  7.7231919e-17  -7.5941375e-16  
1.5954672e-16  0.99999996  3.0068723e-08  6.1512478e-08  -3.4305635e-08  -9.2899119e-09  -1.0604550e-08  -2.2056510e-07  4.4948668e-08  8.6861667e-08  
2.0156439e-17  3.0068723e-08  1.0000005   2.7425366e-08  -3.3891859e-09  -4.1435319e-07  -1.4233422e-08  -1.3587764e-08  1.9461278e-09  7.1057283e-09  
-4.7665124e-16  6.1512478e-08  2.7425366e-08  0.99999963  -5.9078889e-07  4.0851142e-08  2.6947991e-08  2.9752671e-08  -1.9187765e-09  2.2407585e-08  
2.0446034e-16  -3.4305635e-08  -3.3891860e-09  -5.9078889e-07  1.0000000   -7.4259651e-08  5.2605863e-09  1.3898215e-08  -9.0502850e-09  -2.4542600e-08  
2.3671822e-16  -9.2899119e-09  -4.1435319e-07  4.0851142e-08  -7.4259651e-08  0.99999909  4.7571155e-08  -1.5367611e-08  -3.6241858e-08  1.9729369e-08  
-1.3696875e-16  -1.0604550e-08  -1.4233422e-08  2.6947991e-08  5.2605863e-09  4.7571155e-08  0.99999946  -8.5335153e-08  -4.8457755e-07  1.7204445e-07  
-4.1377761e-16  -2.2056510e-07  -1.3587764e-08  2.9752671e-08  1.3898215e-08  -1.5367611e-08  -8.5335153e-08  1.0000002   4.1781140e-07  3.2373558e-07  
7.7225577e-17  4.4948668e-08  1.9461278e-09  -1.9187765e-09  -9.0502850e-09  -3.6241858e-08  -4.8457755e-07  4.1781140e-07  1.0000007   -1.6801882e-07  
-7.5941466e-16  8.6861666e-08  7.1057283e-09  2.2407585e-08  -2.4542600e-08  1.9729369e-08  1.7204445e-07  3.2373558e-07  -1.6801882e-07  1.0000000   
