1.0000000   1.5754636e-16  2.8998265e-16  -2.7339419e-16  -2.6965772e-16  -4.0165120e-16  -2.4566775e-16  2.5402486e-17  5.6002992e-16  -1.2036921e-16  
1.5754577e-16  0.99999991  -2.0516898e-08  4.0909053e-08  2.8684312e-08  -3.9611571e-08  -1.7453825e-07  1.6190227e-08  -1.4052222e-08  -2.9282195e-08  
2.8996463e-16  -2.0516898e-08  1.0000007   -3.4218637e-07  -4.2519629e-07  4.5085407e-08  -2.8370469e-08  -3.5244989e-07  2.2182007e-09  -2.8921402e-08  
-2.7338423e-16  4.0909053e-08  -3.4218637e-07  1.0000004   -4.0166777e-07  -5.3942981e-08  1.4657913e-08  1.0984981e-07  -1.5268473e-08  -1.4416590e-08  
-2.6963142e-16  2.8684312e-08  -4.2519629e-07  -4.0166777e-07  0.99999940  -4.6107683e-08  5.0342261e-08  3.9563080e-07  -5.8556331e-09  -3.4979385e-09  
-4.0165470e-16  -3.9611571e-08  4.5085407e-08  -5.3942981e-08  -4.6107683e-08  1.0000013   2.4654720e-07  5.3417309e-08  8.8938719e-08  -1.7420104e-08  
-2.4568422e-16  -1.7453825e-07  -2.8370469e-08  1.4657913e-08  5.0342261e-08  2.4654720e-07  1.0000006   1.5083397e-09  -4.8750315e-07  3.5902896e-10  
2.5407210e-17  1.6190227e-08  -3.5244989e-07  1.0984981e-07  3.9563080e-07  5.3417309e-08  1.5083397e-09  0.99999861  1.9204752e-10  -1.5038239e-08  
5.6003774e-16  -1.4052222e-08  2.2182007e-09  -1.5268473e-08  -5.8556331e-09  8.8938719e-08  -4.8750315e-07  1.9204752e-10  0.99999944  5.2282623e-08  
-1.2037179e-16  -2.9282195e-08  -2.8921402e-08  -1.4416590e-08  -3.4979385e-09  -1.7420104e-08  3.5902897e-10  -1.5038239e-08  5.2282623e-08  0.99999972  
