1.0000000   -6.1952351e-17  -6.1667345e-17  -4.1699324e-17  6.7113464e-16  2.5812071e-16  5.3062619e-16  -3.3796210e-16  -2.1812766e-16  -1.4064244e-16  
-6.1947547e-17  1.0000000   1.1364230e-08  -3.5987495e-08  -2.5077528e-08  5.6838791e-09  6.2973059e-08  1.2932559e-07  1.1802412e-07  4.5322089e-08  
-6.1672123e-17  1.1364230e-08  0.99999910  -4.3724565e-07  -4.0533500e-10  -7.0726275e-07  3.5264319e-08  6.5591749e-09  -1.8722865e-08  -1.0958083e-08  
-4.1702253e-17  -3.5987495e-08  -4.3724565e-07  0.99999999  -6.9189338e-08  6.7433150e-09  4.6921038e-10  9.8252533e-09  -5.5756623e-09  9.4025956e-10  
6.7113058e-16  -2.5077528e-08  -4.0533498e-10  -6.9189338e-08  1.0000013   -4.7800359e-07  3.5054332e-08  -3.8348888e-08  2.1878973e-08  -9.5010900e-09  
2.5811594e-16  5.6838791e-09  -7.0726275e-07  6.7433150e-09  -4.7800359e-07  1.0000007   6.7519842e-08  -1.4642334e-08  6.6803443e-08  -1.7171106e-08  
5.3063277e-16  6.2973059e-08  3.5264319e-08  4.6921038e-10  3.5054332e-08  6.7519842e-08  1.0000010   -1.8555212e-07  4.1237755e-07  3.3667938e-07  
-3.3796937e-16  1.2932559e-07  6.5591749e-09  9.8252533e-09  -3.8348888e-08  -1.4642334e-08  -1.8555212e-07  0.99999775  -2.1501163e-07  7.1373033e-08  
-2.1812538e-16  1.1802412e-07  -1.8722865e-08  -5.5756623e-09  2.1878973e-08  6.6803443e-08  4.1237755e-07  -2.1501163e-07  1.0000003   -5.8040338e-07  
-1.4063606e-16  4.5322089e-08  -1.0958083e-08  9.4025956e-10  -9.5010900e-09  -1.7171106e-08  3.3667938e-07  7.1373034e-08  -5.8040338e-07  0.99999916  
