1.0000000   -4.4534372e-17  6.1174005e-17  7.8960099e-17  4.0646792e-17  -5.2260239e-17  -8.8454910e-17  4.5574714e-17  -6.5446848e-17  -9.1513440e-17  
-4.4534848e-17  1.0000000   -2.3484907e-16  -4.2402305e-16  -4.3801958e-16  -3.2797116e-16  -1.4907102e-16  8.9981377e-16  3.3303980e-16  -4.9222779e-16  
6.1115794e-17  -2.3472728e-16  1.0000000   -1.1301702e-15  1.4743346e-15  5.5600259e-16  8.6368816e-16  -1.1624146e-15  -3.0590595e-16  9.7162811e-16  
7.8951657e-17  -4.2364194e-16  -9.2527860e-16  1.0000000   3.3458916e-16  -1.5432263e-16  -1.1777114e-16  1.7457907e-16  -1.0017503e-15  -4.6295433e-17  
4.0694487e-17  -4.3842379e-16  1.2249844e-15  7.8760322e-16  1.0000000   -8.3872779e-16  3.5625375e-16  2.0825310e-15  -2.3925017e-16  -4.6452303e-16  
-5.2253463e-17  -3.0422713e-16  5.5603308e-16  -1.5431585e-16  -8.3861683e-16  1.0000000   -3.1225023e-17  9.8491805e-16  -4.0939474e-16  -2.7755576e-16  
-8.8427910e-17  -1.4907780e-16  8.6198181e-16  -1.1546584e-16  3.5677155e-16  -3.2959746e-17  1.0000000   9.0421826e-16  -5.1651391e-15  4.1633363e-17  
4.5567882e-17  9.0002079e-16  -1.6494936e-15  -1.1425969e-16  2.4175089e-15  9.8493605e-16  9.0413520e-16  1.0000000   3.2834650e-17  1.1761137e-16  
-6.5459341e-17  3.2677853e-16  -3.0776688e-16  -1.0018638e-15  -2.3617777e-16  -4.6317117e-16  -3.0737674e-15  3.0469469e-17  1.0000000   -6.2450045e-16  
-9.1526992e-17  -5.0046772e-16  9.7162133e-16  -4.6281880e-17  -4.6462129e-16  -1.6653345e-16  2.9490299e-17  1.1762238e-16  -6.2450045e-16  1.0000000   
