1.0000000   3.4637381e-16  -1.8932632e-16  3.6185734e-16  -9.6150611e-17  1.2859795e-16  -1.0923195e-17  -1.4128511e-16  7.0862404e-16  7.0877001e-17  
3.4636804e-16  1.0000000   3.1687000e-09  -1.5670595e-08  1.7617346e-08  -1.4063488e-08  8.0445548e-08  1.8545455e-07  5.6953410e-08  2.7486887e-07  
-1.8933820e-16  3.1687000e-09  1.0000002   -5.6192862e-07  -5.3236473e-07  -5.8827613e-08  1.4255679e-08  -1.9841589e-08  -2.1268961e-08  -1.1411196e-08  
3.6184718e-16  -1.5670595e-08  -5.6192862e-07  1.0000003   -4.0795127e-07  2.7890411e-07  6.4897312e-08  -7.4094091e-10  -7.2701134e-09  1.6456084e-08  
-9.6150232e-17  1.7617346e-08  -5.3236473e-07  -4.0795127e-07  0.99999957  -9.6537677e-09  -3.7984365e-08  2.9122233e-08  6.7316621e-09  2.8657856e-09  
1.2860660e-16  -1.4063488e-08  -5.8827613e-08  2.7890411e-07  -9.6537676e-09  0.99999919  -2.6322566e-09  6.0562533e-09  -3.2074577e-08  -2.8810690e-08  
-1.0927585e-17  8.0445548e-08  1.4255679e-08  6.4897312e-08  -3.7984365e-08  -2.6322566e-09  0.99999964  -3.7313125e-08  1.9210973e-07  -7.7899993e-07  
-1.4126745e-16  1.8545455e-07  -1.9841589e-08  -7.4094091e-10  2.9122233e-08  6.0562533e-09  -3.7313125e-08  1.0000008   2.5917209e-07  -6.3542341e-07  
7.0862487e-16  5.6953410e-08  -2.1268961e-08  -7.2701134e-09  6.7316621e-09  -3.2074577e-08  1.9210973e-07  2.5917209e-07  1.0000000   2.7161319e-08  
7.0886093e-17  2.7486887e-07  -1.1411196e-08  1.6456084e-08  2.8657856e-09  -2.8810690e-08  -7.7899993e-07  -6.3542341e-07  2.7161319e-08  0.99999974  
