0.99987798  -6.7381865e-05  5.9408569e-06  -4.1570756e-05  1.1884328e-06  -1.7103425e-05  -2.8781885e-05  6.4777036e-05  -4.8928930e-05  -7.3164965e-05  
-6.7381865e-05  0.99985559  -4.5061887e-05  -5.1003599e-05  3.5499209e-05  -4.6656221e-06  9.1811607e-06  2.7569436e-05  -2.6523795e-06  -1.3738005e-05  
5.9408569e-06  -4.5061887e-05  0.99990588  2.1530587e-06  2.8470551e-05  -8.8416375e-07  3.7581367e-05  -4.1451335e-05  -3.0059875e-05  -1.0096822e-05  
-4.1570756e-05  -5.1003599e-05  2.1530587e-06  0.99995394  -2.2023776e-05  2.3278528e-05  -4.9392285e-06  1.3248539e-06  5.7069646e-06  3.0090645e-06  
1.1884328e-06  3.5499209e-05  2.8470551e-05  -2.2023776e-05  0.99985658  1.4254373e-05  4.4524446e-05  -2.8112618e-05  -5.7004905e-05  -1.2765201e-05  
-1.7103425e-05  -4.6656221e-06  -8.8416375e-07  2.3278528e-05  1.4254373e-05  0.99981751  -2.7791676e-05  7.0973765e-05  2.8722445e-05  8.1379212e-05  
-2.8781885e-05  9.1811607e-06  3.7581367e-05  -4.9392285e-06  4.4524446e-05  -2.7791676e-05  0.99989473  -7.1329283e-05  0.00011776875  -6.1410298e-05  
6.4777036e-05  2.7569436e-05  -4.1451335e-05  1.3248539e-06  -2.8112618e-05  7.0973765e-05  -7.1329283e-05  0.99995357  -4.0601248e-05  -2.1132987e-05  
-4.8928930e-05  -2.6523795e-06  -3.0059875e-05  5.7069646e-06  -5.7004905e-05  2.8722445e-05  0.00011776875  -4.0601248e-05  0.99988559  -8.0859259e-05  
-7.3164965e-05  -1.3738005e-05  -1.0096822e-05  3.0090645e-06  -1.2765201e-05  8.1379212e-05  -6.1410298e-05  -2.1132987e-05  -8.0859259e-05  0.99981499  
