0.99994399  -1.1918072e-06  -4.2032528e-06  1.1849318e-05  -2.6457810e-05  -2.4732051e-05  3.4844704e-05  -5.1284580e-05  -4.1446488e-05  -4.6435497e-05  
-1.1918072e-06  1.0000393   4.5830572e-05  -6.5644230e-05  -3.7741153e-05  -4.4444194e-05  -8.7641834e-06  -1.5750251e-06  -4.1535097e-06  -3.8451384e-06  
-4.2032528e-06  4.5830572e-05  1.0000960   7.4024251e-06  5.0760932e-05  7.3374179e-06  -5.9273013e-06  4.3557672e-05  -3.0997030e-05  7.6337600e-06  
1.1849318e-05  -6.5644230e-05  7.4024251e-06  0.99998253  -2.5063378e-05  -3.7664494e-06  1.9740496e-05  -5.0259476e-05  -3.3151769e-05  -2.5658403e-05  
-2.6457810e-05  -3.7741153e-05  5.0760932e-05  -2.5063378e-05  1.0000661   -6.0946157e-06  2.1251973e-05  3.8781145e-05  -2.4679775e-06  -5.2613839e-06  
-2.4732051e-05  -4.4444194e-05  7.3374179e-06  -3.7664494e-06  -6.0946157e-06  1.0001004   2.4790650e-05  -5.6406927e-06  2.3873007e-05  -3.2134982e-05  
3.4844704e-05  -8.7641834e-06  -5.9273013e-06  1.9740496e-05  2.1251973e-05  2.4790650e-05  1.0000731   -4.1770183e-05  1.0035086e-05  1.2655366e-06  
-5.1284580e-05  -1.5750251e-06  4.3557672e-05  -5.0259476e-05  3.8781145e-05  -5.6406927e-06  -4.1770183e-05  1.0001203   3.1919976e-05  -1.2158056e-05  
-4.1446488e-05  -4.1535097e-06  -3.0997030e-05  -3.3151769e-05  -2.4679775e-06  2.3873007e-05  1.0035086e-05  3.1919976e-05  1.0000767   1.7514821e-05  
-4.6435497e-05  -3.8451384e-06  7.6337600e-06  -2.5658403e-05  -5.2613839e-06  -3.2134982e-05  1.2655366e-06  -1.2158056e-05  1.7514821e-05  0.99995643  
