1.0000000   4.0041004e-16  -2.6309241e-16  3.9319650e-16  -1.4819657e-18  -2.7262904e-16  3.6175609e-16  -1.8387550e-16  6.3090550e-16  5.9905556e-16  
4.0041084e-16  0.99999965  -3.8453803e-08  -6.5233616e-08  3.9059834e-09  8.8145078e-07  1.5994510e-07  -2.4188167e-08  1.1763292e-07  -1.9785518e-07  
-2.6308928e-16  -3.8453803e-08  0.99999976  1.1228324e-07  -2.6947666e-07  1.2631855e-08  -4.0129315e-08  3.1767958e-07  -1.8351856e-09  1.3848357e-08  
3.9320036e-16  -6.5233616e-08  1.1228324e-07  1.0000007   -1.8603157e-07  4.3247467e-08  2.8501212e-08  7.1756766e-07  3.0645364e-08  -1.7477065e-08  
-1.4862518e-18  3.9059834e-09  -2.6947666e-07  -1.8603157e-07  0.99999952  2.0982434e-08  -2.5497738e-08  7.4292331e-08  3.2094830e-08  3.1582486e-08  
-2.7263133e-16  8.8145078e-07  1.2631855e-08  4.3247467e-08  2.0982434e-08  0.99999920  -9.8990775e-07  3.6133134e-08  3.8185465e-09  2.4380729e-07  
3.6176063e-16  1.5994510e-07  -4.0129315e-08  2.8501212e-08  -2.5497738e-08  -9.8990775e-07  0.99999858  -6.6523651e-09  -4.5973156e-08  -2.4085765e-07  
-1.8387531e-16  -2.4188167e-08  3.1767958e-07  7.1756766e-07  7.4292331e-08  3.6133134e-08  -6.6523651e-09  1.0000016   2.0760680e-08  -6.5376873e-08  
6.3089828e-16  1.1763292e-07  -1.8351856e-09  3.0645364e-08  3.2094830e-08  3.8185465e-09  -4.5973156e-08  2.0760680e-08  1.0000008   -1.3386798e-07  
5.9905182e-16  -1.9785518e-07  1.3848357e-08  -1.7477065e-08  3.1582486e-08  2.4380729e-07  -2.4085765e-07  -6.5376873e-08  -1.3386798e-07  1.0000005   
