1.0000000   -5.0832724e-16  9.5968327e-17  -1.3028958e-17  9.9324142e-18  1.4443606e-16  8.4837126e-17  -2.8751210e-17  6.9210480e-17  1.5989272e-16  
-5.0833052e-16  1.0000000   9.9414563e-17  -1.8138702e-16  1.1799372e-15  -7.4246165e-16  -2.6333102e-15  -1.6090644e-15  3.3951249e-15  1.4016566e-15  
9.5975813e-17  9.9314613e-17  1.0000000   -2.5557673e-16  -3.1946864e-16  -9.7578196e-18  -2.8969882e-16  3.1789485e-16  -9.1385707e-16  2.6389481e-16  
-1.3035410e-17  -1.8154965e-16  -2.5441355e-16  1.0000000   -2.2583592e-16  5.2085072e-16  1.7800431e-15  3.2017845e-16  -2.2593045e-15  -5.0306981e-17  
9.8522273e-18  1.1804251e-15  -3.5821495e-16  -1.2289834e-16  1.0000000   1.7177015e-15  2.7954527e-15  -1.1923039e-15  -1.7861062e-15  -1.5686237e-15  
1.4443098e-16  -7.4940054e-16  -1.2088854e-17  5.1759812e-16  1.7459992e-15  1.0000000   -1.4432899e-15  -1.1735404e-15  4.4261469e-15  1.4432899e-15  
8.4804092e-17  -2.6567290e-15  -2.8942777e-16  1.7667074e-15  2.8119868e-15  -1.1657342e-15  1.0000000   -1.6705387e-15  1.4591627e-14  1.1102230e-16  
-2.8681765e-17  -1.6092466e-15  2.1140948e-16  1.7983134e-15  4.4569506e-15  -1.1611670e-15  -1.7566921e-15  1.0000000   4.9538425e-16  6.0574375e-16  
6.9232238e-17  3.3766392e-15  -9.1403664e-16  -2.2505869e-15  -1.7685506e-15  5.3845817e-15  1.7097435e-14  3.1485231e-16  1.0000000   -8.8817842e-16  
1.5993337e-16  1.3843093e-15  2.6552111e-16  -5.0740662e-17  -1.5612511e-15  8.8817842e-16  1.4988011e-15  6.4011296e-16  -1.9081958e-17  1.0000000   
