1.0000000   2.6060667e-16  -5.8055407e-18  9.8568213e-17  6.4973459e-17  3.2123830e-16  -2.8843236e-16  -1.3103223e-17  -1.6732527e-16  5.1850776e-17  
2.6060884e-16  1.0000001   -3.5787047e-08  2.5019576e-08  3.6486876e-09  2.9814413e-09  -5.6036075e-08  2.6843518e-07  6.4478475e-08  2.8998223e-09  
-5.8027745e-18  -3.5787047e-08  0.99999936  2.2643148e-07  -3.1118715e-07  3.1189137e-07  -3.5177268e-08  -1.4221173e-08  -1.7400260e-08  -7.7219240e-09  
9.8572568e-17  2.5019576e-08  2.2643148e-07  0.99999980  3.7481385e-08  4.3824565e-08  1.9583485e-08  8.4888292e-08  3.1992906e-08  5.1140954e-09  
6.4975438e-17  3.6486876e-09  -3.1118715e-07  3.7481385e-08  1.0000009   4.0930311e-07  1.6320965e-07  -9.8392264e-09  -2.2880450e-08  -9.6640605e-08  
3.2122942e-16  2.9814413e-09  3.1189137e-07  4.3824565e-08  4.0930311e-07  1.0000007   8.0657993e-08  1.4996496e-09  1.8882104e-08  4.6855157e-08  
-2.8843271e-16  -5.6036075e-08  -3.5177268e-08  1.9583485e-08  1.6320965e-07  8.0657993e-08  0.99999965  6.9019518e-08  -1.6318275e-07  4.5795572e-07  
-1.3111250e-17  2.6843518e-07  -1.4221173e-08  8.4888292e-08  -9.8392264e-09  1.4996496e-09  6.9019518e-08  1.0000001   -2.8953486e-07  -4.4919169e-07  
-1.6733825e-16  6.4478475e-08  -1.7400260e-08  3.1992906e-08  -2.2880450e-08  1.8882104e-08  -1.6318275e-07  -2.8953486e-07  0.99999920  -5.4600867e-08  
5.1860232e-17  2.8998223e-09  -7.7219240e-09  5.1140954e-09  -9.6640605e-08  4.6855157e-08  4.5795572e-07  -4.4919169e-07  -5.4600867e-08  1.0000002   
