0.99995199  -8.8787233e-06  4.1180351e-06  -1.3839929e-05  -8.0751500e-05  -8.0339903e-06  1.1003766e-05  4.6114537e-05  5.5631496e-05  5.3574640e-05  
-8.8787233e-06  0.99988321  2.4679760e-05  -2.6608119e-05  7.5742248e-06  7.1137236e-06  2.2398307e-06  -3.3435817e-05  4.3978362e-07  -4.7587714e-06  
4.1180351e-06  2.4679760e-05  0.99989831  1.5782199e-05  -7.1387235e-06  -1.8873579e-06  1.5548961e-05  1.7648991e-06  -1.7550901e-05  -1.6953893e-05  
-1.3839929e-05  -2.6608119e-05  1.5782199e-05  0.99986865  -2.4207965e-05  -4.7054347e-06  1.3639300e-05  1.9984779e-05  3.1388006e-05  -1.5158578e-05  
-8.0751500e-05  7.5742248e-06  -7.1387235e-06  -2.4207965e-05  0.99990945  -1.4758745e-05  -5.1604356e-06  2.9978553e-05  4.3714081e-06  3.3461316e-07  
-8.0339903e-06  7.1137236e-06  -1.8873579e-06  -4.7054347e-06  -1.4758745e-05  0.99996785  1.5328015e-05  1.3741643e-05  6.2674287e-06  -1.7488506e-05  
1.1003766e-05  2.2398307e-06  1.5548961e-05  1.3639300e-05  -5.1604356e-06  1.5328015e-05  0.99993930  -1.8926366e-05  -3.4678855e-05  -1.6258226e-05  
4.6114537e-05  -3.3435817e-05  1.7648991e-06  1.9984779e-05  2.9978553e-05  1.3741643e-05  -1.8926366e-05  0.99995700  -3.3437105e-05  1.5064207e-06  
5.5631496e-05  4.3978362e-07  -1.7550901e-05  3.1388006e-05  4.3714081e-06  6.2674287e-06  -3.4678855e-05  -3.3437105e-05  0.99993314  4.0790922e-05  
5.3574640e-05  -4.7587714e-06  -1.6953893e-05  -1.5158578e-05  3.3461316e-07  -1.7488506e-05  -1.6258226e-05  1.5064207e-06  4.0790922e-05  0.99998271  
