1.0000000   -1.2683146e-16  -6.0920495e-16  -8.2701644e-16  -5.0215140e-16  9.2688465e-16  -1.0016439e-16  5.8125136e-16  -5.3756068e-16  -1.1464075e-16  
-1.2682974e-16  1.0000003   1.5368882e-08  8.8754483e-10  1.0138439e-08  -6.2124987e-10  9.0641135e-08  -8.5545927e-07  4.7990582e-08  3.6414114e-07  
-6.0920680e-16  1.5368882e-08  0.99999913  6.8615843e-07  -1.4123678e-08  2.9551116e-07  3.1507356e-08  -1.5925867e-08  5.3633158e-08  -2.7991495e-08  
-8.2701547e-16  8.8754483e-10  6.8615843e-07  1.0000008   2.9444918e-07  3.7603370e-07  -2.6873336e-08  1.5186511e-08  -6.7054911e-09  2.1575634e-08  
-5.0214875e-16  1.0138439e-08  -1.4123677e-08  2.9444918e-07  1.0000004   6.6845884e-07  -5.5994072e-08  1.1451209e-08  -4.2323351e-08  -1.0976321e-08  
9.2688767e-16  -6.2124987e-10  2.9551116e-07  3.7603370e-07  6.6845884e-07  0.99999990  -3.3958786e-08  7.4109301e-09  -5.0299787e-08  -1.5493685e-08  
-1.0016705e-16  9.0641135e-08  3.1507356e-08  -2.6873336e-08  -5.5994072e-08  -3.3958786e-08  0.99999959  -2.4795893e-07  -1.4301041e-07  -8.7712421e-08  
5.8124470e-16  -8.5545927e-07  -1.5925867e-08  1.5186511e-08  1.1451209e-08  7.4109301e-09  -2.4795893e-07  1.0000002   1.8639375e-07  -7.0620013e-07  
-5.3756970e-16  4.7990582e-08  5.3633158e-08  -6.7054911e-09  -4.2323351e-08  -5.0299787e-08  -1.4301041e-07  1.8639375e-07  0.99999990  5.2533978e-07  
-1.1463844e-16  3.6414114e-07  -2.7991495e-08  2.1575634e-08  -1.0976321e-08  -1.5493685e-08  -8.7712421e-08  -7.0620013e-07  5.2533978e-07  1.0000004   
