1.0000000   -2.0578193e-16  1.4785178e-16  -1.5390654e-16  2.7674453e-16  2.1151213e-17  -1.0826832e-16  1.7997525e-16  -1.4311631e-16  -5.7211703e-16  
-2.0579585e-16  0.99999999  6.0074504e-08  -3.8434375e-08  1.2427727e-08  7.1404316e-09  -9.0316928e-08  -4.3435812e-08  -8.2077705e-08  -9.0304683e-08  
1.4784071e-16  6.0074504e-08  1.0000012   -4.8748106e-07  3.5676544e-08  -8.7936739e-07  1.0658442e-08  -1.9171396e-08  -9.7355710e-09  7.6184113e-09  
-1.5391712e-16  -3.8434375e-08  -4.8748106e-07  1.0000002   2.9787920e-07  4.0695349e-08  5.0281283e-08  -2.1199511e-08  -1.6217910e-08  7.8550044e-09  
2.7674385e-16  1.2427727e-08  3.5676544e-08  2.9787920e-07  0.99999844  6.1176965e-07  1.5557010e-08  -1.2271181e-08  5.0814945e-08  4.2447296e-08  
2.1140395e-17  7.1404316e-09  -8.7936739e-07  4.0695349e-08  6.1176965e-07  0.99999923  -2.6091627e-08  -1.4686842e-08  3.6921554e-08  -4.3896098e-08  
-1.0826507e-16  -9.0316928e-08  1.0658442e-08  5.0281283e-08  1.5557010e-08  -2.6091627e-08  1.0000002   -7.7991564e-08  1.1513860e-07  2.0810618e-07  
1.7999117e-16  -4.3435812e-08  -1.9171396e-08  -2.1199511e-08  -1.2271181e-08  -1.4686842e-08  -7.7991563e-08  1.0000012   9.7296268e-08  -1.1908632e-07  
-1.4311499e-16  -8.2077705e-08  -9.7355710e-09  -1.6217910e-08  5.0814945e-08  3.6921554e-08  1.1513860e-07  9.7296268e-08  0.99999963  4.1115305e-07  
-5.7210536e-16  -9.0304683e-08  7.6184113e-09  7.8550044e-09  4.2447296e-08  -4.3896098e-08  2.0810618e-07  -1.1908632e-07  4.1115305e-07  0.99999963  
