1.0000000   2.7626732e-16  -8.5665441e-16  5.1112291e-17  -1.1858090e-16  -5.8302007e-16  1.2141844e-16  -5.8602030e-16  5.2092214e-16  3.5493935e-16  
2.7626428e-16  1.0000001   1.6903437e-08  -1.5241318e-08  1.3923789e-08  -3.3439689e-07  4.9462318e-08  5.9893291e-08  6.9562594e-08  2.3647179e-07  
-8.5665220e-16  1.6903437e-08  1.0000002   2.3152401e-07  1.4285675e-07  -4.0064593e-08  8.1784077e-08  -2.1466789e-07  -1.4442650e-08  -1.1752803e-08  
5.1116481e-17  -1.5241318e-08  2.3152401e-07  0.99999942  -2.9916967e-07  6.3984249e-08  -2.8438495e-08  -5.9890528e-07  -6.7352081e-08  7.1413202e-08  
-1.1857374e-16  1.3923789e-08  1.4285675e-07  -2.9916967e-07  0.99999976  -1.0727176e-08  3.4606142e-08  2.5613871e-09  3.7987596e-08  1.4298956e-08  
-5.8301762e-16  -3.3439689e-07  -4.0064593e-08  6.3984249e-08  -1.0727176e-08  1.0000011   2.7049187e-08  3.6367118e-08  1.3880213e-07  1.9401947e-07  
1.2143523e-16  4.9462318e-08  8.1784077e-08  -2.8438495e-08  3.4606142e-08  2.7049187e-08  1.0000004   -9.0622254e-08  -4.1747789e-07  4.7550735e-07  
-5.8600295e-16  5.9893291e-08  -2.1466789e-07  -5.9890528e-07  2.5613871e-09  3.6367118e-08  -9.0622254e-08  0.99999994  -6.7554023e-08  5.0521995e-08  
5.2091986e-16  6.9562594e-08  -1.4442650e-08  -6.7352080e-08  3.7987596e-08  1.3880213e-07  -4.1747789e-07  -6.7554023e-08  0.99999942  -4.2466043e-07  
3.5495674e-16  2.3647179e-07  -1.1752803e-08  7.1413202e-08  1.4298956e-08  1.9401947e-07  4.7550735e-07  5.0521995e-08  -4.2466043e-07  0.99999949  
