1.0000000   2.3642479e-16  7.8666720e-16  -3.8672386e-16  -5.4135383e-16  -2.5212247e-16  5.5470318e-16  2.9825102e-16  -9.0489638e-16  3.1267329e-16  
2.3642799e-16  0.99999973  -2.8446324e-08  -2.8700318e-08  5.5602018e-09  1.2535893e-08  -1.1925624e-08  -7.4179494e-07  4.2738078e-08  8.9076126e-08  
7.8666953e-16  -2.8446324e-08  1.0000002   3.5620166e-08  -8.6882998e-09  -5.8652776e-08  3.3009462e-08  1.0746310e-08  7.0849954e-09  1.8476331e-08  
-3.8672343e-16  -2.8700318e-08  3.5620166e-08  0.99999981  -3.8170006e-07  -3.5667546e-08  6.4202413e-09  -2.9395999e-08  2.8834199e-08  2.8589649e-08  
-5.4135492e-16  5.5602018e-09  -8.6882997e-09  -3.8170006e-07  1.0000010   -1.1686149e-08  -8.7567800e-08  -3.7720607e-08  -6.2453115e-08  -2.8438826e-08  
-2.5212015e-16  1.2535893e-08  -5.8652776e-08  -3.5667546e-08  -1.1686149e-08  0.99999923  -1.3981187e-08  -1.1535174e-08  -1.3595556e-08  -5.2972256e-08  
5.5470950e-16  -1.1925624e-08  3.3009462e-08  6.4202413e-09  -8.7567801e-08  -1.3981187e-08  1.0000005   -2.5165066e-08  6.0046301e-07  5.1048036e-07  
2.9825322e-16  -7.4179494e-07  1.0746310e-08  -2.9395999e-08  -3.7720607e-08  -1.1535174e-08  -2.5165066e-08  0.99999910  -2.8181260e-07  -2.7517158e-07  
-9.0490196e-16  4.2738078e-08  7.0849954e-09  2.8834199e-08  -6.2453115e-08  -1.3595556e-08  6.0046301e-07  -2.8181260e-07  1.0000000   7.5719759e-08  
3.1268365e-16  8.9076126e-08  1.8476331e-08  2.8589649e-08  -2.8438826e-08  -5.2972256e-08  5.1048036e-07  -2.7517158e-07  7.5719759e-08  1.0000004   
