1.0000000   -8.1880822e-18  3.9385220e-18  2.6584362e-17  1.4677094e-17  3.1407728e-16  -6.2673979e-16  1.1345337e-17  5.3963516e-16  -2.0051980e-16  
-8.1876719e-18  1.0000000   -3.1439917e-16  -1.6705740e-16  7.5396891e-17  -8.8308267e-16  4.2427542e-16  1.7355252e-16  -1.1248055e-15  -9.1246455e-16  
3.9467256e-18  -3.2331258e-16  1.0000000   -2.3963353e-16  6.6166967e-15  6.2114620e-17  -3.4238910e-15  -1.5030138e-15  4.7743486e-15  3.4781206e-16  
2.6595841e-17  -1.6718404e-16  -2.4957020e-16  1.0000000   -2.4528778e-16  1.8278812e-17  -2.8787450e-16  -2.9517772e-17  6.0155430e-16  -2.4895484e-16  
1.4633182e-17  8.5118235e-17  5.2885972e-15  -2.4095046e-16  1.0000000   2.3742503e-16  9.8586504e-16  8.3813613e-16  -2.2169478e-15  -6.2788858e-16  
3.1406711e-16  -8.5521867e-16  6.1450546e-17  1.8170551e-17  2.3786718e-16  1.0000000   -2.9143354e-16  -8.8719078e-17  6.9388939e-17  -1.4432899e-15  
-6.2684565e-16  4.2443805e-16  -3.4108558e-15  -2.8059576e-16  9.8560267e-16  -2.9533667e-16  1.0000000   -8.1401031e-17  -5.0622484e-15  -1.6132928e-16  
1.1354535e-17  1.7326821e-16  -1.5021319e-15  2.8487253e-16  8.2680338e-16  -8.8586094e-17  -8.2326520e-17  1.0000000   9.4240886e-18  8.8470897e-17  
5.3970425e-16  -1.1248869e-15  4.7720021e-15  5.9189942e-16  -2.2238571e-15  8.9338259e-17  -7.6412401e-15  1.0538784e-17  1.0000000   -6.2450045e-17  
-2.0050625e-16  -9.2460761e-16  3.4844903e-16  -2.4893282e-16  -6.2829516e-16  -1.3877788e-15  -1.5959456e-16  8.8254057e-17  -2.7755576e-17  1.0000000   
