1.0000000   -3.1803863e-16  3.9532776e-17  -6.3352473e-17  -4.6159657e-17  1.5594619e-16  -6.2880362e-17  9.1223840e-17  -5.6904793e-16  1.1116853e-16  
-3.1804037e-16  0.99999992  -8.3329277e-09  -2.3716399e-09  -1.1516155e-08  3.9117502e-07  5.9603302e-10  -2.7364871e-09  -3.5306068e-09  -1.8108089e-07  
3.9533309e-17  -8.3329277e-09  0.99999923  -9.0019785e-09  -8.8325115e-08  -4.9404752e-09  -4.5938046e-08  -4.2737487e-08  2.6390613e-08  3.3275660e-09  
-6.3353184e-17  -2.3716399e-09  -9.0019785e-09  0.99999952  -2.6529130e-08  -1.0888970e-08  -3.5091289e-08  7.3680589e-07  5.8952431e-08  8.1598178e-09  
-4.6157955e-17  -1.1516155e-08  -8.8325115e-08  -2.6529130e-08  1.0000003   -5.7165637e-10  -2.7817797e-08  2.1051595e-09  3.8805408e-08  7.3359916e-09  
1.5596178e-16  3.9117502e-07  -4.9404752e-09  -1.0888970e-08  -5.7165637e-10  0.99999935  2.1531800e-08  -1.5829863e-08  2.5497457e-08  6.8881943e-07  
-6.2852523e-17  5.9603302e-10  -4.5938046e-08  -3.5091289e-08  -2.7817797e-08  2.1531800e-08  0.99999979  -1.2150028e-08  -1.4151651e-09  -2.1326061e-08  
9.1229235e-17  -2.7364871e-09  -4.2737487e-08  7.3680589e-07  2.1051595e-09  -1.5829863e-08  -1.2150028e-08  1.0000013   -2.6508701e-08  3.3337943e-08  
-5.6907177e-16  -3.5306068e-09  2.6390613e-08  5.8952431e-08  3.8805408e-08  2.5497457e-08  -1.4151652e-09  -2.6508701e-08  1.0000002   -4.6890985e-08  
1.1115653e-16  -1.8108089e-07  3.3275660e-09  8.1598178e-09  7.3359916e-09  6.8881943e-07  -2.1326061e-08  3.3337943e-08  -4.6890985e-08  1.0000006   
