0.99984399  -7.8029882e-06  -6.8239184e-06  -4.6120507e-06  8.4043512e-06  -6.6144188e-05  9.1786490e-05  -1.1261209e-05  1.7386661e-05  5.1244491e-05  
-7.8029882e-06  0.99991371  2.1498984e-05  9.8775067e-06  -2.1889174e-05  3.7157975e-05  -3.5362352e-06  1.9529257e-05  -3.6924338e-06  -8.1225476e-06  
-6.8239184e-06  2.1498984e-05  0.99997741  -1.2932069e-05  3.7676028e-05  -1.7298370e-06  -2.6069955e-05  3.0119273e-05  3.7091240e-06  2.1849463e-06  
-4.6120507e-06  9.8775067e-06  -1.2932069e-05  0.99987446  -2.5558891e-05  -1.1551668e-05  -1.5507094e-05  3.8308405e-05  -1.6097307e-05  -1.6157714e-05  
8.4043512e-06  -2.1889174e-05  3.7676028e-05  -2.5558891e-05  0.99993820  -5.9998937e-06  2.0354150e-06  1.5790181e-05  -1.9968618e-05  3.6865108e-06  
-6.6144188e-05  3.7157975e-05  -1.7298370e-06  -1.1551668e-05  -5.9998937e-06  0.99983835  -3.1455598e-06  3.0868989e-06  2.3768012e-05  -3.4517272e-05  
9.1786490e-05  -3.5362352e-06  -2.6069955e-05  -1.5507094e-05  2.0354150e-06  -3.1455598e-06  0.99990629  -1.4657459e-06  5.1372193e-05  4.0402533e-06  
-1.1261209e-05  1.9529257e-05  3.0119273e-05  3.8308405e-05  1.5790181e-05  3.0868989e-06  -1.4657459e-06  1.0000177   2.0627397e-06  1.3605636e-05  
1.7386661e-05  -3.6924338e-06  3.7091240e-06  -1.6097307e-05  -1.9968618e-05  2.3768012e-05  5.1372193e-05  2.0627397e-06  0.99987860  -3.1715394e-05  
5.1244491e-05  -8.1225476e-06  2.1849463e-06  -1.6157714e-05  3.6865108e-06  -3.4517272e-05  4.0402533e-06  1.3605636e-05  -3.1715394e-05  0.99979410  
