0.99964004  -8.3135420e-06  2.7760863e-05  4.0053607e-05  -3.5002866e-05  6.2641599e-06  6.3765184e-05  4.6721236e-05  -1.8726786e-05  -1.7091484e-05  
-8.3135420e-06  0.99983978  1.2467213e-05  4.0831423e-05  8.5225335e-06  -3.7270972e-05  2.2613803e-05  2.2860224e-05  1.7139873e-06  -1.7533696e-05  
2.7760863e-05  1.2467213e-05  0.99971784  6.8688890e-06  1.5621986e-05  -1.0235911e-05  2.0453079e-06  -3.8011289e-06  3.5670176e-05  1.1587959e-05  
4.0053607e-05  4.0831423e-05  6.8688890e-06  0.99974447  2.3108950e-06  -2.0275105e-05  -3.4973000e-05  4.0060977e-05  9.1295404e-06  7.4575361e-06  
-3.5002866e-05  8.5225335e-06  1.5621986e-05  2.3108950e-06  0.99978974  5.5027830e-06  -8.3497733e-07  1.1224700e-05  8.8586682e-06  -7.6732494e-09  
6.2641599e-06  -3.7270972e-05  -1.0235911e-05  -2.0275105e-05  5.5027830e-06  0.99975063  -3.2875628e-05  1.3702511e-05  1.1310802e-05  3.8297905e-05  
6.3765184e-05  2.2613803e-05  2.0453079e-06  -3.4973000e-05  -8.3497733e-07  -3.2875628e-05  0.99967929  -2.4994260e-06  -1.5361604e-05  1.6150394e-05  
4.6721236e-05  2.2860224e-05  -3.8011289e-06  4.0060977e-05  1.1224700e-05  1.3702511e-05  -2.4994260e-06  0.99980687  1.1424831e-05  -2.7095757e-06  
-1.8726786e-05  1.7139873e-06  3.5670176e-05  9.1295404e-06  8.8586682e-06  1.1310802e-05  -1.5361604e-05  1.1424831e-05  0.99967661  -1.5872088e-05  
-1.7091484e-05  -1.7533696e-05  1.1587959e-05  7.4575361e-06  -7.6732494e-09  3.8297905e-05  1.6150394e-05  -2.7095757e-06  -1.5872088e-05  0.99963102  
