0.99977001  3.4422906e-05  -7.8906431e-05  -1.1644166e-05  -1.0760155e-05  9.8397257e-06  5.7680135e-06  -6.0896320e-05  3.8692548e-05  -5.1908728e-06  
3.4422906e-05  0.99983407  -3.0726327e-05  -3.5699411e-05  1.0435613e-05  -1.3353118e-05  -8.3666670e-07  -4.9526443e-05  -5.8085795e-07  -6.5818930e-06  
-7.8906431e-05  -3.0726327e-05  0.99989321  -1.1710975e-05  1.1556855e-05  8.3579432e-06  -4.2784183e-05  5.8121837e-06  8.9976858e-06  2.4122831e-05  
-1.1644166e-05  -3.5699411e-05  -1.1710975e-05  0.99980075  2.1461336e-05  2.7642287e-05  1.5435737e-05  -3.8957274e-08  -7.7198329e-06  -1.5904579e-05  
-1.0760155e-05  1.0435613e-05  1.1556855e-05  2.1461336e-05  0.99982819  1.9120111e-05  5.7882055e-05  9.0407667e-06  5.3197349e-06  -2.9433714e-05  
9.8397257e-06  -1.3353118e-05  8.3579432e-06  2.7642287e-05  1.9120111e-05  0.99970750  -3.7703476e-05  -4.8656944e-05  2.0728137e-05  -3.4389671e-05  
5.7680135e-06  -8.3666670e-07  -4.2784183e-05  1.5435737e-05  5.7882055e-05  -3.7703476e-05  0.99974426  -1.0476645e-05  2.0091265e-05  -5.2030407e-05  
-6.0896320e-05  -4.9526443e-05  5.8121837e-06  -3.8957274e-08  9.0407667e-06  -4.8656944e-05  -1.0476645e-05  0.99981438  -3.9011800e-05  1.6248014e-05  
3.8692548e-05  -5.8085795e-07  8.9976858e-06  -7.7198329e-06  5.3197349e-06  2.0728137e-05  2.0091265e-05  -3.9011800e-05  0.99979253  -5.9949848e-06  
-5.1908728e-06  -6.5818930e-06  2.4122831e-05  -1.5904579e-05  -2.9433714e-05  -3.4389671e-05  -5.2030407e-05  1.6248014e-05  -5.9949848e-06  0.99982966  
