1.0000000   -4.1366191e-16  -3.9887569e-16  -5.5966216e-16  -2.1496871e-16  -2.2015738e-16  2.7023544e-17  -1.2973653e-17  -2.5339498e-16  1.7187099e-16  
-4.1365557e-16  1.0000002   -2.6928709e-08  2.0673522e-08  -5.7236284e-08  -3.6809853e-08  5.3578540e-09  4.2486423e-07  -2.0894484e-09  1.3031802e-07  
-3.9888888e-16  -2.6928709e-08  1.0000001   -3.0336374e-07  -3.0896880e-07  6.7562788e-07  -1.8617026e-08  -2.9980926e-08  -2.0623598e-09  6.7011670e-10  
-5.5966539e-16  2.0673522e-08  -3.0336374e-07  1.0000003   1.6073992e-07  9.4412826e-07  2.0546423e-08  1.1367866e-08  2.5935671e-08  9.5430626e-09  
-2.1496299e-16  -5.7236284e-08  -3.0896880e-07  1.6073992e-07  0.99999994  1.4067098e-07  -1.0363078e-07  -7.1419795e-08  8.1022788e-08  -4.2691148e-08  
-2.2015733e-16  -3.6809853e-08  6.7562788e-07  9.4412826e-07  1.4067098e-07  0.99999935  -2.2520506e-08  1.3236433e-08  -6.0856728e-08  -2.5270039e-08  
2.7027290e-17  5.3578540e-09  -1.8617026e-08  2.0546423e-08  -1.0363078e-07  -2.2520506e-08  0.99999925  1.3060067e-08  -4.5637202e-07  -3.1461619e-08  
-1.2972132e-17  4.2486423e-07  -2.9980926e-08  1.1367866e-08  -7.1419795e-08  1.3236433e-08  1.3060067e-08  0.99999916  -1.2056400e-08  -1.4862731e-07  
-2.5339337e-16  -2.0894484e-09  -2.0623598e-09  2.5935671e-08  8.1022788e-08  -6.0856728e-08  -4.5637202e-07  -1.2056400e-08  1.0000007   -6.1972564e-08  
1.7186803e-16  1.3031802e-07  6.7011670e-10  9.5430626e-09  -4.2691148e-08  -2.5270039e-08  -3.1461619e-08  -1.4862731e-07  -6.1972564e-08  1.0000001   
