1.0000000   -5.0126423e-16  -7.0997348e-16  1.9503847e-16  -5.1549583e-16  -8.2777953e-16  -1.0233281e-15  3.5449198e-16  -4.0684671e-16  -3.6475452e-17  
-5.0126596e-16  1.0000001   -2.5493588e-09  -1.1777182e-08  3.9627012e-08  -2.0634694e-08  3.4641185e-07  -1.1512448e-07  2.4341847e-07  -2.1769310e-07  
-7.0997404e-16  -2.5493588e-09  1.0000006   7.0813386e-07  -1.7943188e-07  6.0800151e-08  -2.8300585e-08  -1.0742337e-08  -7.7310734e-08  -1.6311385e-08  
1.9503668e-16  -1.1777182e-08  7.0813386e-07  0.99999913  -1.3844951e-07  -5.8490755e-07  -1.5641494e-08  1.5347047e-08  -2.1132343e-09  1.5203832e-08  
-5.1549904e-16  3.9627012e-08  -1.7943188e-07  -1.3844951e-07  0.99999979  1.7280736e-07  -7.4060653e-08  -9.6305610e-08  1.4052280e-08  1.4548604e-09  
-8.2777533e-16  -2.0634694e-08  6.0800151e-08  -5.8490755e-07  1.7280736e-07  1.0000003   2.3177400e-08  1.3274620e-08  3.3150667e-08  -4.0659428e-08  
-1.0233358e-15  3.4641185e-07  -2.8300585e-08  -1.5641494e-08  -7.4060653e-08  2.3177400e-08  0.99999975  -3.9214195e-08  -3.8073057e-07  -6.1719690e-08  
3.5447971e-16  -1.1512448e-07  -1.0742337e-08  1.5347047e-08  -9.6305610e-08  1.3274620e-08  -3.9214195e-08  0.99999976  2.3692335e-07  -6.0382214e-07  
-4.0683635e-16  2.4341847e-07  -7.7310734e-08  -2.1132343e-09  1.4052280e-08  3.3150667e-08  -3.8073057e-07  2.3692335e-07  1.0000002   2.0950413e-08  
-3.6459140e-17  -2.1769310e-07  -1.6311385e-08  1.5203832e-08  1.4548604e-09  -4.0659428e-08  -6.1719690e-08  -6.0382214e-07  2.0950413e-08  0.99999975  
