1.0000000   2.0600078e-16  4.1569942e-16  6.8769783e-17  -4.5654514e-16  -2.7747413e-16  3.3111414e-17  -8.0908902e-17  1.8133715e-16  -4.4486170e-16  
2.0599869e-16  1.0000000   -1.0354623e-15  4.3881219e-16  5.5450160e-17  -2.0211021e-16  1.5979431e-17  -9.7101717e-16  -2.1095332e-17  -5.7765360e-16  
4.1574031e-16  -1.0255991e-15  1.0000000   1.3193082e-17  -5.4617764e-16  -7.8555995e-17  -1.0687006e-16  -5.7517107e-17  -1.4254684e-16  1.2805021e-16  
6.8770730e-17  4.3719024e-16  1.5798874e-17  1.0000000   -1.4707604e-16  -3.2179281e-16  9.4912559e-17  4.6539352e-16  -3.6289806e-16  1.7826994e-16  
-4.5655600e-16  5.7839528e-17  -1.9030646e-16  -1.1970656e-16  1.0000000   -3.5541756e-17  2.9334558e-16  -1.7429829e-16  3.5607437e-16  2.4731329e-16  
-2.7747560e-16  -2.0037392e-16  -8.0289945e-17  -3.2006165e-16  -3.3807829e-17  1.0000000   1.5495732e-16  -1.4224921e-16  1.4719165e-16  1.6527010e-16  
3.3113513e-17  1.1427498e-17  -1.1521616e-16  8.9916069e-17  2.9334273e-16  1.3761573e-16  1.0000000   -3.5437537e-16  -1.7740229e-16  -3.3477283e-17  
-8.0891955e-17  -9.7078693e-16  -8.1848878e-17  2.9173804e-16  -1.8562692e-16  -1.4137991e-16  -3.5102450e-16  1.0000000   2.4476304e-16  -2.6795040e-17  
1.8133290e-16  -2.0010079e-17  -1.4048967e-16  -3.6294710e-16  3.5444357e-16  1.5673062e-16  -8.8625117e-17  2.4237955e-16  1.0000000   -1.1663474e-16  
-4.4486848e-16  -5.9152631e-16  1.2458161e-16  1.8173939e-16  2.4211039e-16  1.6526756e-16  -2.6539236e-17  -2.3326440e-17  -1.1663559e-16  1.0000000   
