1.0000000   3.5315368e-16  3.3898546e-16  -2.0972046e-16  5.7166338e-16  -1.3378868e-16  3.1936637e-16  4.2743639e-16  2.3858900e-16  -1.3578056e-16  
3.5316624e-16  1.0000001   2.6269586e-08  6.7559180e-10  -4.0491760e-08  3.8378799e-08  -3.6189747e-09  4.0118429e-08  -1.2824600e-07  -2.9609169e-08  
3.3898098e-16  2.6269586e-08  1.0000007   -1.8884570e-08  1.1686869e-07  -6.3831102e-07  -3.3875540e-08  -4.9755070e-09  7.4722594e-09  2.2831430e-08  
-2.0971867e-16  6.7559180e-10  -1.8884570e-08  0.99999967  -5.4361628e-07  -2.8815036e-07  -6.9770387e-09  3.3260031e-08  -1.6759005e-08  1.1259838e-08  
5.7166869e-16  -4.0491760e-08  1.1686869e-07  -5.4361628e-07  0.99999972  -1.6300615e-07  -2.2709768e-08  -7.7349647e-09  -2.6882552e-09  6.0458938e-09  
-1.3379778e-16  3.8378799e-08  -6.3831102e-07  -2.8815036e-07  -1.6300615e-07  0.99999896  6.4387519e-08  -7.0170755e-09  1.6791004e-09  -1.0704017e-08  
3.1936857e-16  -3.6189747e-09  -3.3875540e-08  -6.9770387e-09  -2.2709768e-08  6.4387519e-08  0.99999922  -8.9349911e-08  -1.2174093e-07  1.9219681e-07  
4.2744183e-16  4.0118429e-08  -4.9755070e-09  3.3260031e-08  -7.7349647e-09  -7.0170755e-09  -8.9349911e-08  1.0000015   6.1935243e-07  -7.1043400e-08  
2.3858580e-16  -1.2824600e-07  7.4722594e-09  -1.6759005e-08  -2.6882552e-09  1.6791004e-09  -1.2174093e-07  6.1935243e-07  1.0000006   2.9357358e-07  
-1.3578019e-16  -2.9609169e-08  2.2831430e-08  1.1259838e-08  6.0458938e-09  -1.0704017e-08  1.9219681e-07  -7.1043400e-08  2.9357358e-07  0.99999951  
