0.99983599  2.0585714e-05  -1.1830848e-05  7.4143656e-06  -3.5047803e-05  5.6710741e-05  -4.5929593e-05  -3.8209895e-06  5.4486515e-05  3.0764654e-05  
2.0585714e-05  0.99989306  8.8085500e-06  -4.0903900e-05  -2.2011944e-05  3.6411161e-05  -1.8517741e-05  -1.2844774e-05  -1.8056917e-06  -1.6876030e-05  
-1.1830848e-05  8.8085500e-06  0.99986128  -2.7807453e-05  -7.5180601e-05  -1.0192622e-05  1.5535870e-05  -3.3184770e-05  -1.7044011e-05  -1.8918591e-05  
7.4143656e-06  -4.0903900e-05  -2.7807453e-05  0.99987024  4.5257056e-05  -3.6098376e-05  -3.6651422e-05  -3.3035005e-05  -8.2892280e-06  4.3028387e-07  
-3.5047803e-05  -2.2011944e-05  -7.5180601e-05  4.5257056e-05  0.99980662  4.7262150e-07  6.4160424e-06  -2.8705433e-05  1.3329066e-05  -6.5671326e-07  
5.6710741e-05  3.6411161e-05  -1.0192622e-05  -3.6098376e-05  4.7262150e-07  0.99982857  -1.5020451e-05  -1.8104975e-05  -5.4507740e-05  -2.6690537e-06  
-4.5929593e-05  -1.8517741e-05  1.5535870e-05  -3.6651422e-05  6.4160424e-06  -1.5020451e-05  0.99976448  -2.5705274e-06  -7.3747958e-05  1.3999961e-05  
-3.8209895e-06  -1.2844774e-05  -3.3184770e-05  -3.3035005e-05  -2.8705433e-05  -1.8104975e-05  -2.5705274e-06  0.99973352  -7.3797815e-06  2.1244808e-05  
5.4486515e-05  -1.8056917e-06  -1.7044011e-05  -8.2892280e-06  1.3329066e-05  -5.4507740e-05  -7.3747958e-05  -7.3797815e-06  0.99980054  4.4421675e-05  
3.0764654e-05  -1.6876030e-05  -1.8918591e-05  4.3028387e-07  -6.5671326e-07  -2.6690537e-06  1.3999961e-05  2.1244808e-05  4.4421675e-05  0.99975859  
