1.0000000   4.3789417e-17  5.1957997e-16  7.7501139e-16  -1.5694033e-16  -2.6463708e-16  -1.1527042e-17  -3.9428200e-16  8.0187119e-17  4.5149311e-17  
4.3811048e-17  1.0000001   -1.9683046e-08  4.0771707e-08  -4.1019363e-08  -2.8322057e-07  9.0067544e-08  1.6327166e-09  -6.9617895e-09  1.7239973e-07  
5.1956391e-16  -1.9683046e-08  0.99999976  7.1868575e-07  3.6137856e-08  3.0240795e-08  -5.3855927e-08  -1.7739788e-07  5.7884403e-08  -6.0085193e-08  
7.7501596e-16  4.0771707e-08  7.1868575e-07  0.99999949  -2.1621890e-07  -2.3483544e-08  6.0948138e-08  -5.4078922e-07  -4.9881085e-08  -4.0223622e-08  
-1.5692825e-16  -4.1019363e-08  3.6137857e-08  -2.1621889e-07  1.0000006   3.5826031e-08  -6.2956723e-08  -2.9701487e-07  -2.5757331e-08  -6.9238249e-08  
-2.6462722e-16  -2.8322057e-07  3.0240795e-08  -2.3483544e-08  3.5826031e-08  1.0000003   -3.4288785e-07  -6.3343904e-08  3.2915009e-07  -8.0714209e-07  
-1.1529075e-17  9.0067544e-08  -5.3855927e-08  6.0948138e-08  -6.2956723e-08  -3.4288785e-07  0.99999948  -1.0023306e-07  3.5800909e-07  4.5912666e-07  
-3.9429111e-16  1.6327166e-09  -1.7739788e-07  -5.4078922e-07  -2.9701487e-07  -6.3343904e-08  -1.0023306e-07  0.99999941  -1.6231295e-07  -3.6618433e-08  
8.0186071e-17  -6.9617895e-09  5.7884403e-08  -4.9881085e-08  -2.5757331e-08  3.2915009e-07  3.5800909e-07  -1.6231295e-07  1.0000008   6.9448314e-08  
4.5141403e-17  1.7239973e-07  -6.0085193e-08  -4.0223622e-08  -6.9238249e-08  -8.0714209e-07  4.5912666e-07  -3.6618433e-08  6.9448314e-08  1.0000006   
