1.0000000   1.3955324e-16  1.8122175e-17  1.5783681e-16  4.1314138e-18  -3.7250787e-17  -2.1460632e-16  9.8903514e-17  3.0050429e-16  -1.6816707e-16  
1.3955449e-16  0.99999993  -3.4305709e-08  -6.3559808e-08  1.8709258e-08  -1.0918552e-08  1.7453687e-08  1.3126365e-08  -5.5880131e-08  -4.2321213e-08  
1.8124802e-17  -3.4305709e-08  0.99999992  -3.4513216e-07  -9.2133156e-08  -2.3279230e-08  7.0953521e-08  2.8864127e-07  -3.9400385e-08  -2.9109923e-08  
1.5784401e-16  -6.3559808e-08  -3.4513216e-07  1.0000004   -1.1345595e-07  -3.4985995e-08  3.8400840e-08  1.5384204e-07  -6.6820040e-08  3.0242475e-09  
4.1284676e-18  1.8709258e-08  -9.2133156e-08  -1.1345595e-07  0.99999995  -3.8084186e-08  -3.4765452e-08  -1.5201405e-07  4.6918096e-08  7.0677066e-08  
-3.7276794e-17  -1.0918552e-08  -2.3279230e-08  -3.4985995e-08  -3.8084186e-08  1.0000002   5.0111036e-07  -1.4296039e-07  -8.8035386e-09  5.3069927e-07  
-2.1461213e-16  1.7453687e-08  7.0953521e-08  3.8400840e-08  -3.4765452e-08  5.0111036e-07  1.0000002   5.1854067e-08  4.8991984e-07  -8.0091150e-07  
9.8928578e-17  1.3126365e-08  2.8864127e-07  1.5384204e-07  -1.5201405e-07  -1.4296039e-07  5.1854067e-08  0.99999987  2.7528427e-07  -2.6908758e-08  
3.0049557e-16  -5.5880131e-08  -3.9400385e-08  -6.6820040e-08  4.6918096e-08  -8.8035386e-09  4.8991984e-07  2.7528427e-07  1.0000002   -3.4846823e-07  
-1.6815333e-16  -4.2321213e-08  -2.9109923e-08  3.0242475e-09  7.0677066e-08  5.3069927e-07  -8.0091150e-07  -2.6908758e-08  -3.4846823e-07  0.99999967  
