1.0000000   -4.0861613e-16  3.6122467e-17  9.4529891e-17  -1.2624395e-16  -4.5830007e-16  -3.8636777e-17  -2.2134679e-16  -2.5021176e-16  -2.4863477e-16  
-4.0861807e-16  0.99999997  2.7871086e-08  -4.5888110e-09  -2.4046674e-08  1.7261340e-07  -2.8501831e-09  -4.0754165e-10  -3.5300281e-09  -4.1697452e-08  
3.6122554e-17  2.7871086e-08  0.99999918  3.6967696e-08  -4.3077098e-08  4.3750347e-08  -4.5959278e-09  3.3440639e-07  -2.0416936e-08  1.3313247e-08  
9.4525681e-17  -4.5888110e-09  3.6967696e-08  1.0000001   9.1394522e-08  5.7894970e-08  7.2682330e-08  -6.3390804e-09  5.4360672e-08  -7.2866765e-09  
-1.2623097e-16  -2.4046674e-08  -4.3077098e-08  9.1394522e-08  1.0000020   -3.8871570e-08  2.8094636e-08  4.3178497e-07  3.3653960e-08  3.2262221e-08  
-4.5829869e-16  1.7261340e-07  4.3750347e-08  5.7894970e-08  -3.8871570e-08  0.99999834  -1.8305372e-07  3.6366642e-08  1.9760334e-07  -4.9821346e-07  
-3.8636476e-17  -2.8501831e-09  -4.5959278e-09  7.2682330e-08  2.8094636e-08  -1.8305372e-07  1.0000008   3.8056703e-08  -4.2427045e-07  1.7425999e-08  
-2.2135788e-16  -4.0754165e-10  3.3440639e-07  -6.3390805e-09  4.3178497e-07  3.6366642e-08  3.8056703e-08  1.0000004   6.9355436e-09  -5.0451196e-08  
-2.5021318e-16  -3.5300281e-09  -2.0416936e-08  5.4360672e-08  3.3653960e-08  1.9760334e-07  -4.2427045e-07  6.9355436e-09  0.99999981  -2.7519831e-07  
-2.4863427e-16  -4.1697452e-08  1.3313247e-08  -7.2866765e-09  3.2262221e-08  -4.9821346e-07  1.7425999e-08  -5.0451196e-08  -2.7519831e-07  1.0000002   
