1.0000000   6.0771716e-16  3.5852904e-17  3.3194656e-16  5.2367270e-16  2.3441518e-16  -1.8391848e-16  3.6626358e-16  1.6539757e-16  -5.3274561e-17  
6.0771736e-16  1.0000000   -5.8397542e-16  1.3306293e-16  -2.4257436e-16  -1.7880095e-18  2.1468181e-17  6.2477493e-17  -4.1939821e-17  5.0980436e-16  
3.5861125e-17  -5.7735867e-16  1.0000000   4.0889182e-16  3.3192367e-16  2.1864497e-17  -3.9977723e-16  -2.5262894e-16  7.6170617e-16  -6.8704505e-16  
3.3194182e-16  1.3403943e-16  4.3843951e-16  1.0000000   2.6717517e-16  3.1657643e-16  8.2854283e-17  1.7642657e-17  2.5560728e-16  1.9126004e-18  
5.2366487e-16  -2.4106260e-16  -2.5501813e-17  2.5149933e-16  1.0000000   4.1599715e-16  2.5584184e-16  -3.9536533e-16  -3.7126009e-16  5.6301941e-16  
2.3441236e-16  -8.7292730e-18  2.8806552e-17  3.1657619e-16  4.1426228e-16  1.0000000   5.2346678e-16  -2.0305696e-16  -2.3732621e-16  -3.9756169e-16  
-1.8391838e-16  2.4064542e-17  -4.0541867e-16  8.2745462e-17  2.5584420e-16  5.5123132e-16  1.0000000   2.9927653e-16  7.0114159e-16  -2.9269859e-16  
3.6624354e-16  5.3582696e-17  -3.6844056e-16  4.0869348e-17  -3.7208305e-16  -1.9871862e-16  3.0112030e-16  1.0000000   -3.5302073e-16  -2.1468516e-16  
1.6539718e-16  -3.7599357e-17  7.5650213e-16  2.5755981e-16  -3.7126386e-16  -2.3037715e-16  6.7510434e-16  -3.5860717e-16  1.0000000   1.1237586e-17  
-5.3273290e-17  5.1674505e-16  -6.8010478e-16  1.9126004e-18  5.6475435e-16  -3.4204037e-16  -2.6493539e-16  -2.1468474e-16  1.1238433e-17  1.0000000   
