1.0000000   -6.3810924e-17  -1.7709548e-16  1.2178697e-16  3.2104392e-17  -3.7108982e-16  -4.4352693e-16  -2.3219109e-16  -3.4604561e-16  -8.3039948e-17  
-6.3812895e-17  0.99999990  3.4073954e-08  6.0539784e-09  -2.9783252e-09  -6.9186237e-09  3.5494623e-08  3.1920648e-07  -5.2487188e-08  2.1963930e-08  
-1.7709708e-16  3.4073954e-08  1.0000001   -1.3046780e-07  1.7253004e-07  -1.7291832e-07  2.2910941e-09  1.0407050e-08  8.1758243e-09  -4.2518214e-08  
1.2178639e-16  6.0539784e-09  -1.3046780e-07  0.99999995  6.1561800e-08  -1.4592000e-07  -3.6561898e-09  -5.5083331e-08  -7.6437745e-10  1.6412346e-08  
3.2110139e-17  -2.9783252e-09  1.7253004e-07  6.1561800e-08  1.0000014   -3.7365312e-07  9.4736717e-10  -2.8278565e-08  2.6173041e-08  -2.3375176e-08  
-3.7109343e-16  -6.9186237e-09  -1.7291832e-07  -1.4592000e-07  -3.7365312e-07  1.0000003   -1.3253450e-08  2.7530806e-08  -4.5982717e-08  3.9206612e-08  
-4.4354399e-16  3.5494623e-08  2.2910941e-09  -3.6561898e-09  9.4736717e-10  -1.3253450e-08  1.0000001   -5.0816555e-08  9.1397824e-08  1.6373806e-09  
-2.3219625e-16  3.1920648e-07  1.0407050e-08  -5.5083331e-08  -2.8278565e-08  2.7530806e-08  -5.0816555e-08  0.99999824  7.0528275e-08  -1.8561177e-07  
-3.4603468e-16  -5.2487188e-08  8.1758243e-09  -7.6437745e-10  2.6173041e-08  -4.5982717e-08  9.1397824e-08  7.0528275e-08  0.99999970  2.0838324e-07  
-8.3036949e-17  2.1963930e-08  -4.2518214e-08  1.6412346e-08  -2.3375176e-08  3.9206612e-08  1.6373806e-09  -1.8561177e-07  2.0838324e-07  1.0000003   
