1.0000000   7.7442231e-17  -1.4658302e-16  2.3925148e-16  4.8021462e-16  -3.2377623e-17  -1.2448097e-16  -5.8012704e-17  2.6088623e-16  9.5036250e-17  
7.7442912e-17  1.0000000   -7.4140828e-16  1.6465002e-16  9.5584187e-17  -2.3071822e-16  -1.0524147e-15  7.0797978e-17  1.3883582e-15  1.6740082e-16  
-1.4654441e-16  -7.3975633e-16  1.0000000   8.9002606e-16  -8.8815494e-16  1.4473083e-16  -1.3074524e-15  -1.8510197e-16  1.8459061e-15  3.6903531e-17  
2.3923894e-16  1.6456855e-16  1.2200875e-15  1.0000000   -9.3276868e-16  1.0988050e-16  -6.6923724e-16  3.9190277e-16  3.0387540e-16  7.7249405e-18  
4.8024676e-16  9.3774382e-17  1.3999736e-15  -1.1234246e-15  1.0000000   -5.1453863e-16  8.2240631e-16  7.7049043e-16  -1.4045968e-15  3.5331438e-16  
-3.2373705e-17  -1.9710795e-16  1.4419211e-16  1.0993810e-16  -5.1417356e-16  1.0000000   7.6674778e-16  6.5838177e-17  -8.9164787e-16  2.2204460e-16  
-1.2455310e-16  -1.0531127e-15  -1.3070282e-15  -6.6957298e-16  8.2155060e-16  7.2598177e-16  1.0000000   5.2045315e-16  9.2167485e-15  -8.2572837e-16  
-5.7983457e-17  7.0985173e-17  -1.1838255e-17  3.7727399e-16  3.0280867e-16  6.5909328e-17  5.2083325e-16  1.0000000   -1.2712618e-15  4.1676732e-16  
2.6094015e-16  1.3872231e-15  1.8451437e-15  3.0406524e-16  -1.4032281e-15  -8.0100857e-16  7.8956617e-15  -1.2697899e-15  1.0000000   1.1501217e-15  
9.5033285e-17  1.6393137e-16  3.7147477e-17  7.7520455e-18  3.5299929e-16  2.2204460e-16  -8.6215757e-16  4.1682153e-16  1.1969592e-15  1.0000000   
