1.0000000   4.9108275e-16  -2.1351765e-16  -2.1837666e-16  -3.1098289e-16  -6.3643788e-16  5.4580633e-16  1.5965007e-16  9.4651363e-16  2.5741820e-16  
4.9108210e-16  0.99999976  -6.8349914e-08  -2.1253725e-08  7.0058059e-09  -4.8646327e-07  4.8278342e-07  6.0678203e-09  -1.6491481e-07  -1.8427102e-07  
-2.1353535e-16  -6.8349914e-08  0.99999923  1.6253992e-07  2.8268020e-07  -4.8417509e-09  -6.3105645e-08  -3.1717369e-07  7.0948944e-08  6.1004556e-08  
-2.1837173e-16  -2.1253725e-08  1.6253992e-07  1.0000005   6.3868569e-07  4.2941276e-08  4.3589909e-09  -2.6193259e-07  -5.4212590e-09  2.4769764e-08  
-3.1098429e-16  7.0058059e-09  2.8268020e-07  6.3868569e-07  1.0000004   3.7713032e-08  -1.3042904e-08  -2.0007755e-07  1.1283636e-08  2.6124411e-09  
-6.3643695e-16  -4.8646327e-07  -4.8417509e-09  4.2941276e-08  3.7713032e-08  0.99999941  2.7382494e-07  6.2118766e-08  -2.9932564e-07  -9.5796821e-07  
5.4580702e-16  4.8278342e-07  -6.3105645e-08  4.3589909e-09  -1.3042904e-08  2.7382494e-07  1.0000005   -1.9482391e-08  2.5747430e-07  -2.4447792e-08  
1.5964409e-16  6.0678203e-09  -3.1717369e-07  -2.6193259e-07  -2.0007755e-07  6.2118766e-08  -1.9482391e-08  1.0000015   3.3245469e-09  -1.4316912e-08  
9.4651260e-16  -1.6491481e-07  7.0948944e-08  -5.4212590e-09  1.1283636e-08  -2.9932564e-07  2.5747430e-07  3.3245469e-09  0.99999938  -3.9176321e-09  
2.5741057e-16  -1.8427102e-07  6.1004556e-08  2.4769764e-08  2.6124411e-09  -9.5796821e-07  -2.4447792e-08  -1.4316912e-08  -3.9176322e-09  0.99999931  
