1.0000000   4.6277864e-16  -1.4787106e-16  -4.0271388e-16  5.6546774e-17  2.2210157e-17  -3.8116920e-16  4.6682514e-16  1.3925476e-16  1.0422910e-16  
4.6278689e-16  1.0000000   -6.0758020e-16  -7.9687725e-16  1.2721485e-16  -6.0376773e-16  3.8898878e-17  -3.6708062e-16  -3.9840719e-16  -2.4465234e-16  
-1.4786428e-16  -6.0664977e-16  1.0000000   1.5832243e-16  -6.1066916e-16  -1.0800181e-16  1.2113765e-16  3.6369856e-16  1.4094118e-17  1.2960621e-16  
-4.0270164e-16  -7.9570598e-16  5.1201128e-17  1.0000000   1.2359247e-15  3.2964046e-16  9.2062572e-17  5.2078862e-16  3.7171460e-16  3.9665875e-16  
5.6534781e-17  1.2686960e-16  -5.1829308e-16  1.1929264e-15  1.0000000   -6.9237523e-17  -2.4853970e-16  -4.3296762e-16  -6.6152912e-16  -8.5338951e-16  
2.2206804e-17  -6.0725384e-16  -1.1103565e-16  3.3451951e-16  -6.9237103e-17  1.0000000   -2.2819525e-16  2.4554023e-16  5.2105850e-16  -5.4077633e-16  
-3.8118215e-16  3.8925165e-17  1.1939662e-16  9.2519119e-17  -2.4724020e-16  -2.2819596e-16  1.0000000   -1.4410759e-16  -6.5139441e-16  -3.5766474e-16  
4.6682263e-16  -3.6871698e-16  3.2206443e-16  4.5315545e-16  -4.2353773e-16  2.4748944e-16  -1.4041569e-16  1.0000000   -3.5487721e-16  6.6385741e-16  
1.3923873e-16  -3.9330016e-16  1.5395871e-17  3.7106933e-16  -6.6109848e-16  4.9330877e-16  -6.2363735e-16  -3.5358370e-16  1.0000000   1.2099290e-15  
1.0422232e-16  -2.1698443e-16  1.2960366e-16  3.9704161e-16  -8.5252384e-16  -5.9628070e-16  -3.5766644e-16  6.6342479e-16  1.1544178e-15  1.0000000   
