1.0000000   7.3792247e-16  2.6781662e-16  1.0427607e-16  1.7063627e-16  1.7159949e-16  -2.2982543e-16  -1.8515194e-16  -5.8898944e-17  2.5267523e-16  
7.3793318e-16  1.0000002   6.3966739e-08  6.9745676e-10  -6.6442961e-08  -3.0147898e-07  5.3996536e-08  4.0046184e-10  -5.9068701e-09  -1.0419418e-07  
2.6781454e-16  6.3966739e-08  1.0000000   1.2010341e-07  8.1290342e-08  1.4394366e-08  -2.7743991e-07  2.2682316e-07  -1.3321059e-08  -4.6643314e-08  
1.0427161e-16  6.9745676e-10  1.2010341e-07  1.0000001   -3.6992837e-08  4.2966200e-09  7.3949898e-08  -5.7789042e-08  -3.4873772e-08  1.8490331e-08  
1.7062803e-16  -6.6442961e-08  8.1290342e-08  -3.6992837e-08  0.99999873  -3.3193747e-08  -3.2395853e-07  5.4542127e-07  -8.9595494e-09  -1.4677315e-08  
1.7158360e-16  -3.0147898e-07  1.4394366e-08  4.2966200e-09  -3.3193747e-08  1.0000002   6.6719590e-08  -8.0634034e-08  6.0882340e-08  -1.6054555e-08  
-2.2982543e-16  5.3996536e-08  -2.7743991e-07  7.3949898e-08  -3.2395853e-07  6.6719590e-08  0.99999981  -1.3929343e-07  -3.0112901e-07  -1.7623536e-09  
-1.8514513e-16  4.0046184e-10  2.2682316e-07  -5.7789042e-08  5.4542127e-07  -8.0634034e-08  -1.3929343e-07  0.99999993  8.7376934e-08  -6.6359996e-08  
-5.8897202e-17  -5.9068701e-09  -1.3321059e-08  -3.4873772e-08  -8.9595494e-09  6.0882340e-08  -3.0112901e-07  8.7376934e-08  1.0000006   4.0825944e-08  
2.5267660e-16  -1.0419418e-07  -4.6643314e-08  1.8490331e-08  -1.4677315e-08  -1.6054555e-08  -1.7623536e-09  -6.6359996e-08  4.0825944e-08  0.99999989  
