1.0000000   3.7942964e-16  -6.5665523e-16  9.1068193e-17  6.4772326e-16  -7.9433903e-17  -3.4449105e-16  -8.7866708e-17  3.6635022e-17  -1.0686845e-16  
3.7943161e-16  1.0000000   -2.0397400e-16  -4.9440466e-17  9.5411485e-17  -4.1112946e-16  -1.1443754e-15  1.4150331e-16  1.9567681e-15  4.4755866e-16  
-6.5662888e-16  -2.0426242e-16  1.0000000   7.1751780e-16  2.3267959e-15  2.3851499e-15  -4.4131026e-15  -5.6491573e-16  5.4203874e-15  -4.4880549e-16  
9.1074214e-17  -4.9473417e-17  6.5932061e-16  1.0000000   -1.8547191e-15  1.5434866e-16  1.6851102e-15  -1.6351687e-17  -1.7448713e-15  1.4562296e-16  
6.4771944e-16  9.5844954e-17  2.8089178e-15  -1.9077107e-15  1.0000000   -8.4823912e-16  7.9388942e-15  6.6282429e-16  -8.5078158e-15  -3.1230444e-16  
-7.9438244e-17  -4.4365553e-16  2.3842148e-15  1.5450559e-16  -8.4714137e-16  1.0000000   4.5102810e-16  6.6895274e-16  -8.3266727e-17  -1.6653345e-16  
-3.4445902e-16  -1.1413396e-15  -4.3948135e-15  1.6836355e-15  7.9542899e-15  3.5561831e-16  1.0000000   -2.5334451e-15  -8.7742313e-15  9.8532293e-16  
-8.7862779e-17  1.4167231e-16  1.2240428e-16  -1.4737232e-16  -5.7685118e-17  6.6907725e-16  -2.5452521e-15  1.0000000   2.4514785e-15  -2.4244116e-16  
3.6548466e-17  1.9513471e-15  5.4221764e-15  -1.7468767e-15  -8.5341348e-15  7.2858386e-17  -1.2018164e-14  2.4496396e-15  1.0000000   -4.4408921e-16  
-1.0686379e-16  4.6577325e-16  -4.4539025e-16  1.4582519e-16  -3.1333443e-16  -3.3306691e-16  1.0824674e-15  -2.4259024e-16  -4.4408921e-16  1.0000000   
