1.0000000   2.4373505e-17  -8.1898268e-17  -2.0119296e-16  1.9264621e-16  2.8722887e-18  4.1188608e-16  1.5419515e-17  7.3975093e-18  -9.5948504e-17  
2.4375147e-17  1.0000000   -7.5628247e-16  1.2052887e-16  2.3480704e-16  3.2737485e-16  3.3343283e-16  -6.2820251e-17  1.6328085e-16  -1.2359905e-17  
-8.1855668e-17  -7.5727371e-16  1.0000000   2.6657581e-15  1.5256450e-14  -2.4805360e-16  -2.5955254e-15  1.5023955e-15  2.7974299e-15  1.1210041e-15  
-2.0119403e-16  1.2059801e-16  2.3689986e-15  1.0000000   -1.8984731e-15  -3.8784622e-16  3.7365503e-16  1.9263746e-16  -9.2603232e-16  -1.8865118e-16  
1.9262200e-16  2.3522062e-16  1.1950607e-14  -1.8819671e-15  1.0000000   1.2251504e-15  4.0750279e-15  -1.0313117e-15  -3.9864179e-15  -1.5255356e-15  
2.8663595e-18  2.9251775e-16  -2.4786217e-16  -3.8791398e-16  1.2248622e-15  1.0000000   2.6888214e-16  3.3919265e-16  -5.8243341e-16  -1.3877788e-16  
4.1187285e-16  3.3240283e-16  -2.5967361e-15  3.7408829e-16  4.0715746e-15  1.3422423e-16  1.0000000   -2.1308820e-15  2.7002597e-15  1.9428903e-16  
1.5427358e-17  -6.2857256e-17  1.4888664e-15  2.7124073e-16  -8.6240049e-16  3.3921975e-16  -2.1312378e-15  1.0000000   1.9952081e-15  -1.9884268e-16  
7.3907595e-18  1.6184428e-16  2.7983944e-15  -9.2635758e-16  -3.9876000e-15  -5.1130974e-16  4.9854191e-15  1.9926167e-15  1.0000000   -1.1275703e-16  
-9.5934952e-17  -8.6736174e-18  1.1209227e-15  -1.8821750e-16  -1.5255267e-15  -5.5511151e-17  1.8041124e-16  -1.9907307e-16  -1.1796120e-16  1.0000000   
