1.0000000   -1.1667011e-16  5.3673411e-18  -2.7943259e-16  -9.0314112e-17  2.5184143e-16  -3.0873024e-16  -1.7989688e-17  -5.1150746e-17  -3.2613426e-16  
-1.1667020e-16  0.99999997  3.7270082e-08  5.7855845e-08  -2.3386344e-08  -1.2406011e-08  1.7452967e-08  4.1336142e-08  7.2901528e-09  5.0306426e-08  
5.3611288e-18  3.7270082e-08  0.99999992  2.1891480e-07  8.9711235e-08  1.5996764e-08  -3.4777744e-08  -1.9255463e-08  2.2962531e-08  4.2886258e-08  
-2.7943361e-16  5.7855845e-08  2.1891480e-07  1.0000004   -3.9258379e-07  4.1915894e-08  4.9072171e-08  -3.9826107e-07  -5.2431923e-08  3.7632589e-08  
-9.0320433e-17  -2.3386344e-08  8.9711235e-08  -3.9258379e-07  1.0000003   5.2619470e-09  -5.2576278e-08  -9.7782858e-08  1.2351855e-08  -4.7050261e-08  
2.5184071e-16  -1.2406011e-08  1.5996764e-08  4.1915894e-08  5.2619470e-09  1.0000001   -9.6336145e-09  1.0328105e-08  -6.6966109e-08  6.1025945e-07  
-3.0873600e-16  1.7452967e-08  -3.4777744e-08  4.9072171e-08  -5.2576278e-08  -9.6336145e-09  1.0000002   2.7063732e-07  -8.0843299e-08  2.7856483e-08  
-1.7997679e-17  4.1336142e-08  -1.9255463e-08  -3.9826107e-07  -9.7782858e-08  1.0328105e-08  2.7063732e-07  0.99999934  -2.3447128e-07  -6.6097781e-08  
-5.1157504e-17  7.2901528e-09  2.2962531e-08  -5.2431923e-08  1.2351855e-08  -6.6966109e-08  -8.0843299e-08  -2.3447128e-07  0.99999973  -6.7848520e-09  
-3.2613422e-16  5.0306426e-08  4.2886258e-08  3.7632589e-08  -4.7050261e-08  6.1025945e-07  2.7856483e-08  -6.6097781e-08  -6.7848520e-09  1.0000004   
