1.0000000   -1.0087405e-17  9.1611349e-16  -1.6092199e-16  -1.0774347e-15  -3.4025737e-17  7.5643960e-17  1.5312646e-16  -1.3182035e-16  -6.3175952e-17  
-1.0083242e-17  1.0000000   6.8950515e-16  -7.7662333e-17  -7.3612923e-16  1.5731774e-16  5.1087606e-16  6.2211690e-16  -5.1434551e-16  3.1225023e-16  
9.1612104e-16  6.9007393e-16  1.0000000   -8.8203394e-17  -1.1291483e-14  -2.6752689e-17  -1.3715835e-15  3.3056696e-15  -3.1245622e-15  -8.3971458e-16  
-1.6092126e-16  -7.7636075e-17  8.3991787e-18  1.0000000   1.5299045e-15  3.4637549e-16  -6.5277102e-16  5.3651882e-16  7.4300375e-16  -7.3693222e-16  
-1.0774307e-15  -7.3447963e-16  -1.0015557e-14  1.4742619e-15  1.0000000   -2.7782681e-16  4.0425291e-15  -3.3453400e-15  -4.0419057e-16  9.7258356e-16  
-3.4025843e-17  1.6696713e-16  -2.5153490e-17  3.4629417e-16  -2.7885680e-16  1.0000000   2.5257574e-15  -3.1832176e-16  -1.8596236e-15  6.1062266e-16  
7.5649889e-17  5.1130974e-16  -1.3715157e-15  -6.5710783e-16  4.0493867e-15  2.5257574e-15  1.0000000   2.7416762e-16  1.5404344e-15  -4.2188475e-15  
1.5313345e-16  6.2266239e-16  3.7875853e-15  5.4814329e-16  -4.0543783e-15  -3.1802360e-16  2.5660355e-16  1.0000000   -1.1662763e-15  -2.7061686e-16  
-1.3182141e-16  -5.1564655e-16  -3.1125276e-15  7.4132324e-16  -4.1503259e-16  -1.8179902e-15  -2.4147351e-15  -1.1787988e-15  1.0000000   3.4416914e-15  
-6.3172988e-17  3.0704606e-16  -8.3960616e-16  -7.3801642e-16  9.6927674e-16  6.1062266e-16  -3.9412917e-15  -2.6649689e-16  3.5527137e-15  1.0000000   
