1.0000000   1.6250804e-17  1.4196317e-16  -6.5957827e-17  -9.7964370e-17  4.1966247e-18  2.4717840e-16  -2.1783787e-17  8.0826319e-17  -5.8081049e-17  
1.6249546e-17  1.0000000   1.0043786e-15  -7.9827837e-16  -3.5781213e-17  4.8550573e-16  1.8309464e-17  -1.2449439e-16  6.6857327e-16  -3.2417645e-16  
1.4194340e-16  1.0029023e-15  1.0000000   -1.2922845e-15  -3.5408171e-15  9.6510256e-16  -1.6648602e-15  -4.4614676e-16  6.5950663e-16  3.9334855e-16  
-6.5952311e-17  -7.9804734e-16  -1.2284934e-15  1.0000000   3.7575742e-16  -3.0921785e-16  -1.1013478e-15  3.4880373e-16  1.6996241e-15  -5.1777430e-16  
-9.7935242e-17  -3.3544411e-17  -4.0247452e-15  7.6130801e-16  1.0000000   -4.5245790e-16  1.6777004e-15  1.5652037e-16  -1.4423514e-15  4.1583558e-16  
4.2040363e-18  5.2323597e-16  9.6591572e-16  -3.0956683e-16  -4.5287125e-16  1.0000000   -2.0122792e-16  6.5672158e-17  5.7939764e-16  -8.8817842e-16  
2.4717194e-16  -7.3725748e-18  -1.6635456e-15  -1.1033383e-15  1.6764205e-15  1.9428903e-16  1.0000000   1.8849871e-16  1.0122111e-15  1.5265567e-16  
-2.1791575e-17  -1.2455461e-16  -2.9248334e-16  1.7422761e-16  2.4783125e-18  6.5567126e-17  1.8300994e-16  1.0000000   -1.2180334e-17  -2.9108118e-16  
8.0834895e-17  6.8846838e-16  6.5870703e-16  1.7005169e-15  -1.4423142e-15  3.2959746e-16  2.1163626e-16  -1.7584404e-17  1.0000000   4.7184479e-16  
-5.8084437e-17  -3.2873010e-16  3.9291487e-16  -5.1748970e-16  4.1459891e-16  -8.6042284e-16  4.7184479e-16  -2.9137933e-16  1.6653345e-16  1.0000000   
