1.0000000   -1.4497592e-16  -5.8168906e-17  2.0427717e-16  1.2187712e-16  3.5107621e-16  -5.3769785e-16  -1.5761621e-16  2.7643889e-16  -2.0234226e-16  
-1.4497468e-16  0.99999992  -2.9262296e-08  -3.0495480e-08  3.9157389e-09  -3.6957779e-08  -8.6164833e-08  -3.4857314e-07  -1.8994134e-08  -1.2516697e-07  
-5.8160934e-17  -2.9262296e-08  0.99999990  3.2971764e-08  -2.5944551e-07  -4.5128610e-07  7.6840806e-08  1.8201291e-08  -1.3989468e-08  -2.8209171e-08  
2.0427801e-16  -3.0495480e-08  3.2971764e-08  1.0000002   1.4835290e-10  1.9528564e-07  -6.1758245e-08  -3.4453255e-08  2.9885022e-08  5.3827302e-09  
1.2188495e-16  3.9157389e-09  -2.5944551e-07  1.4835288e-10  1.0000002   -1.8653674e-07  7.4618407e-08  1.2940783e-08  -7.0753077e-08  -2.2757564e-08  
3.5106697e-16  -3.6957779e-08  -4.5128610e-07  1.9528564e-07  -1.8653674e-07  0.99999966  -1.0288173e-07  5.6421850e-08  -2.0563165e-10  -1.2601769e-08  
-5.3769696e-16  -8.6164833e-08  7.6840806e-08  -6.1758245e-08  7.4618407e-08  -1.0288173e-07  1.0000004   -3.9430606e-07  -5.2708101e-08  1.0835286e-07  
-1.5761137e-16  -3.4857314e-07  1.8201291e-08  -3.4453255e-08  1.2940783e-08  5.6421850e-08  -3.9430606e-07  0.99999987  -1.5515248e-07  2.8296078e-07  
2.7643972e-16  -1.8994134e-08  -1.3989468e-08  2.9885022e-08  -7.0753077e-08  -2.0563165e-10  -5.2708101e-08  -1.5515248e-07  0.99999931  -2.6646421e-09  
-2.0235267e-16  -1.2516697e-07  -2.8209171e-08  5.3827302e-09  -2.2757564e-08  -1.2601769e-08  1.0835286e-07  2.8296078e-07  -2.6646421e-09  0.99999986  
