1.0000000   -2.7840585e-16  3.1861327e-16  -2.8969936e-16  -1.7316630e-16  -5.0253842e-16  -9.9915447e-16  3.7140496e-16  -3.3093343e-16  -2.2186862e-16  
-2.7840981e-16  1.0000003   3.5826066e-08  -1.8511796e-08  1.9458875e-08  7.0093073e-07  -7.2978553e-08  -1.3256202e-08  -1.2273541e-08  8.3376644e-08  
3.1861955e-16  3.5826066e-08  0.99999960  -6.0108107e-07  -2.0477267e-07  5.6865993e-10  -2.7273855e-08  -2.4812988e-09  3.0939039e-08  2.3025053e-08  
-2.8970302e-16  -1.8511796e-08  -6.0108107e-07  1.0000011   -3.4028514e-07  -1.4618398e-08  2.1611939e-08  5.9076709e-07  -2.5917562e-08  -3.8700980e-08  
-1.7316317e-16  1.9458875e-08  -2.0477267e-07  -3.4028513e-07  1.0000001   1.4958723e-08  1.2326596e-08  -1.8429411e-09  3.0960014e-08  -1.0300617e-08  
-5.0253743e-16  7.0093073e-07  5.6865993e-10  -1.4618398e-08  1.4958723e-08  1.0000003   -8.6579073e-08  -1.5396944e-08  -8.3969249e-07  3.0047076e-08  
-9.9915550e-16  -7.2978553e-08  -2.7273855e-08  2.1611939e-08  1.2326596e-08  -8.6579073e-08  1.0000005   -3.9791335e-09  1.9759376e-07  5.8616576e-07  
3.7140546e-16  -1.3256202e-08  -2.4812989e-09  5.9076709e-07  -1.8429411e-09  -1.5396944e-08  -3.9791335e-09  0.99999912  -2.6010949e-09  -1.0808112e-08  
-3.3092405e-16  -1.2273541e-08  3.0939039e-08  -2.5917562e-08  3.0960014e-08  -8.3969249e-07  1.9759376e-07  -2.6010949e-09  0.99999775  6.0654696e-07  
-2.2187172e-16  8.3376644e-08  2.3025053e-08  -3.8700980e-08  -1.0300617e-08  3.0047076e-08  5.8616576e-07  -1.0808112e-08  6.0654696e-07  1.0000021   
