1.0000000   8.9537223e-17  8.2666441e-17  -5.3432901e-17  1.5135545e-16  2.1082250e-16  1.4812085e-16  -4.1038471e-17  -6.7662733e-17  1.0413762e-16  
8.9529475e-17  1.0000000   1.8234765e-16  -1.5573868e-16  5.4536864e-16  3.3004653e-16  3.1935196e-17  -1.7224337e-16  2.3971390e-16  5.2237962e-16  
8.2667372e-17  1.8259741e-16  1.0000000   4.5680597e-16  -9.4760203e-17  -2.0872575e-17  -2.2198722e-16  -2.9199503e-16  1.2856592e-16  -3.6608933e-16  
-5.3424902e-17  -1.5739127e-16  4.6926265e-16  1.0000000   1.3452648e-16  1.9606903e-16  -1.3826622e-16  -1.8836855e-17  -6.7446512e-18  -9.9114777e-16  
1.5135248e-16  5.4560428e-16  3.8094155e-18  1.4829407e-16  1.0000000   5.1525344e-17  -2.0507704e-16  -2.1923665e-16  7.0707942e-16  -1.2964009e-16  
2.1082486e-16  2.7106359e-16  -2.5751545e-17  1.9346609e-16  4.9193907e-17  1.0000000   -1.9340963e-16  -3.0465856e-16  -1.0280780e-16  2.4924453e-16  
1.4817455e-16  3.1937110e-17  -2.3082570e-16  -1.3652928e-16  -2.0138867e-16  -1.7952038e-16  1.0000000   -2.7273982e-16  -1.2497269e-17  1.7897891e-16  
-4.1035658e-17  -1.7203219e-16  -3.0079593e-16  -4.2384538e-17  -2.0591010e-16  -3.0395117e-16  -2.7047077e-16  1.0000000   8.9798413e-17  3.2758322e-16  
-6.7644860e-17  2.4144979e-16  1.2764471e-16  -9.3482956e-18  7.0837521e-16  -1.0280925e-16  4.3018913e-17  8.4598872e-17  1.0000000   -6.3387711e-16  
1.0412068e-16  5.1197043e-16  -3.6928434e-16  -9.8854568e-16  -1.3083101e-16  2.2150928e-16  1.2346352e-16  3.2421372e-16  -6.3387372e-16  1.0000000   
