1.0000000   3.6205709e-16  1.6706215e-16  -1.6473265e-16  -3.5407588e-16  -3.6293340e-16  4.4719648e-16  -9.0805063e-17  -5.7875049e-16  -5.9215226e-16  
3.6204621e-16  1.0000000   -8.2342391e-17  2.2372941e-17  -1.6365111e-16  4.2275831e-16  4.3684354e-16  -4.6777254e-16  -2.5771813e-16  -3.6629940e-17  
1.6705330e-16  -7.7373969e-17  1.0000000   -3.1669280e-16  7.4655211e-16  1.6235900e-16  5.7544809e-16  1.6234272e-16  -2.2605856e-16  4.8748440e-16  
-1.6474088e-16  1.1501490e-17  -3.0321506e-16  1.0000000   -6.5387246e-17  2.6272769e-17  -5.0687195e-16  -2.5168249e-17  7.4039314e-16  -1.4592684e-16  
-3.5407270e-16  -1.6333614e-16  7.9192073e-16  -3.0269591e-16  1.0000000   3.3327548e-16  6.2041040e-16  2.8966976e-16  3.6478335e-16  -5.3630738e-17  
-3.6293419e-16  4.2275554e-16  1.6430863e-16  2.3233527e-17  3.4281359e-16  1.0000000   3.3005041e-16  -6.4311977e-17  -5.1299961e-16  5.6061214e-16  
4.4719702e-16  4.2989343e-16  5.7773203e-16  -5.0962775e-16  6.2387862e-16  3.1616713e-16  1.0000000   -1.2236075e-16  3.3168819e-18  2.7689168e-16  
-9.0808033e-17  -4.6685293e-16  6.0119469e-17  -5.2008091e-17  3.0107922e-16  -7.8202337e-17  -1.2539677e-16  1.0000000   1.5759886e-16  -1.0150843e-17  
-5.7877281e-16  -2.5142605e-16  -2.1673268e-16  7.4109369e-16  3.6630949e-16  -4.9911846e-16  8.3131958e-17  1.5249923e-16  1.0000000   7.2053705e-17  
-5.9214633e-16  -4.3571375e-17  4.8272746e-16  -1.5558809e-16  -6.5778885e-17  6.7164800e-16  2.2138053e-16  -1.6222375e-17  7.2055399e-17  1.0000000   
