1.0000000   -1.4501986e-16  -5.5141213e-16  4.3586292e-16  1.3691926e-16  2.1760590e-16  3.5077937e-16  -2.4457329e-16  -4.0964383e-16  -2.5079746e-16  
-1.4502022e-16  1.0000001   1.0788133e-08  -2.2330757e-08  -6.5219381e-09  2.9845241e-07  1.3795489e-07  4.5514424e-10  -1.3073967e-07  -3.0141310e-07  
-5.5139599e-16  1.0788133e-08  1.0000008   3.9161791e-07  -7.0780822e-07  -5.8431531e-08  -1.4561800e-08  -2.0142206e-07  -1.3622854e-08  4.8214607e-08  
4.3584465e-16  -2.2330757e-08  3.9161791e-07  0.99999952  -2.0568199e-07  2.0337778e-08  6.3910964e-09  -2.1712082e-07  3.8094422e-08  -1.2320238e-08  
1.3692272e-16  -6.5219381e-09  -7.0780822e-07  -2.0568199e-07  0.99999981  -1.3748526e-08  -9.7440568e-09  5.5942524e-08  6.7978464e-08  -1.6763431e-08  
2.1760599e-16  2.9845241e-07  -5.8431531e-08  2.0337778e-08  -1.3748526e-08  0.99999974  3.0567708e-08  2.1114139e-08  2.9805952e-07  4.6097756e-08  
3.5077666e-16  1.3795489e-07  -1.4561800e-08  6.3910964e-09  -9.7440568e-09  3.0567708e-08  1.0000004   5.7874457e-08  5.8982303e-07  4.6100822e-07  
-2.4455115e-16  4.5514424e-10  -2.0142206e-07  -2.1712081e-07  5.5942524e-08  2.1114139e-08  5.7874457e-08  1.0000005   -2.0068273e-08  3.7262533e-08  
-4.0964455e-16  -1.3073967e-07  -1.3622854e-08  3.8094422e-08  6.7978464e-08  2.9805952e-07  5.8982303e-07  -2.0068273e-08  1.0000002   1.1238394e-08  
-2.5079626e-16  -3.0141310e-07  4.8214607e-08  -1.2320238e-08  -1.6763431e-08  4.6097756e-08  4.6100822e-07  3.7262533e-08  1.1238394e-08  0.99999962  
