1.0000000   1.3349774e-16  1.3338359e-15  -1.7174619e-16  -1.3680838e-15  -1.8857071e-16  -3.2559436e-16  3.0021884e-16  4.6127813e-16  7.6727632e-17  
1.3347771e-16  1.0000000   -6.3873442e-15  1.5489951e-15  7.0761124e-15  -5.4283292e-16  -4.3239338e-17  -2.1691762e-15  3.6720403e-16  1.0061396e-16  
1.3343256e-15  -6.5492481e-15  1.0000000   5.9057055e-13  4.4996951e-12  6.8130180e-15  -2.2156132e-14  -1.2548632e-12  1.5013048e-14  -6.2432020e-15  
-1.7180312e-16  1.5534483e-15  5.4071932e-13  1.0000000   -6.1302619e-13  -1.2703868e-15  3.5763671e-15  1.7840004e-13  -1.7850563e-15  5.4893156e-16  
-1.3685322e-15  7.2631994e-15  4.5466376e-12  -6.7828324e-13  1.0000000   -8.1319396e-15  2.5240862e-14  1.4917972e-12  -1.6930773e-14  7.6011134e-15  
-1.8856224e-16  -5.0859924e-16  6.9081026e-15  -1.2817438e-15  -8.2803773e-15  1.0000000   1.2056328e-16  2.2290384e-15  2.7560419e-16  2.7755576e-17  
-3.2558615e-16  -4.2575264e-17  -2.1113143e-14  3.5896627e-15  2.3771986e-14  1.1015494e-16  1.0000000   -6.4998479e-15  -4.0163592e-16  5.5858096e-16  
3.0029659e-16  -2.0969390e-15  -9.2835088e-13  1.4209433e-13  1.0976855e-12  2.2162731e-15  -5.6485187e-15  1.0000000   3.7199356e-15  -1.6190510e-15  
4.6129600e-16  3.6722266e-16  1.1706673e-14  -1.4148768e-15  -1.3072063e-14  3.0010716e-16  -8.7162740e-16  3.6380743e-15  1.0000000   3.8163916e-16  
7.6727632e-17  9.8011876e-17  -6.2354635e-15  5.4402555e-16  7.5980888e-15  -5.5511151e-17  5.5988200e-16  -1.5955119e-15  3.9204751e-16  1.0000000   
