0.99973001  1.2672828e-05  -1.8835403e-05  -8.6458159e-07  -2.2487759e-05  -2.5206860e-05  -7.0336960e-06  8.3004077e-05  -5.2628368e-05  -1.8350781e-05  
1.2672828e-05  0.99991869  5.7974475e-06  -8.8813486e-06  -1.0803335e-05  4.4444931e-05  -2.6405776e-05  5.2003434e-05  -4.8398320e-06  -8.8956722e-06  
-1.8835403e-05  5.7974475e-06  0.99976334  2.4623071e-05  -4.5049079e-05  -4.2532336e-07  -1.7540000e-06  -3.1202508e-06  2.2407849e-05  -1.6438058e-05  
-8.6458159e-07  -8.8813486e-06  2.4623071e-05  0.99977367  1.5182158e-05  4.0463932e-06  3.4265556e-05  2.2837384e-05  9.0058669e-06  -2.4250894e-05  
-2.2487759e-05  -1.0803335e-05  -4.5049079e-05  1.5182158e-05  0.99982262  -3.4584328e-06  -3.1649528e-07  -9.8880355e-06  -4.0500029e-06  3.2762242e-06  
-2.5206860e-05  4.4444931e-05  -4.2532336e-07  4.0463932e-06  -3.4584328e-06  0.99973451  -2.9794707e-05  -1.0313208e-05  -4.1052065e-06  -4.5796370e-05  
-7.0336960e-06  -2.6405776e-05  -1.7540000e-06  3.4265556e-05  -3.1649528e-07  -2.9794707e-05  0.99969935  -1.9859203e-05  3.7100743e-05  1.3266750e-05  
8.3004077e-05  5.2003434e-05  -3.1202508e-06  2.2837384e-05  -9.8880355e-06  -1.0313208e-05  -1.9859203e-05  0.99984545  -1.1805726e-05  1.9226237e-05  
-5.2628368e-05  -4.8398320e-06  2.2407849e-05  9.0058669e-06  -4.0500029e-06  -4.1052065e-06  3.7100743e-05  -1.1805726e-05  0.99965999  -1.7911711e-05  
-1.8350781e-05  -8.8956722e-06  -1.6438058e-05  -2.4250894e-05  3.2762242e-06  -4.5796370e-05  1.3266750e-05  1.9226237e-05  -1.7911711e-05  0.99962214  
