1.0000000   2.2458590e-16  3.9307147e-16  8.4598357e-17  3.9346238e-16  -4.2503093e-17  3.0975335e-16  -4.1326352e-16  4.0002830e-16  5.7975786e-16  
2.2458776e-16  0.99999983  2.5094622e-08  7.6237122e-09  -4.8397510e-10  3.8932269e-07  3.9271820e-10  1.6274506e-08  -1.7335832e-09  -4.0673122e-08  
3.9307604e-16  2.5094622e-08  1.0000002   -7.1999174e-09  1.3055521e-07  1.0494414e-08  2.4807388e-08  -2.8891635e-07  3.5827243e-08  1.1723473e-08  
8.4602909e-17  7.6237122e-09  -7.1999174e-09  0.99999985  -6.7911252e-08  -6.9183717e-09  -4.5167683e-08  3.1671305e-07  1.0244282e-07  2.3171282e-08  
3.9346594e-16  -4.8397510e-10  1.3055521e-07  -6.7911252e-08  1.0000007   -2.2194648e-08  3.1959256e-09  -7.3656044e-08  2.8066300e-08  4.6592598e-09  
-4.2519797e-17  3.8932269e-07  1.0494414e-08  -6.9183717e-09  -2.2194648e-08  0.99999864  9.2235492e-08  -4.8762364e-08  5.4928547e-08  4.7818423e-07  
3.0975146e-16  3.9271820e-10  2.4807388e-08  -4.5167683e-08  3.1959256e-09  9.2235492e-08  0.99999935  5.7171074e-09  -2.5292148e-08  -1.5456258e-08  
-4.1327379e-16  1.6274506e-08  -2.8891635e-07  3.1671305e-07  -7.3656044e-08  -4.8762364e-08  5.7171073e-09  1.0000001   -1.1106476e-07  -5.7162820e-09  
4.0002328e-16  -1.7335832e-09  3.5827243e-08  1.0244282e-07  2.8066300e-08  5.4928547e-08  -2.5292148e-08  -1.1106476e-07  1.0000005   -1.5211855e-07  
5.7973787e-16  -4.0673122e-08  1.1723473e-08  2.3171282e-08  4.6592598e-09  4.7818423e-07  -1.5456258e-08  -5.7162820e-09  -1.5211855e-07  1.0000004   
