0.99977801  3.5562366e-05  -1.4378317e-05  -8.7076311e-06  -7.2690851e-05  -9.2593726e-06  -2.6277121e-05  -2.5038620e-05  -3.3184595e-05  -9.8688477e-06  
3.5562366e-05  0.99984403  -5.2237969e-05  -3.7421772e-07  -3.0183504e-06  1.6797995e-05  6.0274554e-06  -6.7407553e-05  -8.4502328e-06  -1.4881604e-05  
-1.4378317e-05  -5.2237969e-05  0.99984455  8.4549039e-05  4.0127386e-05  1.3833030e-05  1.4417179e-05  2.5123748e-05  2.9249019e-05  -1.5654039e-05  
-8.7076311e-06  -3.7421772e-07  8.4549039e-05  0.99974958  3.3335366e-05  -1.7494426e-05  -5.0725887e-05  9.9174190e-06  -3.8792671e-05  -7.0948084e-06  
-7.2690851e-05  -3.0183504e-06  4.0127386e-05  3.3335366e-05  0.99979738  -2.4592531e-06  -5.3256228e-05  4.3247830e-05  -8.9557292e-06  1.7894753e-05  
-9.2593726e-06  1.6797995e-05  1.3833030e-05  -1.7494426e-05  -2.4592531e-06  0.99985320  7.1265129e-05  -2.4462220e-05  -7.0148085e-05  -1.8750150e-05  
-2.6277121e-05  6.0274554e-06  1.4417179e-05  -5.0725887e-05  -5.3256228e-05  7.1265129e-05  0.99984308  -7.2256606e-05  -1.9063773e-05  2.9642671e-05  
-2.5038620e-05  -6.7407553e-05  2.5123748e-05  9.9174190e-06  4.3247830e-05  -2.4462220e-05  -7.2256606e-05  0.99984628  -4.8758365e-05  2.2598784e-05  
-3.3184595e-05  -8.4502328e-06  2.9249019e-05  -3.8792671e-05  -8.9557292e-06  -7.0148085e-05  -1.9063773e-05  -4.8758365e-05  0.99985736  -1.9401608e-05  
-9.8688477e-06  -1.4881604e-05  -1.5654039e-05  -7.0948084e-06  1.7894753e-05  -1.8750150e-05  2.9642671e-05  2.2598784e-05  -1.9401608e-05  0.99974962  
