1.0000000   -2.7801925e-16  -2.7597404e-16  -2.3571116e-16  -7.3699466e-16  3.2552267e-16  -1.2929916e-17  9.3322571e-16  2.5370771e-16  6.9163896e-16  
-2.7801875e-16  1.0000001   -2.5796651e-08  -1.2811249e-08  1.3844833e-08  1.2446301e-08  1.1952120e-07  -7.1343610e-08  -3.0709273e-08  -2.0822150e-07  
-2.7598222e-16  -2.5796651e-08  1.0000007   -4.8932240e-07  -2.6978635e-07  4.1693843e-07  1.6336875e-08  4.9551991e-08  -4.4082898e-08  3.7978642e-08  
-2.3571805e-16  -1.2811249e-08  -4.8932240e-07  1.0000003   -2.4411726e-07  -6.3468405e-07  2.2372364e-08  4.5614050e-08  3.4974670e-09  6.7356680e-09  
-7.3701399e-16  1.3844833e-08  -2.6978635e-07  -2.4411726e-07  0.99999992  -2.1627112e-07  1.0171637e-08  1.7880438e-09  -3.8798244e-08  4.1938815e-09  
3.2552049e-16  1.2446301e-08  4.1693843e-07  -6.3468405e-07  -2.1627112e-07  0.99999911  8.6224890e-08  9.0805796e-09  -2.6449227e-09  1.4906105e-10  
-1.2936358e-17  1.1952120e-07  1.6336875e-08  2.2372364e-08  1.0171637e-08  8.6224890e-08  1.0000006   -6.5547735e-07  1.1107779e-07  -5.5615602e-07  
9.3322157e-16  -7.1343610e-08  4.9551991e-08  4.5614050e-08  1.7880438e-09  9.0805796e-09  -6.5547735e-07  0.99999923  3.1952643e-07  -1.3275782e-07  
2.5370076e-16  -3.0709273e-08  -4.4082898e-08  3.4974670e-09  -3.8798244e-08  -2.6449227e-09  1.1107779e-07  3.1952643e-07  0.99999961  -1.3732193e-07  
6.9163690e-16  -2.0822150e-07  3.7978642e-08  6.7356680e-09  4.1938815e-09  1.4906105e-10  -5.5615602e-07  -1.3275782e-07  -1.3732193e-07  0.99999996  
