1.0000000   -1.0549470e-16  -1.3963467e-16  4.1767316e-16  2.2962237e-16  -3.6388388e-16  -2.6694366e-17  -1.1753584e-16  4.2197213e-16  3.6069268e-16  
-1.0549476e-16  1.0000000   1.7502597e-08  3.0153871e-08  -2.4722533e-08  2.0582171e-08  -6.6274880e-09  -4.1077951e-08  -8.1627539e-08  2.1864842e-07  
-1.3962675e-16  1.7502597e-08  1.0000010   3.8357315e-07  -3.2469990e-07  4.9331180e-08  -2.2243537e-08  -6.5328283e-08  -1.8906176e-08  -2.5475371e-08  
4.1766954e-16  3.0153871e-08  3.8357315e-07  0.99999971  1.0909739e-07  8.8900082e-08  -4.8960783e-08  -4.3613354e-08  -5.8145159e-08  6.2298509e-08  
2.2962134e-16  -2.4722533e-08  -3.2469990e-07  1.0909739e-07  0.99999892  -2.0802649e-07  5.8106424e-08  3.6144006e-08  -1.2570423e-08  3.8822916e-08  
-3.6388562e-16  2.0582171e-08  4.9331180e-08  8.8900082e-08  -2.0802649e-07  0.99999907  -9.1420484e-09  7.1992136e-09  3.0714962e-08  4.1240475e-09  
-2.6701892e-17  -6.6274880e-09  -2.2243537e-08  -4.8960783e-08  5.8106424e-08  -9.1420484e-09  0.99999975  -1.5212193e-07  6.3723903e-07  -2.0943876e-07  
-1.1753498e-16  -4.1077951e-08  -6.5328283e-08  -4.3613354e-08  3.6144006e-08  7.1992136e-09  -1.5212193e-07  1.0000010   -2.2411358e-07  -7.6950496e-07  
4.2196610e-16  -8.1627539e-08  -1.8906176e-08  -5.8145159e-08  -1.2570423e-08  3.0714962e-08  6.3723903e-07  -2.2411358e-07  1.0000005   5.4207037e-08  
3.6069190e-16  2.1864842e-07  -2.5475371e-08  6.2298509e-08  3.8822916e-08  4.1240475e-09  -2.0943876e-07  -7.6950496e-07  5.4207037e-08  1.0000001   
