1.0000000   -3.9604968e-16  1.9012615e-16  3.0903150e-16  7.1322468e-17  4.2239095e-16  4.5240469e-16  -6.0613154e-16  2.0578650e-16  -2.0799560e-16  
-3.9604950e-16  1.0000002   -5.1945015e-09  -1.5464141e-08  -5.5643934e-09  -9.5561575e-10  3.0275740e-09  3.0807060e-07  4.4844395e-08  1.7463894e-07  
1.9013939e-16  -5.1945015e-09  1.0000008   4.1820049e-08  2.1689590e-08  5.6584656e-07  1.7969515e-08  -8.3257444e-08  -3.2570469e-09  -1.2410786e-08  
3.0902977e-16  -1.5464141e-08  4.1820049e-08  1.0000003   5.3143949e-07  -4.0410435e-08  3.7122323e-08  9.2254334e-09  -7.6887151e-09  -7.4397681e-09  
7.1322178e-17  -5.5643934e-09  2.1689590e-08  5.3143949e-07  1.0000000   -1.2232296e-08  2.2023616e-08  1.6091313e-08  -4.5448946e-08  -4.9695910e-09  
4.2241152e-16  -9.5561574e-10  5.6584656e-07  -4.0410435e-08  -1.2232296e-08  0.99999901  -1.2758263e-09  -4.1205306e-08  -1.7188669e-08  -6.2779603e-09  
4.5239537e-16  3.0275740e-09  1.7969515e-08  3.7122323e-08  2.2023616e-08  -1.2758263e-09  0.99999968  -4.3973281e-08  9.1068895e-07  3.4975358e-07  
-6.0614258e-16  3.0807060e-07  -8.3257444e-08  9.2254334e-09  1.6091313e-08  -4.1205306e-08  -4.3973281e-08  0.99999965  3.1746224e-07  2.9258648e-07  
2.0578055e-16  4.4844395e-08  -3.2570469e-09  -7.6887151e-09  -4.5448946e-08  -1.7188669e-08  9.1068895e-07  3.1746224e-07  1.0000007   6.5477119e-08  
-2.0799439e-16  1.7463894e-07  -1.2410786e-08  -7.4397681e-09  -4.9695910e-09  -6.2779603e-09  3.4975358e-07  2.9258648e-07  6.5477119e-08  1.0000004   
