1.0000000   -1.1099637e-16  8.5152014e-17  -3.1492773e-16  3.9245868e-17  3.4932872e-17  6.8498123e-18  -8.0429122e-17  -4.0854221e-16  6.5446651e-17  
-1.1098998e-16  0.99999983  3.2656790e-08  4.9552802e-08  7.7677205e-09  1.3463130e-08  -3.7105992e-08  -3.3600453e-07  1.3999913e-08  3.5476540e-09  
8.5155293e-17  3.2656790e-08  1.0000013   4.0096801e-07  -1.0441712e-07  -3.7964254e-07  2.5718873e-08  1.0687561e-08  6.6972740e-08  2.1437727e-08  
-3.1492558e-16  4.9552802e-08  4.0096801e-07  0.99999952  2.3794813e-07  2.6953726e-07  5.9336213e-08  -1.9490156e-08  3.5097474e-08  3.9180781e-08  
3.9245559e-17  7.7677205e-09  -1.0441712e-07  2.3794813e-07  0.99999826  -6.9781903e-08  -1.1753582e-10  2.6279507e-09  3.2955628e-08  -5.2540280e-08  
3.4927237e-17  1.3463130e-08  -3.7964254e-07  2.6953726e-07  -6.9781903e-08  0.99999915  -1.3980916e-09  1.3115808e-08  4.0958027e-09  3.0023217e-08  
6.8549784e-18  -3.7105992e-08  2.5718873e-08  5.9336213e-08  -1.1753581e-10  -1.3980916e-09  1.0000005   -3.8625961e-07  -1.6240635e-07  -1.4425331e-08  
-8.0415461e-17  -3.3600453e-07  1.0687561e-08  -1.9490156e-08  2.6279507e-09  1.3115808e-08  -3.8625961e-07  1.0000022   -4.2075854e-07  5.7622277e-07  
-4.0853202e-16  1.3999913e-08  6.6972740e-08  3.5097474e-08  3.2955628e-08  4.0958027e-09  -1.6240635e-07  -4.2075854e-07  1.0000000   1.5863613e-07  
6.5447838e-17  3.5476540e-09  2.1437727e-08  3.9180781e-08  -5.2540280e-08  3.0023217e-08  -1.4425331e-08  5.7622277e-07  1.5863613e-07  0.99999974  
