1.0000000   -3.5164150e-17  -1.7768790e-17  -4.4945066e-16  4.0601328e-16  1.3988818e-17  9.6897453e-17  -1.5371013e-17  1.2887380e-16  9.4099993e-17  
-3.5162558e-17  1.0000001   -1.1280555e-08  7.2103667e-08  3.9118099e-08  -7.9095708e-09  4.4996194e-08  -2.5226965e-07  -7.0079965e-08  1.8873027e-07  
-1.7777208e-17  -1.1280555e-08  0.99999960  2.6957303e-07  -4.5477388e-07  -4.3283981e-07  1.5951321e-08  9.2480723e-09  3.5669927e-08  1.9610680e-08  
-4.4944718e-16  7.2103667e-08  2.6957303e-07  0.99999984  8.6771317e-08  4.9870518e-08  1.0853572e-08  -1.1887540e-08  -7.0145051e-10  2.8923376e-09  
4.0600374e-16  3.9118099e-08  -4.5477388e-07  8.6771317e-08  1.0000010   3.7637219e-07  1.6698943e-08  -1.8550207e-08  -3.1363071e-08  5.3597396e-09  
1.3982629e-17  -7.9095708e-09  -4.3283981e-07  4.9870518e-08  3.7637219e-07  1.0000004   -4.4461693e-08  -7.2503298e-08  -1.5759427e-09  3.9041767e-09  
9.6888468e-17  4.4996194e-08  1.5951321e-08  1.0853572e-08  1.6698943e-08  -4.4461693e-08  1.0000004   -8.7806820e-07  -2.5169500e-07  2.5272425e-07  
-1.5388908e-17  -2.5226965e-07  9.2480723e-09  -1.1887540e-08  -1.8550207e-08  -7.2503298e-08  -8.7806820e-07  0.99999942  2.2873113e-07  -6.0219847e-07  
1.2884859e-16  -7.0079965e-08  3.5669927e-08  -7.0145051e-10  -3.1363071e-08  -1.5759427e-09  -2.5169500e-07  2.2873113e-07  0.99999944  -5.2759808e-07  
9.4120246e-17  1.8873027e-07  1.9610680e-08  2.8923376e-09  5.3597396e-09  3.9041767e-09  2.5272425e-07  -6.0219847e-07  -5.2759808e-07  1.0000002   
