1.0000000   3.7049373e-16  5.7492984e-17  8.0824748e-18  2.9673784e-17  3.9461883e-16  5.5240065e-16  1.1541583e-16  -1.5204718e-16  -6.4609566e-16  
3.7049291e-16  0.99999996  -1.9589564e-09  -6.6092807e-09  -2.5538130e-10  -2.6251310e-10  3.3812801e-08  4.2926109e-08  -2.4905269e-07  1.4227765e-07  
5.7493461e-17  -1.9589564e-09  0.99999945  -5.0988747e-09  2.5365876e-07  -4.7137797e-07  -1.9318294e-08  2.4973502e-09  -2.8257010e-09  1.8298889e-08  
8.0895354e-18  -6.6092807e-09  -5.0988747e-09  0.99999996  -1.2583110e-08  8.5241872e-08  -4.6434060e-09  4.2009560e-08  -1.2250862e-08  7.5920620e-09  
2.9694753e-17  -2.5538130e-10  2.5365876e-07  -1.2583110e-08  1.0000011   3.1464588e-07  1.6358750e-08  3.2331957e-08  -1.7039909e-08  -5.0155654e-09  
3.9461222e-16  -2.6251310e-10  -4.7137797e-07  8.5241872e-08  3.1464588e-07  1.0000002   -1.3467726e-08  2.7052239e-09  -8.0530690e-09  -2.2058854e-08  
5.5240736e-16  3.3812801e-08  -1.9318294e-08  -4.6434060e-09  1.6358750e-08  -1.3467726e-08  0.99999972  -2.8119525e-08  2.9130412e-07  -1.1768769e-07  
1.1541432e-16  4.2926109e-08  2.4973502e-09  4.2009560e-08  3.2331957e-08  2.7052239e-09  -2.8119525e-08  0.99999899  -3.4041247e-07  2.8627673e-07  
-1.5204127e-16  -2.4905269e-07  -2.8257010e-09  -1.2250862e-08  -1.7039909e-08  -8.0530690e-09  2.9130412e-07  -3.4041247e-07  0.99999921  2.4139923e-07  
-6.4608758e-16  1.4227765e-07  1.8298889e-08  7.5920620e-09  -5.0155654e-09  -2.2058854e-08  -1.1768769e-07  2.8627673e-07  2.4139923e-07  1.0000003   
