1.0000000   3.6723832e-16  -4.3192570e-17  2.0626429e-17  -1.9702248e-16  -5.3153441e-16  -1.9519335e-16  2.7013864e-16  -5.4859756e-16  1.2403177e-16  
3.6723906e-16  1.0000000   -1.6287100e-08  -7.0843300e-08  1.6068161e-08  -9.5019462e-09  5.4953751e-08  3.2734886e-08  -7.0675363e-08  -6.9928785e-08  
-4.3149659e-17  -1.6287100e-08  0.99999940  3.3507451e-07  -5.8679830e-07  2.5483565e-07  -6.1999571e-08  4.4608686e-08  -5.5570372e-09  2.0638791e-08  
2.0623187e-17  -7.0843300e-08  3.3507451e-07  1.0000010   -3.9156140e-07  -7.1482274e-08  -1.2918044e-08  -6.3495192e-08  8.6033283e-09  -2.6759983e-08  
-1.9704850e-16  1.6068161e-08  -5.8679830e-07  -3.9156140e-07  1.0000008   -4.5143367e-07  5.7299515e-08  -1.6862717e-08  -3.2146038e-09  -3.4188977e-08  
-5.3155772e-16  -9.5019462e-09  2.5483565e-07  -7.1482274e-08  -4.5143367e-07  0.99999898  -3.7702896e-08  -1.4242173e-08  -1.1284600e-09  4.6229112e-08  
-1.9518517e-16  5.4953751e-08  -6.1999571e-08  -1.2918044e-08  5.7299515e-08  -3.7702896e-08  0.99999993  4.8910169e-07  5.5874940e-08  -2.4414210e-07  
2.7014242e-16  3.2734886e-08  4.4608686e-08  -6.3495192e-08  -1.6862717e-08  -1.4242173e-08  4.8910169e-07  0.99999933  -2.5919259e-07  -1.8686849e-07  
-5.4859312e-16  -7.0675363e-08  -5.5570373e-09  8.6033283e-09  -3.2146038e-09  -1.1284600e-09  5.5874940e-08  -2.5919259e-07  1.0000005   7.4023672e-08  
1.2403997e-16  -6.9928785e-08  2.0638791e-08  -2.6759983e-08  -3.4188977e-08  4.6229112e-08  -2.4414210e-07  -1.8686849e-07  7.4023672e-08  1.0000004   
