1.0002140   9.7238440e-07  4.2147364e-05  2.3960045e-05  3.5210691e-06  -4.4873518e-06  -2.5854656e-05  -3.8560480e-05  -4.0380953e-06  -8.0787861e-05  
9.7238440e-07  1.0002915   1.9331692e-05  6.6516600e-05  -4.2048210e-05  -9.4505321e-05  2.4973051e-05  6.9825240e-05  7.0654845e-06  1.1818760e-05  
4.2147364e-05  1.9331692e-05  1.0003484   4.6958196e-05  2.8162722e-05  -2.2926911e-05  -1.4164243e-05  1.6605867e-05  -7.4387620e-05  1.3921157e-05  
2.3960045e-05  6.6516600e-05  4.6958196e-05  1.0002188   3.8815241e-05  1.3457303e-05  4.2128975e-05  2.4053257e-06  1.1408626e-05  5.0877249e-05  
3.5210691e-06  -4.2048210e-05  2.8162722e-05  3.8815241e-05  1.0001613   1.6597514e-05  0.00010074363  8.6989789e-06  3.0639138e-05  -5.1039964e-05  
-4.4873518e-06  -9.4505321e-05  -2.2926911e-05  1.3457303e-05  1.6597514e-05  1.0001297   3.1826753e-05  -3.5398865e-07  1.1259795e-05  -0.00010965581  
-2.5854656e-05  2.4973051e-05  -1.4164243e-05  4.2128975e-05  0.00010074363  3.1826753e-05  1.0002560   -3.5223978e-05  1.2866318e-05  7.9923214e-05  
-3.8560480e-05  6.9825240e-05  1.6605867e-05  2.4053257e-06  8.6989789e-06  -3.5398865e-07  -3.5223978e-05  1.0002830   -6.6847839e-05  1.5187893e-05  
-4.0380953e-06  7.0654845e-06  -7.4387620e-05  1.1408626e-05  3.0639138e-05  1.1259795e-05  1.2866318e-05  -6.6847839e-05  1.0001987   -3.2483177e-05  
-8.0787861e-05  1.1818760e-05  1.3921157e-05  5.0877249e-05  -5.1039964e-05  -0.00010965581  7.9923214e-05  1.5187893e-05  -3.2483177e-05  1.0001374   
