1.0000000   -1.3444665e-16  -1.3648629e-16  3.8678176e-16  4.8040999e-17  -3.4244774e-17  -6.2291610e-16  4.2914978e-16  -6.1899207e-17  6.0480863e-16  
-1.3444690e-16  1.0000000   -4.4413220e-16  -4.4177342e-16  -1.7849142e-16  -3.4539596e-17  6.7682197e-16  -2.8532408e-16  -5.1922663e-16  -5.1892034e-16  
-1.3648306e-16  -4.4372354e-16  1.0000000   -8.7552684e-17  2.8844237e-16  1.1039737e-16  1.0043714e-15  4.6577851e-16  -1.2337206e-16  1.5394601e-16  
3.8678362e-16  -4.3531955e-16  1.1880276e-17  1.0000000   8.7291844e-17  -1.2936448e-16  3.5233502e-16  1.7993526e-16  6.9955363e-16  -5.6163430e-16  
4.8044761e-17  -1.7176953e-16  2.2879703e-16  1.6856760e-16  1.0000000   3.3548939e-17  -3.3304773e-16  -2.3592552e-16  -1.8508367e-16  -5.2469498e-16  
-3.4243240e-17  -7.7035737e-17  1.0736154e-16  -1.2763056e-16  3.8319354e-17  1.0000000   -2.3149484e-17  5.2928642e-17  -1.6772338e-16  1.0896232e-16  
-6.2290786e-16  6.7465336e-16  1.0086739e-15  3.6643003e-16  -3.3470783e-16  -2.3142277e-17  1.0000000   -1.3846167e-17  -6.0964508e-16  2.6826550e-16  
4.2915242e-16  -2.8478388e-16  3.0164330e-16  2.0970324e-16  -1.0227627e-16  6.3338329e-17  -4.6378818e-18  1.0000000   8.2973648e-16  3.1233493e-17  
-6.1888632e-17  -5.1445480e-16  -1.1414973e-16  7.2410478e-16  -1.8907351e-16  -1.6599780e-16  -5.9017747e-16  8.0158699e-16  1.0000000   -2.3128065e-16  
6.0479846e-16  -5.2932698e-16  1.5221123e-16  -5.6857320e-16  -5.2122596e-16  5.3454555e-17  2.6131983e-16  2.6031017e-17  -2.3472977e-16  1.0000000   
