1.0000000   1.5499399e-16  3.9000978e-17  -1.2639170e-16  3.2960131e-17  -5.0581598e-16  -4.1052562e-16  -3.5770064e-17  1.6990813e-16  2.9974958e-16  
1.5500822e-16  0.99999995  -1.0320535e-08  4.4802483e-10  8.6583876e-09  1.0747062e-07  -7.6599502e-08  2.4087034e-08  -9.5769160e-08  1.3687490e-07  
3.9003643e-17  -1.0320535e-08  0.99999955  -4.4324843e-07  1.4075169e-07  2.2150040e-08  -2.5595252e-08  -2.2368748e-07  -6.8537979e-09  -2.2035144e-08  
-1.2638346e-16  4.4802483e-10  -4.4324843e-07  1.0000001   7.0952108e-07  -3.0204719e-10  3.0708601e-08  -1.0083873e-07  1.7583871e-08  2.0096047e-08  
3.2949501e-17  8.6583876e-09  1.4075169e-07  7.0952108e-07  0.99999979  -3.4272887e-09  -1.8637736e-08  -5.8094021e-07  -6.8205235e-08  5.9360454e-08  
-5.0580919e-16  1.0747062e-07  2.2150040e-08  -3.0204719e-10  -3.4272887e-09  1.0000008   -8.1443607e-08  -3.3740372e-08  1.9242716e-08  1.7478033e-07  
-4.1053162e-16  -7.6599502e-08  -2.5595252e-08  3.0708601e-08  -1.8637736e-08  -8.1443607e-08  0.99999950  -1.1935964e-08  2.3862758e-07  2.3596891e-07  
-3.5762631e-17  2.4087034e-08  -2.2368748e-07  -1.0083873e-07  -5.8094021e-07  -3.3740372e-08  -1.1935964e-08  0.99999993  2.1104894e-09  -3.0655694e-10  
1.6990165e-16  -9.5769160e-08  -6.8537979e-09  1.7583871e-08  -6.8205235e-08  1.9242716e-08  2.3862758e-07  2.1104894e-09  1.0000007   9.5760061e-10  
2.9974517e-16  1.3687490e-07  -2.2035144e-08  2.0096047e-08  5.9360454e-08  1.7478033e-07  2.3596891e-07  -3.0655694e-10  9.5760064e-10  0.99999972  
