1.0003380   -8.6792793e-05  -1.1184201e-05  -3.4901716e-05  -3.3495468e-05  2.5595525e-06  -2.9230422e-05  -1.1813409e-05  4.9610687e-05  4.4628437e-05  
-8.6792793e-05  1.0003073   -3.7970097e-05  -9.2739868e-06  4.5083320e-05  1.9916766e-05  -1.3757909e-05  3.6507023e-06  -4.0530586e-06  6.5669996e-06  
-1.1184201e-05  -3.7970097e-05  1.0003471   -5.5687040e-05  2.3205798e-05  -1.6267414e-05  -1.6369969e-05  -8.3906460e-06  5.6771094e-06  6.7488557e-06  
-3.4901716e-05  -9.2739868e-06  -5.5687040e-05  1.0002429   -9.7320466e-05  -4.2099873e-06  3.5724550e-05  -4.1702288e-05  -2.3880817e-05  2.1533844e-05  
-3.3495468e-05  4.5083320e-05  2.3205798e-05  -9.7320466e-05  1.0003982   4.9634971e-06  -1.6303047e-05  -4.1684579e-05  4.1639068e-05  6.1243114e-06  
2.5595525e-06  1.9916766e-05  -1.6267414e-05  -4.2099873e-06  4.9634971e-06  1.0003290   1.9806735e-05  1.3329267e-05  6.5597099e-05  4.4466931e-05  
-2.9230422e-05  -1.3757909e-05  -1.6369969e-05  3.5724550e-05  -1.6303047e-05  1.9806735e-05  1.0002951   1.4415003e-05  2.1540898e-05  -3.6656098e-06  
-1.1813409e-05  3.6507023e-06  -8.3906460e-06  -4.1702288e-05  -4.1684579e-05  1.3329267e-05  1.4415003e-05  1.0003565   -3.3158736e-05  1.9499225e-05  
4.9610687e-05  -4.0530586e-06  5.6771094e-06  -2.3880817e-05  4.1639068e-05  6.5597099e-05  2.1540898e-05  -3.3158736e-05  1.0003274   -2.9697508e-05  
4.4628437e-05  6.5669996e-06  6.7488557e-06  2.1533844e-05  6.1243114e-06  4.4466931e-05  -3.6656098e-06  1.9499225e-05  -2.9697508e-05  1.0002132   
