1.0000000   1.0554357e-16  9.6648539e-17  -1.1573563e-17  1.2130808e-16  -5.5387061e-17  1.0017448e-16  2.7113429e-17  1.3994445e-16  9.0829037e-17  
1.0553895e-16  1.0000000   2.9751185e-17  3.3963385e-16  -2.0381264e-16  9.1018772e-16  1.2348385e-16  1.9154200e-16  6.0010590e-17  9.3891908e-16  
9.6674583e-17  2.9116758e-17  1.0000000   -1.6895160e-15  -3.9887353e-15  -2.2647628e-16  9.8915915e-16  -4.1680652e-16  -6.9912744e-16  8.6351282e-16  
-1.1578936e-17  3.4036706e-16  -1.4497573e-15  1.0000000   2.7676696e-16  -1.3872367e-16  5.8268413e-16  -2.0173087e-16  5.8953493e-18  1.0733602e-16  
1.2128885e-16  -2.0303554e-16  -2.0649432e-15  1.9378155e-16  1.0000000   2.1219192e-16  -1.0799046e-15  -4.5371044e-16  6.1650361e-16  -2.6527717e-16  
-5.5390026e-17  8.9294891e-16  -2.2600194e-16  -1.3857120e-16  2.1152784e-16  1.0000000   -8.3093254e-16  1.5280474e-16  8.7430063e-16  1.1102230e-16  
1.0018070e-16  1.4918622e-16  9.9060842e-16  5.8225638e-16  -1.0827521e-15  -1.0061396e-15  1.0000000   4.1576443e-16  -1.1414480e-15  5.5511151e-17  
2.7105037e-17  1.9159280e-16  -3.5011413e-16  -3.2389213e-16  -6.7310615e-16  1.5252692e-16  4.1689837e-16  1.0000000   2.4427160e-16  5.3334107e-16  
1.3994509e-16  4.7271215e-17  -6.9531241e-16  5.1702891e-18  6.1352290e-16  7.4246165e-16  5.9414279e-17  2.4509068e-16  1.0000000   5.5511151e-17  
9.0818873e-17  9.4889374e-16  8.6324177e-16  1.0728180e-16  -2.6411165e-16  0.0000000   1.1449175e-16  5.3334615e-16  -1.1102230e-16  1.0000000   
