0.99990198  -2.4729174e-05  1.2294092e-05  2.0177882e-05  -2.8847279e-06  1.8452057e-05  -1.6657270e-05  3.6838578e-05  9.8617419e-05  8.2419967e-06  
-2.4729174e-05  0.99988906  -6.0256291e-05  9.5998080e-06  -5.5296725e-05  -9.5338399e-05  2.8292517e-05  4.2775499e-05  2.8770136e-06  -2.9515808e-05  
1.2294092e-05  -6.0256291e-05  0.99995743  -9.6729416e-07  9.3403862e-06  4.6419533e-08  5.2821250e-05  -5.4121699e-05  2.6503964e-05  5.6230621e-05  
2.0177882e-05  9.5998080e-06  -9.6729416e-07  0.99994385  3.2138924e-05  -2.8476115e-05  -1.1889854e-05  1.3694839e-05  -5.5509296e-05  7.3653042e-05  
-2.8847279e-06  -5.5296725e-05  9.3403862e-06  3.2138924e-05  0.99986992  -4.1549111e-07  1.6572804e-05  5.0668784e-05  6.2728043e-05  2.1155913e-05  
1.8452057e-05  -9.5338399e-05  4.6419533e-08  -2.8476115e-05  -4.1549111e-07  0.99989861  4.0078739e-05  2.9772299e-07  3.9782352e-05  3.1199814e-05  
-1.6657270e-05  2.8292517e-05  5.2821250e-05  -1.1889854e-05  1.6572804e-05  4.0078739e-05  0.99987920  -3.7402322e-06  -4.9161365e-05  1.9742509e-05  
3.6838578e-05  4.2775499e-05  -5.4121699e-05  1.3694839e-05  5.0668784e-05  2.9772299e-07  -3.7402322e-06  0.99993615  2.4711172e-05  -3.0643032e-05  
9.8617419e-05  2.8770136e-06  2.6503964e-05  -5.5509296e-05  6.2728043e-05  3.9782352e-05  -4.9161365e-05  2.4711172e-05  0.99988882  2.6832769e-05  
8.2419967e-06  -2.9515808e-05  5.6230621e-05  7.3653042e-05  2.1155913e-05  3.1199814e-05  1.9742509e-05  -3.0643032e-05  2.6832769e-05  0.99992968  
