1.0000000   -9.9703693e-17  -2.4715694e-16  -4.6179949e-17  -2.3114902e-16  -1.0623294e-16  1.1017412e-15  -1.0259079e-16  -3.5880325e-16  1.8255232e-16  
-9.9700864e-17  0.99999995  -1.6501606e-09  2.0248563e-08  3.4483313e-09  -2.9602282e-09  2.4353183e-07  3.9656610e-08  -2.6730296e-07  -6.1605753e-08  
-2.4715021e-16  -1.6501606e-09  1.0000002   -9.2300319e-08  -7.5536167e-07  8.0759869e-07  6.4564996e-08  -1.8912911e-08  -3.8876398e-08  -1.0325071e-08  
-4.6172980e-17  2.0248563e-08  -9.2300319e-08  1.0000008   3.7357580e-08  -2.9424619e-07  4.4209570e-09  2.9149638e-08  -8.8193717e-09  -1.9354167e-08  
-2.3116246e-16  3.4483313e-09  -7.5536167e-07  3.7357580e-08  0.99999923  3.9774986e-07  5.3109358e-09  1.0643640e-08  -6.5237010e-08  -3.8521631e-09  
-1.0622934e-16  -2.9602282e-09  8.0759869e-07  -2.9424619e-07  3.9774986e-07  0.99999960  2.9170996e-08  -9.9442206e-09  -2.4101274e-08  -1.2759923e-08  
1.1017617e-15  2.4353183e-07  6.4564996e-08  4.4209570e-09  5.3109358e-09  2.9170996e-08  0.99999977  6.9515916e-07  1.9320515e-07  -3.4732476e-07  
-1.0258355e-16  3.9656610e-08  -1.8912911e-08  2.9149638e-08  1.0643640e-08  -9.9442206e-09  6.9515916e-07  0.99999897  -1.9271569e-07  8.0310779e-07  
-3.5882301e-16  -2.6730296e-07  -3.8876398e-08  -8.8193717e-09  -6.5237010e-08  -2.4101274e-08  1.9320515e-07  -1.9271569e-07  0.99999983  7.7314402e-08  
1.8255193e-16  -6.1605753e-08  -1.0325071e-08  -1.9354167e-08  -3.8521631e-09  -1.2759923e-08  -3.4732476e-07  8.0310779e-07  7.7314402e-08  1.0000012   
