1.0000000   9.2999702e-16  -1.0835718e-16  4.1903274e-16  8.3955389e-18  3.0541244e-17  9.9280443e-16  1.0119248e-16  3.7393327e-16  6.7317151e-16  
9.2998724e-16  0.99999981  2.9708167e-08  2.1308850e-08  -9.4657033e-09  -4.1684546e-07  8.8980339e-08  3.8174239e-08  -1.5027102e-08  3.4206008e-07  
-1.0835791e-16  2.9708167e-08  0.99999890  2.2018744e-07  -2.6769361e-07  4.2437488e-08  4.2038025e-08  3.0980520e-08  -2.2173826e-08  3.1606988e-08  
4.1903202e-16  2.1308850e-08  2.2018744e-07  0.99999979  -5.7620751e-07  -5.3543078e-08  6.4637568e-09  5.1352682e-07  5.6495010e-08  -6.0333372e-08  
8.3967155e-18  -9.4657033e-09  -2.6769361e-07  -5.7620751e-07  1.0000008   5.1915106e-08  -3.9189373e-08  -1.2210370e-07  9.6654806e-09  -1.1845855e-08  
3.0531278e-17  -4.1684546e-07  4.2437488e-08  -5.3543078e-08  5.1915106e-08  0.99999960  2.4759060e-07  1.6036850e-08  -2.3961944e-07  -2.0191227e-07  
9.9280039e-16  8.8980339e-08  4.2038025e-08  6.4637568e-09  -3.9189373e-08  2.4759060e-07  0.99999963  3.6092317e-08  2.7083699e-07  -4.9075407e-07  
1.0119504e-16  3.8174239e-08  3.0980520e-08  5.1352682e-07  -1.2210370e-07  1.6036850e-08  3.6092317e-08  1.0000008   -2.4471257e-08  3.7662584e-09  
3.7393821e-16  -1.5027102e-08  -2.2173826e-08  5.6495010e-08  9.6654807e-09  -2.3961944e-07  2.7083699e-07  -2.4471257e-08  1.0000006   5.3747531e-07  
6.7317334e-16  3.4206008e-07  3.1606988e-08  -6.0333372e-08  -1.1845855e-08  -2.0191227e-07  -4.9075407e-07  3.7662584e-09  5.3747531e-07  1.0000003   
