1.0000000   -2.0953761e-16  3.1175616e-16  1.0963524e-16  8.0575489e-16  5.5549793e-16  5.0247233e-16  8.8190272e-16  -5.0145749e-16  3.7219995e-16  
-2.0953812e-16  0.99999990  -3.6964231e-08  -2.9736822e-08  -2.0714275e-08  1.1924748e-07  -2.4305647e-07  3.5330259e-08  5.2749832e-09  -1.4795559e-07  
3.1175661e-16  -3.6964231e-08  1.0000001   -9.4369630e-08  1.1856036e-07  -6.3372737e-08  2.3914920e-08  -2.3067231e-08  2.8239257e-08  -4.0481837e-08  
1.0963443e-16  -2.9736822e-08  -9.4369630e-08  1.0000011   -3.8459231e-07  -3.2798402e-08  -1.5983421e-08  3.5650580e-07  1.2510119e-08  3.1637842e-08  
8.0575435e-16  -2.0714275e-08  1.1856036e-07  -3.8459231e-07  0.99999951  -2.1536245e-08  3.1285001e-09  -2.1803645e-07  -1.1635459e-07  7.3786878e-08  
5.5550420e-16  1.1924748e-07  -6.3372737e-08  -3.2798402e-08  -2.1536245e-08  1.0000001   -4.0453427e-07  -1.3651733e-08  -5.3694431e-07  4.2450284e-08  
5.0247626e-16  -2.4305647e-07  2.3914920e-08  -1.5983421e-08  3.1285001e-09  -4.0453427e-07  1.0000004   -9.1213868e-08  -1.7367340e-07  6.7573684e-08  
8.8190069e-16  3.5330259e-08  -2.3067231e-08  3.5650580e-07  -2.1803645e-07  -1.3651733e-08  -9.1213868e-08  0.99999950  -2.2992609e-08  1.5799352e-08  
-5.0145154e-16  5.2749832e-09  2.8239257e-08  1.2510119e-08  -1.1635459e-07  -5.3694431e-07  -1.7367340e-07  -2.2992609e-08  0.99999969  -7.5815074e-07  
3.7219334e-16  -1.4795559e-07  -4.0481837e-08  3.1637842e-08  7.3786878e-08  4.2450284e-08  6.7573684e-08  1.5799352e-08  -7.5815074e-07  1.0000000   
