1.0000000   1.8227196e-16  1.3136512e-17  -2.2438059e-16  -9.7099197e-17  -4.5857009e-16  2.6146885e-16  -7.2372644e-17  -3.7756324e-16  -7.1455699e-17  
1.8226879e-16  1.0000000   6.2863397e-16  7.7101650e-17  -2.7319375e-16  -6.4412451e-16  8.1701749e-16  -5.2115798e-16  -2.4355247e-16  -1.8431437e-16  
1.3069548e-17  6.2862211e-16  1.0000000   1.8865713e-15  -2.8858922e-15  -4.2752802e-16  -9.9119965e-16  6.4948615e-16  4.1273205e-16  8.5521867e-16  
-2.2438172e-16  7.7070681e-17  1.8795585e-15  1.0000000   -1.7650495e-15  3.5643146e-17  -7.6096296e-16  -1.0182933e-16  6.9878948e-16  4.8406916e-16  
-9.7059823e-17  -2.7320370e-16  -1.9772629e-15  -1.8663041e-15  1.0000000   -3.0845552e-17  2.1670635e-15  -1.3205648e-15  -1.5761420e-15  -1.5441207e-15  
-4.5855145e-16  -5.8893862e-16  -4.2652513e-16  3.5141703e-17  -3.1767124e-17  1.0000000   1.5148473e-15  -3.5981960e-17  -2.0192181e-15  -1.6653345e-16  
2.6148934e-16  8.1298900e-16  -1.0015453e-15  -7.5515020e-16  2.1765359e-15  1.4814538e-15  1.0000000   1.4141672e-15  1.9191246e-14  7.2858386e-16  
-7.2374543e-17  -5.2110229e-16  5.5558434e-16  -1.8159428e-16  -1.2504700e-15  -3.6374983e-17  1.4138318e-15  1.0000000   -1.2938462e-15  2.0155318e-16  
-3.7756494e-16  -2.4123498e-16  4.1985052e-16  6.9353046e-16  -1.5807320e-15  -2.1397814e-15  1.9727709e-14  -1.2929128e-15  1.0000000   -9.0205621e-16  
-7.1469252e-17  -2.0469737e-16  8.5462236e-16  4.8421147e-16  -1.5434160e-15  -1.6653345e-16  6.4705186e-16  2.0101108e-16  -8.3960616e-16  1.0000000   
