1.0000000   -6.0684020e-17  3.3682370e-17  4.4275550e-16  3.8198164e-17  -6.3258581e-16  -4.9425520e-16  -1.2454562e-16  -3.6158703e-16  -1.8077405e-16  
-6.0683093e-17  0.99999975  6.6507921e-10  9.0352962e-08  1.7853021e-09  -7.3535375e-07  2.9872712e-07  -2.1453592e-08  1.0200474e-07  1.7229602e-07  
3.3684930e-17  6.6507921e-10  0.99999983  -3.7443924e-07  3.8972052e-07  -2.4905608e-08  -6.4894301e-09  7.8548612e-09  -2.3211311e-08  9.3259189e-09  
4.4275630e-16  9.0352962e-08  -3.7443924e-07  1.0000003   2.9140223e-07  1.1392751e-08  2.3981060e-08  4.4374949e-07  -2.0474502e-09  -1.6520801e-09  
3.8203106e-17  1.7853021e-09  3.8972052e-07  2.9140223e-07  0.99999961  3.5124081e-08  4.6160663e-08  9.2458635e-08  -2.3568337e-08  -5.4541572e-08  
-6.3259822e-16  -7.3535375e-07  -2.4905608e-08  1.1392751e-08  3.5124081e-08  0.99999981  6.6731797e-07  6.9209728e-09  3.6831499e-07  -4.0970867e-07  
-4.9425159e-16  2.9872712e-07  -6.4894301e-09  2.3981060e-08  4.6160663e-08  6.6731797e-07  0.99999977  -1.6751571e-08  -2.9000830e-07  -5.9008715e-07  
-1.2455765e-16  -2.1453592e-08  7.8548613e-09  4.4374949e-07  9.2458635e-08  6.9209728e-09  -1.6751571e-08  1.0000011   5.7315446e-08  -4.4572426e-08  
-3.6158198e-16  1.0200474e-07  -2.3211311e-08  -2.0474502e-09  -2.3568337e-08  3.6831499e-07  -2.9000830e-07  5.7315446e-08  0.99999914  -3.6988899e-07  
-1.8077040e-16  1.7229602e-07  9.3259189e-09  -1.6520801e-09  -5.4541572e-08  -4.0970867e-07  -5.9008715e-07  -4.4572426e-08  -3.6988899e-07  1.0000004   
