1.0000000   -4.7483996e-17  -4.2287158e-17  -4.9423466e-17  1.4915226e-16  -2.3885921e-16  4.7390513e-16  -3.3846009e-16  -1.8091001e-16  -4.3197111e-17  
-4.7466162e-17  1.0000002   -3.4843385e-08  -4.9367821e-09  6.4116446e-08  -4.5336915e-07  6.1457028e-08  5.5523858e-08  2.6724774e-08  5.6923441e-08  
-4.2292564e-17  -3.4843385e-08  0.99999983  -2.3926625e-07  -1.6250915e-08  -7.6543649e-09  1.1934420e-08  -1.5978534e-07  -4.7501836e-08  -1.6292137e-08  
-4.9407590e-17  -4.9367821e-09  -2.3926625e-07  1.0000009   9.4923329e-08  -7.1175069e-08  -2.8081231e-08  3.3574730e-07  -1.4699470e-08  4.6580588e-09  
1.4914856e-16  6.4116446e-08  -1.6250915e-08  9.4923329e-08  1.0000000   1.2758586e-08  -3.6444969e-08  5.5957722e-07  -1.6984720e-08  3.4576248e-08  
-2.3887960e-16  -4.5336915e-07  -7.6543649e-09  -7.1175069e-08  1.2758586e-08  1.0000007   -2.8741608e-07  -4.2292942e-11  -9.9416647e-08  5.1232511e-07  
4.7390551e-16  6.1457028e-08  1.1934420e-08  -2.8081231e-08  -3.6444969e-08  -2.8741608e-07  1.0000007   -5.5492413e-08  -6.5832914e-07  3.9292590e-07  
-3.3846702e-16  5.5523858e-08  -1.5978534e-07  3.3574730e-07  5.5957722e-07  -4.2292940e-11  -5.5492413e-08  0.99999951  -3.1345078e-08  -6.6356684e-09  
-1.8091562e-16  2.6724774e-08  -4.7501836e-08  -1.4699470e-08  -1.6984720e-08  -9.9416647e-08  -6.5832914e-07  -3.1345078e-08  0.99999888  -1.0849025e-08  
-4.3205522e-17  5.6923441e-08  -1.6292137e-08  4.6580588e-09  3.4576248e-08  5.1232511e-07  3.9292590e-07  -6.6356684e-09  -1.0849025e-08  0.99999955  
