1.0000220   9.0749079e-06  6.7714899e-06  2.5011075e-05  -1.1775983e-05  4.8869567e-05  -0.00010231305  4.2812280e-05  3.9940534e-05  -2.4406896e-06  
9.0749079e-06  1.0000112   5.5031532e-06  -7.8746387e-05  -1.0746782e-05  -1.2884849e-05  -7.6417597e-06  -2.5410180e-06  -6.3714333e-06  8.7021185e-06  
6.7714899e-06  5.5031532e-06  1.0000048   3.7166129e-05  2.8544360e-05  9.8001343e-06  6.7647638e-06  2.3308934e-05  2.0053291e-05  1.1964976e-05  
2.5011075e-05  -7.8746387e-05  3.7166129e-05  1.0000553   -2.1031690e-05  -3.6564369e-05  -4.7113374e-05  3.4588700e-05  4.5299104e-05  -9.8985316e-06  
-1.1775983e-05  -1.0746782e-05  2.8544360e-05  -2.1031690e-05  0.99994534  1.8419646e-05  2.2058991e-05  5.0145223e-05  -4.0426851e-06  1.2475832e-05  
4.8869567e-05  -1.2884849e-05  9.8001343e-06  -3.6564369e-05  1.8419646e-05  1.0001256   3.3696869e-05  2.4329763e-05  2.2368055e-05  -6.8030044e-05  
-0.00010231305  -7.6417597e-06  6.7647638e-06  -4.7113374e-05  2.2058991e-05  3.3696869e-05  1.0000401   2.1583217e-05  -3.7766568e-05  -2.3244932e-05  
4.2812280e-05  -2.5410180e-06  2.3308934e-05  3.4588700e-05  5.0145223e-05  2.4329763e-05  2.1583217e-05  0.99994369  -5.3376869e-05  1.0649299e-06  
3.9940534e-05  -6.3714333e-06  2.0053291e-05  4.5299104e-05  -4.0426851e-06  2.2368055e-05  -3.7766568e-05  -5.3376869e-05  1.0000089   2.2461369e-05  
-2.4406896e-06  8.7021185e-06  1.1964976e-05  -9.8985316e-06  1.2475832e-05  -6.8030044e-05  -2.3244932e-05  1.0649299e-06  2.2461369e-05  1.0000918   
