1.0000000   3.4473169e-17  1.2869941e-16  3.3162846e-17  3.2841246e-16  4.0130583e-16  1.2050219e-17  -9.8896883e-17  -5.4749631e-17  5.2409424e-16  
3.4473033e-17  1.0000001   -8.5733915e-09  -4.0198054e-08  3.4721975e-08  -9.3175294e-08  2.6263547e-07  4.9035298e-09  1.0106333e-07  -1.1654725e-07  
1.2870392e-16  -8.5733915e-09  1.0000017   2.3036531e-07  1.1507433e-07  -4.4107130e-09  -1.2656162e-08  -1.3618291e-07  -3.9616964e-08  -9.0465090e-08  
3.3163895e-17  -4.0198054e-08  2.3036531e-07  0.99999833  -4.5821572e-07  5.7949174e-09  2.8645020e-10  2.8242218e-07  -3.8910176e-08  -2.2067723e-08  
3.2841362e-16  3.4721975e-08  1.1507433e-07  -4.5821572e-07  0.99999969  1.5747967e-08  -2.2397547e-08  -3.9663852e-08  -1.8453052e-08  -3.9593493e-09  
4.0130353e-16  -9.3175294e-08  -4.4107130e-09  5.7949174e-09  1.5747967e-08  1.0000017   2.7172155e-08  -2.5614129e-08  8.7883435e-08  2.4735559e-07  
1.2049657e-17  2.6263547e-07  -1.2656162e-08  2.8645020e-10  -2.2397547e-08  2.7172155e-08  0.99999815  2.9697721e-08  2.5521703e-07  -8.0834798e-07  
-9.8895555e-17  4.9035298e-09  -1.3618291e-07  2.8242218e-07  -3.9663852e-08  -2.5614129e-08  2.9697721e-08  0.99999975  3.4052446e-08  2.0694805e-08  
-5.4753706e-17  1.0106333e-07  -3.9616964e-08  -3.8910176e-08  -1.8453052e-08  8.7883435e-08  2.5521703e-07  3.4052446e-08  1.0000013   8.2437166e-08  
5.2410479e-16  -1.1654725e-07  -9.0465090e-08  -2.2067723e-08  -3.9593493e-09  2.4735559e-07  -8.0834798e-07  2.0694805e-08  8.2437166e-08  0.99999902  
