1.0000000   -1.1268031e-16  -6.0660282e-16  3.3638498e-16  -4.1159274e-16  -7.7591657e-17  -6.1122360e-17  5.7714581e-16  -1.0162755e-16  2.5747880e-16  
-1.1267314e-16  0.99999994  2.5874566e-08  4.0638785e-08  5.3764627e-08  -1.0099018e-07  4.7524380e-08  -9.7963800e-08  -2.0796521e-07  -1.2797696e-08  
-6.0660498e-16  2.5874566e-08  0.99999993  -2.6261421e-07  5.9562000e-07  -3.1320426e-08  6.4426252e-08  -4.8464585e-08  -6.1242171e-09  -1.2528511e-08  
3.3638590e-16  4.0638785e-08  -2.6261421e-07  0.99999991  -6.6128342e-07  -2.4654195e-08  6.0050773e-09  4.4917365e-07  8.5633576e-09  2.2688258e-08  
-4.1159334e-16  5.3764627e-08  5.9562000e-07  -6.6128342e-07  0.99999984  -2.4616903e-09  9.0784737e-09  -1.3851937e-07  4.3277983e-10  -3.8960440e-09  
-7.7594343e-17  -1.0099018e-07  -3.1320426e-08  -2.4654195e-08  -2.4616903e-09  1.0000009   -1.0505736e-07  -1.7494407e-08  -7.2297245e-08  6.7026522e-07  
-6.1143904e-17  4.7524380e-08  6.4426252e-08  6.0050773e-09  9.0784737e-09  -1.0505736e-07  0.99999880  5.2415969e-08  -2.7087482e-07  1.9081147e-07  
5.7713898e-16  -9.7963800e-08  -4.8464585e-08  4.4917365e-07  -1.3851937e-07  -1.7494407e-08  5.2415969e-08  1.0000003   5.5059977e-08  1.1276002e-08  
-1.0162037e-16  -2.0796521e-07  -6.1242171e-09  8.5633576e-09  4.3277983e-10  -7.2297245e-08  -2.7087482e-07  5.5059977e-08  1.0000011   -2.8207295e-07  
2.5748518e-16  -1.2797696e-08  -1.2528511e-08  2.2688258e-08  -3.8960440e-09  6.7026522e-07  1.9081147e-07  1.1276002e-08  -2.8207295e-07  1.0000004   
