1.0000000   -3.0209863e-16  8.0733952e-17  1.7643447e-16  -2.9640113e-17  -7.6611483e-17  4.7661902e-17  1.2670969e-16  1.1283074e-17  5.2399999e-17  
-3.0209849e-16  1.0000000   1.4904030e-15  1.4146573e-16  -8.1761020e-16  -4.5715385e-16  -6.4412112e-16  7.1686241e-16  -1.9504797e-16  -8.7820376e-17  
8.0734876e-17  1.4923517e-15  1.0000000   -1.7355626e-16  -8.6598364e-15  5.7239437e-16  3.7357234e-15  4.7896252e-16  -5.7542874e-15  -1.8325727e-16  
1.7643011e-16  1.4142041e-16  -2.5401390e-16  1.0000000   6.9391560e-17  6.1315021e-17  6.8730329e-16  7.3535499e-16  -6.0620962e-16  -3.1501494e-16  
-2.9631790e-17  -8.1957860e-16  -7.2096364e-15  -2.5062489e-17  1.0000000   -5.2487921e-16  -3.3862903e-15  -4.5814736e-16  4.8837048e-15  -2.8065928e-16  
-7.6611907e-17  -4.5883436e-16  5.7359716e-16  6.1135450e-17  -5.2440149e-16  1.0000000   -4.8019314e-16  1.8551970e-16  1.3574211e-16  -9.8532293e-16  
4.7667203e-17  -6.4380603e-16  3.7354509e-15  6.8737380e-16  -3.3945692e-15  -4.8051840e-16  1.0000000   -1.6111613e-15  -3.8157411e-15  1.4398205e-16  
1.2673278e-16  7.1687919e-16  5.2145250e-16  7.8598327e-16  -5.1972699e-16  1.8515293e-16  -1.6041892e-15  1.0000000   9.7822480e-16  -3.1368679e-16  
1.1290751e-17  -1.9544099e-16  -5.7527700e-15  -6.0606647e-16  4.8889285e-15  1.3444107e-16  -4.3079554e-15  9.8258220e-16  1.0000000   1.9081958e-16  
5.2403811e-17  -8.7603536e-17  -1.8344701e-16  -3.1482521e-16  -2.8015784e-16  -1.0269563e-15  1.3357371e-16  -3.1368002e-16  2.0469737e-16  1.0000000   
