1.0000000   4.9957397e-16  -2.3244601e-16  1.0689934e-16  -6.0572627e-17  3.6436974e-16  -5.9705964e-17  -9.6372867e-17  -6.0813023e-16  -6.0004362e-16  
4.9956632e-16  1.0000002   8.0864913e-09  -1.7523304e-08  1.2237541e-08  3.0662017e-07  2.0566647e-07  1.6014677e-08  3.3822799e-08  -1.4022307e-07  
-2.3245227e-16  8.0864913e-09  0.99999942  -1.0413374e-07  1.8278199e-07  2.4330300e-09  2.3728677e-08  8.1932611e-07  -4.1225170e-08  8.1219941e-08  
1.0689455e-16  -1.7523304e-08  -1.0413374e-07  1.0000004   2.3536372e-07  -4.1330420e-08  -2.5473957e-08  -3.6034072e-07  -1.2471327e-08  8.1496461e-10  
-6.0567660e-17  1.2237541e-08  1.8278199e-07  2.3536372e-07  0.99999962  2.6199815e-08  1.4039994e-08  5.5171418e-08  -6.7208012e-08  1.3399890e-08  
3.6436180e-16  3.0662017e-07  2.4330300e-09  -4.1330420e-08  2.6199815e-08  1.0000004   -6.7755792e-07  2.6916412e-08  2.2682080e-08  1.1322232e-08  
-5.9697057e-17  2.0566647e-07  2.3728677e-08  -2.5473957e-08  1.4039994e-08  -6.7755792e-07  0.99999974  8.3067975e-09  4.2582019e-07  -1.6952401e-07  
-9.6371057e-17  1.6014677e-08  8.1932611e-07  -3.6034072e-07  5.5171417e-08  2.6916412e-08  8.3067976e-09  1.0000006   -8.4934586e-09  -1.9804214e-09  
-6.0811678e-16  3.3822799e-08  -4.1225170e-08  -1.2471327e-08  -6.7208012e-08  2.2682080e-08  4.2582019e-07  -8.4934586e-09  0.99999880  4.9104860e-07  
-6.0004473e-16  -1.4022307e-07  8.1219941e-08  8.1496460e-10  1.3399890e-08  1.1322232e-08  -1.6952401e-07  -1.9804214e-09  4.9104860e-07  1.0000013   
