1.0000000   -6.4531708e-17  2.8679837e-17  9.9779515e-17  6.9049393e-17  2.1531239e-16  -5.8096296e-17  -1.2228185e-16  1.2828907e-16  -1.8556798e-16  
-6.4531814e-17  1.0000000   -2.9670505e-16  1.0371071e-16  -1.4680140e-16  3.9725168e-16  5.6421881e-16  -2.5256320e-16  -9.1593400e-16  3.1571967e-16  
2.8676961e-17  -2.9676519e-16  1.0000000   3.7223289e-16  -1.2055422e-16  5.7945185e-16  -2.2560756e-15  7.9484418e-16  2.2572683e-15  3.1571967e-16  
9.9786506e-17  1.0286622e-16  3.8586446e-16  1.0000000   -1.0156132e-15  -4.2717566e-17  -1.7461076e-16  9.8609564e-17  3.2631775e-16  -1.1808046e-15  
6.9043203e-17  -1.4581757e-16  -9.8629317e-17  -9.7781164e-16  1.0000000   1.3234043e-15  -3.0565014e-15  1.4679369e-15  1.2397310e-15  -8.5275211e-16  
2.1529460e-16  3.9334855e-16  5.7938409e-16  -4.2148359e-17  1.3192843e-15  1.0000000   -2.9143354e-16  -1.2893874e-15  1.1241008e-15  -1.8873791e-15  
-5.8117472e-17  5.4497422e-16  -2.2542681e-15  -1.7911020e-16  -3.0310058e-15  3.2959746e-16  1.0000000   2.5625660e-15  -9.0032148e-16  2.3731017e-15  
-1.2228182e-16  -2.5345979e-16  6.3325681e-16  6.5256742e-17  2.1354391e-15  -1.2944290e-15  2.5790730e-15  1.0000000   -1.6198929e-15  1.3771536e-15  
1.2829712e-16  -8.9110577e-16  2.2565703e-15  3.2992611e-16  1.2228428e-15  9.2981178e-16  -2.3939184e-15  -1.6047344e-15  1.0000000   -2.4147351e-15  
-1.8555019e-16  3.2092384e-16  3.1604493e-16  -1.1808046e-15  -8.5004161e-16  -1.6653345e-15  2.5535130e-15  1.3736842e-15  -2.4424907e-15  1.0000000   
