1.0000000   2.2065168e-16  -8.0983878e-17  -2.6239419e-16  -5.2033118e-16  -5.1615112e-16  -1.7228917e-16  -1.2282878e-16  -2.1979353e-16  8.3438514e-17  
2.2065520e-16  0.99999995  -9.2150747e-09  1.8425716e-08  1.5387972e-08  2.5655255e-08  -8.4757624e-08  2.7470641e-08  8.4977057e-08  2.2818155e-07  
-8.0983133e-17  -9.2150746e-09  1.0000004   -2.6797239e-07  2.5348378e-07  -3.8211451e-08  -2.4364575e-08  7.6229510e-07  -3.5083458e-08  2.8388063e-08  
-2.6239327e-16  1.8425716e-08  -2.6797239e-07  1.0000002   -3.3337870e-07  -1.0192011e-07  2.0260994e-08  -4.4757647e-07  -8.2945967e-09  -2.0238921e-08  
-5.2033417e-16  1.5387972e-08  2.5348378e-07  -3.3337870e-07  1.0000009   8.8606388e-09  1.8495655e-08  6.8636745e-07  -2.0523896e-08  3.6043323e-08  
-5.1615668e-16  2.5655255e-08  -3.8211451e-08  -1.0192011e-07  8.8606388e-09  0.99999857  2.1637643e-07  5.9893889e-08  -4.7136351e-07  -2.5793812e-07  
-1.7228556e-16  -8.4757624e-08  -2.4364575e-08  2.0260994e-08  1.8495655e-08  2.1637643e-07  0.99999954  2.5336253e-07  -7.1060072e-07  8.0554875e-07  
-1.2282128e-16  2.7470641e-08  7.6229510e-07  -4.4757647e-07  6.8636745e-07  5.9893889e-08  2.5336253e-07  1.0000014   -2.5247947e-07  4.6997535e-08  
-2.1979784e-16  8.4977057e-08  -3.5083458e-08  -8.2945967e-09  -2.0523896e-08  -4.7136351e-07  -7.1060072e-07  -2.5247947e-07  1.0000003   -3.3474125e-07  
8.3433833e-17  2.2818155e-07  2.8388063e-08  -2.0238921e-08  3.6043323e-08  -2.5793812e-07  8.0554875e-07  4.6997535e-08  -3.3474125e-07  1.0000006   
