1.0000000   5.1429421e-19  2.0198229e-16  -3.8836674e-16  1.3713707e-16  -9.6231802e-17  3.3668793e-17  -1.9609900e-16  9.4455780e-17  -4.2117030e-16  
5.2197928e-19  0.99999989  5.2674807e-09  1.9846586e-08  3.0732377e-08  3.4627269e-08  8.0378282e-08  2.1694583e-07  -2.5720994e-08  -6.9212457e-08  
2.0197994e-16  5.2674807e-09  0.99999994  1.9168927e-07  4.0958849e-07  2.3659917e-09  -3.9969069e-08  -3.3571940e-08  4.0922191e-08  -3.9952398e-09  
-3.8836113e-16  1.9846586e-08  1.9168927e-07  1.0000001   -2.3449856e-07  -1.5901238e-07  -1.6238746e-08  -9.4488005e-10  4.8477394e-09  2.9250792e-08  
1.3714143e-16  3.0732377e-08  4.0958849e-07  -2.3449856e-07  0.99999959  -1.8902240e-07  -1.6937367e-08  4.0340877e-08  2.5252246e-08  1.9642194e-09  
-9.6236126e-17  3.4627269e-08  2.3659916e-09  -1.5901238e-07  -1.8902240e-07  1.0000004   -4.7159064e-08  5.9419504e-08  -7.8028867e-09  -1.0764343e-08  
3.3672374e-17  8.0378282e-08  -3.9969069e-08  -1.6238746e-08  -1.6937367e-08  -4.7159064e-08  1.0000005   -1.2428962e-07  -4.9403176e-07  1.6597377e-07  
-1.9610430e-16  2.1694583e-07  -3.3571940e-08  -9.4488005e-10  4.0340877e-08  5.9419504e-08  -1.2428962e-07  1.0000011   -2.1120490e-08  -2.4526804e-07  
9.4461200e-17  -2.5720994e-08  4.0922191e-08  4.8477394e-09  2.5252246e-08  -7.8028867e-09  -4.9403176e-07  -2.1120490e-08  0.99999905  -5.4058810e-07  
-4.2116002e-16  -6.9212457e-08  -3.9952398e-09  2.9250792e-08  1.9642194e-09  -1.0764343e-08  1.6597377e-07  -2.4526804e-07  -5.4058810e-07  0.99999981  
