1.0000000   1.8245810e-16  8.0984410e-16  -3.1011579e-16  -9.0226085e-16  -1.6198023e-16  3.4170172e-16  1.9816481e-16  -2.7491679e-16  -5.6002430e-17  
1.8244861e-16  1.0000000   -5.0005395e-16  3.9895675e-17  1.4328185e-15  1.7336393e-16  8.1083838e-16  -3.3039409e-16  -8.3589955e-16  3.5128150e-16  
8.0988514e-16  -5.0240700e-16  1.0000000   2.7680843e-16  -1.4814840e-15  -2.5806925e-15  1.4575533e-14  8.7329740e-16  -8.7144649e-15  3.4300362e-15  
-3.1012513e-16  3.9873295e-17  8.2626425e-16  1.0000000   -8.9711821e-16  -2.4265630e-16  -2.7606759e-15  9.9850342e-16  1.8096004e-15  8.3425969e-17  
-9.0217448e-16  1.4345111e-15  3.0206155e-15  -5.6404461e-16  1.0000000   3.0340511e-15  -1.7561139e-14  -2.0415104e-15  1.0605728e-14  -3.9444285e-15  
-1.6197684e-16  1.8344701e-16  -2.5811059e-15  -2.4283079e-16  3.0347361e-15  1.0000000   -5.5185891e-17  -6.5723658e-16  -5.2692226e-16  -3.0531133e-16  
3.4143083e-16  8.1297545e-16  1.4579978e-14  -2.7612887e-15  -1.7561899e-14  -5.3776428e-17  1.0000000   3.8577650e-15  -3.3218328e-15  -1.3968861e-15  
1.9815024e-16  -3.2961705e-16  -1.6969178e-15  1.2164392e-15  8.2161514e-16  -6.5801246e-16  3.8575722e-15  1.0000000   -1.9041870e-15  1.0425010e-15  
-2.7468024e-16  -8.3787144e-16  -8.7207870e-15  1.8102397e-15  1.0610562e-14  -5.3060854e-16  -3.2549079e-15  -1.9045426e-15  1.0000000   2.5847380e-16  
-5.5993960e-17  3.5388359e-16  3.4301988e-15  8.3564882e-17  -3.9438938e-15  -3.8857806e-16  -1.3997050e-15  1.0420538e-15  2.5760644e-16  1.0000000   
