1.0000000   3.9320355e-17  -1.5355003e-16  -1.8316304e-16  -1.1508107e-16  -1.5952680e-16  -2.4146199e-16  -2.3015653e-16  -2.2121790e-16  -2.7602432e-16  
3.9320050e-17  1.0000000   2.1080956e-17  1.5476308e-15  4.5197678e-17  1.8943180e-15  -1.5534449e-15  -4.5215974e-16  1.0547119e-15  -2.1788127e-15  
-1.5355073e-16  2.2390469e-17  1.0000000   -1.1108058e-15  3.6374881e-15  -3.0123473e-15  5.9978064e-16  8.3728275e-16  -3.0270925e-16  2.8189256e-15  
-1.8316497e-16  1.5460890e-15  -3.9777576e-15  1.0000000   -8.9901411e-15  3.3829818e-15  1.3955579e-15  -3.1594926e-15  1.1299013e-15  -1.5713342e-15  
-1.1508391e-16  4.6523920e-17  4.1183968e-15  -6.6155708e-15  1.0000000   -2.4507306e-15  9.0501066e-16  9.1215575e-16  -7.5818258e-16  2.5206616e-15  
-1.5945056e-16  1.8665625e-15  -3.0340314e-15  3.3514858e-15  -2.4789198e-15  1.0000000   1.3100632e-14  1.7934872e-15  -1.0880186e-14  1.4210855e-14  
-2.4150519e-16  -1.5092094e-15  6.2710254e-16  1.3808399e-15  9.3761804e-16  9.9920072e-15  1.0000000   -2.1402151e-16  5.8286709e-15  -9.7699626e-15  
-2.3015562e-16  -4.5230374e-16  8.5410398e-16  -3.0954616e-15  8.3617060e-16  1.7937041e-15  -2.1380467e-16  1.0000000   1.2906343e-15  -9.2981178e-16  
-2.2127126e-16  1.0026702e-15  -3.2439329e-16  1.1431828e-15  -7.8929918e-16  -7.7715612e-15  5.5511151e-15  1.2905258e-15  1.0000000   8.4376950e-15  
-2.7605312e-16  -2.1198321e-15  2.8588243e-15  -1.5855373e-15  2.5777991e-15  1.0658141e-14  -1.2434498e-14  -9.3154651e-16  1.0436096e-14  1.0000000   
