1.0000780   -2.8997655e-05  -4.3409016e-05  -6.8914116e-06  -4.1544529e-05  -6.1452856e-05  -3.5792476e-05  -3.6144904e-05  -5.5099007e-05  1.1359666e-05  
-2.8997655e-05  0.99998130  1.6605902e-05  1.0151498e-05  2.1821045e-05  3.8323485e-05  -1.2190662e-05  -1.5638003e-05  -7.6735181e-06  -2.5089015e-05  
-4.3409016e-05  1.6605902e-05  1.0001044   -1.3537900e-06  -3.1575729e-05  8.9035912e-06  3.8873910e-05  -2.1196270e-05  -7.0074608e-05  1.0040970e-05  
-6.8914116e-06  1.0151498e-05  -1.3537900e-06  1.0000695   3.4440726e-05  3.9061871e-05  -3.5004810e-05  2.3583998e-05  2.4539488e-05  4.1981454e-05  
-4.1544529e-05  2.1821045e-05  -3.1575729e-05  3.4440726e-05  1.0000658   1.6231487e-05  -1.9995289e-06  1.9106520e-05  1.7353841e-05  -2.1244384e-05  
-6.1452856e-05  3.8323485e-05  8.9035912e-06  3.9061871e-05  1.6231487e-05  0.99995884  4.7553828e-05  -3.1795271e-05  -9.5974494e-06  3.5279477e-05  
-3.5792476e-05  -1.2190662e-05  3.8873910e-05  -3.5004810e-05  -1.9995289e-06  4.7553828e-05  1.0000636   1.7209784e-05  7.0094607e-05  -6.0572495e-05  
-3.6144904e-05  -1.5638003e-05  -2.1196270e-05  2.3583998e-05  1.9106520e-05  -3.1795271e-05  1.7209784e-05  1.0000942   2.6357110e-05  3.7296877e-05  
-5.5099007e-05  -7.6735181e-06  -7.0074608e-05  2.4539488e-05  1.7353841e-05  -9.5974494e-06  7.0094607e-05  2.6357110e-05  1.0001191   -7.0763014e-05  
1.1359666e-05  -2.5089015e-05  1.0040970e-05  4.1981454e-05  -2.1244384e-05  3.5279477e-05  -6.0572495e-05  3.7296877e-05  -7.0763014e-05  1.0000240   
