1.0001960   1.5804250e-05  5.5351802e-05  -2.1826174e-05  -3.1619899e-05  -3.7661255e-05  -3.2565845e-05  -6.1112913e-05  -4.1146992e-06  7.3106754e-06  
1.5804250e-05  1.0001842   2.5772735e-05  6.4456307e-05  -3.2534206e-05  3.0993573e-05  -1.0614779e-05  4.5847290e-05  -5.1795862e-06  -2.4955834e-05  
5.5351802e-05  2.5772735e-05  1.0000683   4.8273939e-05  -4.0123943e-05  1.8883126e-05  -5.6318306e-05  -5.3577467e-05  6.2133639e-05  2.7214371e-05  
-2.1826174e-05  6.4456307e-05  4.8273939e-05  1.0001700   3.4387399e-07  -1.8081481e-05  -2.3777608e-05  -1.6237648e-05  -6.6075779e-05  4.0592128e-05  
-3.1619899e-05  -3.2534206e-05  -4.0123943e-05  3.4387399e-07  1.0001356   2.3631948e-05  -1.4035924e-05  -1.3236041e-05  4.7810066e-05  1.7529717e-07  
-3.7661255e-05  3.0993573e-05  1.8883126e-05  -1.8081481e-05  2.3631948e-05  1.0002229   7.5255538e-06  -7.8330881e-05  3.3617042e-05  4.1855105e-05  
-3.2565845e-05  -1.0614779e-05  -5.6318306e-05  -2.3777608e-05  -1.4035924e-05  7.5255538e-06  1.0001245   -2.2643602e-05  1.4848061e-05  5.9333807e-05  
-6.1112913e-05  4.5847290e-05  -5.3577467e-05  -1.6237648e-05  -1.3236041e-05  -7.8330881e-05  -2.2643602e-05  1.0000917   1.7007540e-05  3.1453531e-05  
-4.1146992e-06  -5.1795862e-06  6.2133639e-05  -6.6075779e-05  4.7810066e-05  3.3617042e-05  1.4848061e-05  1.7007540e-05  1.0000676   5.8723043e-05  
7.3106754e-06  -2.4955834e-05  2.7214371e-05  4.0592128e-05  1.7529717e-07  4.1855105e-05  5.9333807e-05  3.1453531e-05  5.8723043e-05  1.0001019   
