1.0000000   1.8157175e-16  -1.9052145e-16  3.6914726e-17  2.2509645e-18  -1.3453596e-16  -2.1827499e-16  -4.8609844e-16  2.3171761e-16  7.1977419e-16  
1.8157209e-16  1.0000001   -8.0592433e-08  -6.3532512e-09  7.2440635e-08  1.9290636e-08  -4.9389003e-07  -2.8681273e-07  -2.1361245e-07  -3.2426947e-07  
-1.9051419e-16  -8.0592433e-08  1.0000005   -2.8534707e-07  9.3172566e-08  -4.5029213e-07  -3.3902068e-08  -3.6641428e-08  -3.7193160e-08  -1.3812432e-08  
3.6904200e-17  -6.3532512e-09  -2.8534707e-07  0.99999969  1.1895360e-07  2.5996821e-07  5.9764950e-10  -3.3568083e-08  -2.6675802e-08  -3.5375735e-08  
2.2359507e-18  7.2440635e-08  9.3172565e-08  1.1895360e-07  1.0000006   -1.0348580e-07  3.7538521e-08  -9.9977673e-09  3.2806326e-08  -8.5388626e-09  
-1.3453117e-16  1.9290636e-08  -4.5029213e-07  2.5996821e-07  -1.0348580e-07  1.0000001   -9.9985965e-09  -2.2762160e-08  4.5881827e-08  1.5840627e-08  
-2.1828044e-16  -4.9389003e-07  -3.3902068e-08  5.9764949e-10  3.7538521e-08  -9.9985965e-09  0.99999968  3.6313387e-07  -6.5533357e-08  -6.3558691e-07  
-4.8609461e-16  -2.8681273e-07  -3.6641428e-08  -3.3568083e-08  -9.9977673e-09  -2.2762160e-08  3.6313387e-07  0.99999931  -7.3620379e-07  2.9744793e-07  
2.3171497e-16  -2.1361245e-07  -3.7193160e-08  -2.6675802e-08  3.2806326e-08  4.5881827e-08  -6.5533357e-08  -7.3620379e-07  1.0000007   -5.4105576e-08  
7.1977786e-16  -3.2426947e-07  -1.3812432e-08  -3.5375735e-08  -8.5388626e-09  1.5840627e-08  -6.3558691e-07  2.9744793e-07  -5.4105576e-08  1.0000002   
