1.0000000   1.6512846e-16  4.0221996e-16  -1.6499908e-16  6.0363231e-16  1.7640429e-17  -6.7733661e-16  7.3104600e-16  6.1746204e-16  -5.9642978e-16  
1.6512703e-16  1.0000000   4.0804228e-17  2.4424367e-16  1.3837435e-16  -5.6959510e-16  2.5012978e-17  6.7491643e-16  4.5310224e-17  7.6871798e-16  
4.0222451e-16  4.0251561e-17  1.0000000   4.5770271e-16  1.9878481e-16  -5.6677333e-17  1.4721124e-16  -7.0467598e-16  1.1121460e-17  -4.8495177e-17  
-1.6499544e-16  2.4515163e-16  4.8731037e-16  1.0000000   -9.4764571e-17  -4.1031894e-17  4.8345165e-16  -2.4663635e-16  9.8142439e-16  3.2882497e-16  
6.0364594e-16  1.4967638e-16  -1.6232493e-17  -1.6890594e-16  1.0000000   -8.7283969e-16  -1.0842634e-16  -6.6158881e-16  -4.3122692e-16  2.4432157e-16  
1.7645067e-17  -5.4877911e-16  -5.6354188e-17  -3.9510601e-17  -8.7283805e-16  1.0000000   -5.4418691e-16  -2.7693010e-16  2.0877953e-16  4.9670520e-16  
-6.7733932e-16  1.8077677e-17  1.4613083e-16  4.8778745e-16  -1.0538880e-16  -4.6093582e-16  1.0000000   9.6125596e-18  9.0508507e-17  1.0405732e-15  
7.3104155e-16  6.7543895e-16  -7.1109096e-16  -3.4872354e-16  -6.8831039e-16  -2.7603300e-16  1.0098112e-17  1.0000000   -3.3668865e-16  1.5063973e-16  
6.1745693e-16  3.4903705e-17  1.0685774e-17  9.7947564e-16  -4.3339503e-16  9.7769767e-17  3.4994877e-17  -3.3595263e-16  1.0000000   1.1571148e-16  
-5.9643486e-16  7.5137159e-16  -4.7626969e-17  3.3055122e-16  2.4172965e-16  4.9670520e-16  9.2956106e-16  1.5074137e-16  1.1570809e-16  1.0000000   
