1.0000000   2.1674372e-16  -4.0380843e-16  -2.2398381e-16  7.6040731e-17  -4.0474874e-16  3.9243913e-16  4.6960666e-16  1.9224405e-17  1.4759943e-16  
2.1674198e-16  1.0000002   1.1356685e-09  -4.5826899e-08  3.2272343e-09  -4.4670894e-07  -6.1782795e-08  4.0329728e-08  3.6831887e-08  -3.4973663e-08  
-4.0380335e-16  1.1356685e-09  0.99999973  7.7271530e-08  3.4540964e-08  1.9842050e-08  1.0184641e-08  9.4825882e-08  -2.6964045e-08  -2.8338309e-08  
-2.2398781e-16  -4.5826899e-08  7.7271530e-08  1.0000002   5.8304598e-09  -1.8381527e-08  -3.2746184e-08  2.6544377e-07  -1.9747846e-08  2.0575591e-08  
7.6027203e-17  3.2272343e-09  3.4540965e-08  5.8304597e-09  1.0000006   2.9643552e-09  1.9071991e-08  -7.0739259e-08  4.1968571e-08  -2.2417865e-08  
-4.0475185e-16  -4.4670894e-07  1.9842050e-08  -1.8381527e-08  2.9643552e-09  0.99999900  4.7581836e-08  -4.2582908e-08  5.5768400e-09  4.2084883e-07  
3.9245295e-16  -6.1782795e-08  1.0184641e-08  -3.2746184e-08  1.9071991e-08  4.7581836e-08  0.99999956  -1.2662206e-09  3.6735416e-07  4.6284799e-07  
4.6961734e-16  4.0329728e-08  9.4825882e-08  2.6544377e-07  -7.0739259e-08  -4.2582908e-08  -1.2662206e-09  1.0000003   2.1918298e-08  -2.7406445e-08  
1.9241630e-17  3.6831887e-08  -2.6964045e-08  -1.9747846e-08  4.1968571e-08  5.5768400e-09  3.6735416e-07  2.1918298e-08  0.99999936  2.2263997e-08  
1.4760122e-16  -3.4973663e-08  -2.8338309e-08  2.0575591e-08  -2.2417865e-08  4.2084883e-07  4.6284799e-07  -2.7406445e-08  2.2263997e-08  1.0000010   
