1.0000000   -1.5811553e-16  -1.2706680e-16  -1.7578711e-16  -1.3551378e-16  -6.2278944e-17  -1.1181020e-16  -1.0511931e-16  -8.5916669e-17  -2.5112833e-17  
-1.5812996e-16  1.0000000   -3.6517499e-16  -2.9705244e-16  3.0915713e-16  2.7050844e-16  -4.3582386e-17  7.0068154e-18  3.5584871e-16  3.7101398e-16  
-1.2706239e-16  -3.6430966e-16  1.0000000   1.5155118e-15  1.5562885e-14  4.5754518e-16  -1.1800752e-15  -6.7548198e-15  5.5861823e-18  -4.2053492e-17  
-1.7577821e-16  -2.9781271e-16  1.3237768e-15  1.0000000   -2.5471725e-15  3.6150604e-16  -1.0657968e-16  4.2943639e-16  5.1709244e-16  -5.4369351e-17  
-1.3550417e-16  3.0779833e-16  1.4030835e-14  -2.3779151e-15  1.0000000   3.1762041e-16  6.2208882e-16  7.8555974e-15  6.6052137e-16  1.8951854e-16  
-6.2290803e-17  2.6573795e-16  4.5789246e-16  3.6070729e-16  3.1719012e-16  1.0000000   -1.1049104e-15  1.1550988e-16  -5.6031568e-16  1.3877788e-16  
-1.1182423e-16  -4.0115480e-17  -1.1946047e-15  -1.0593248e-16  6.5274815e-16  -1.0946105e-15  1.0000000   -8.6152452e-16  5.4964713e-15  -7.1817552e-16  
-1.0512411e-16  8.2733414e-18  -5.3413963e-15  7.7675041e-17  6.8507717e-15  1.1501522e-16  -8.3035899e-16  1.0000000   3.6226223e-16  -2.0115000e-16  
-8.5900152e-17  3.5277228e-16  5.3363076e-20  5.1868486e-16  6.6721886e-16  -5.5858096e-16  4.3616437e-15  3.6820353e-16  1.0000000   -7.3552275e-16  
-2.5112833e-17  3.7296555e-16  -4.2026387e-17  -5.4237214e-17  1.8957275e-16  1.9428903e-16  -6.7675900e-16  -2.0136006e-16  -7.4246165e-16  1.0000000   
