1.0000000   -1.4302893e-17  6.8197967e-17  7.9646053e-17  2.6129995e-16  3.0452985e-16  -8.2745110e-17  1.0407558e-16  -3.0795057e-16  -7.8551688e-17  
-1.4297922e-17  0.99999988  -9.9371018e-09  1.8434962e-08  2.4531143e-09  -3.3050363e-07  2.7582800e-08  -4.3588230e-09  -9.1373541e-08  3.3707538e-08  
6.8202752e-17  -9.9371018e-09  0.99999858  -5.6711747e-07  8.4269891e-07  6.3071041e-09  2.5489836e-08  3.3772802e-07  6.1184573e-09  -3.3848671e-08  
7.9637908e-17  1.8434962e-08  -5.6711747e-07  1.0000008   -2.6003960e-07  -4.3895981e-08  -9.4897303e-08  1.3579143e-07  -3.4328235e-08  -1.8454292e-08  
2.6129012e-16  2.4531143e-09  8.4269891e-07  -2.6003960e-07  1.0000003   1.8816180e-08  -7.5134758e-08  -2.4150607e-07  -7.9621627e-08  1.7332724e-08  
3.0455238e-16  -3.3050363e-07  6.3071041e-09  -4.3895981e-08  1.8816180e-08  1.0000001   -6.4884407e-07  -2.3979006e-09  -6.6651002e-07  -1.7668302e-07  
-8.2751800e-17  2.7582800e-08  2.5489836e-08  -9.4897303e-08  -7.5134758e-08  -6.4884407e-07  1.0000012   -3.4267042e-10  -3.1240433e-07  2.7283242e-07  
1.0408004e-16  -4.3588230e-09  3.3772802e-07  1.3579143e-07  -2.4150607e-07  -2.3979006e-09  -3.4267041e-10  0.99999902  -9.3987724e-09  4.4307367e-08  
-3.0794650e-16  -9.1373541e-08  6.1184573e-09  -3.4328235e-08  -7.9621627e-08  -6.6651002e-07  -3.1240433e-07  -9.3987724e-09  0.99999880  9.0863459e-08  
-7.8562852e-17  3.3707538e-08  -3.3848671e-08  -1.8454292e-08  1.7332724e-08  -1.7668302e-07  2.7283242e-07  4.4307367e-08  9.0863459e-08  0.99999995  
