1.0000000   1.3686570e-17  -6.5518445e-17  5.4472477e-17  2.7952934e-17  2.8528070e-18  -7.8807945e-17  3.1160648e-17  -8.3158307e-17  -5.1702891e-17  
1.3699487e-17  1.0000000   -8.8261511e-16  7.0830928e-16  -1.7438308e-15  4.0939474e-15  6.0784711e-15  2.1545266e-15  -1.0089152e-14  1.2490009e-16  
-6.5531551e-17  -8.8485805e-16  1.0000000   5.2762699e-16  -3.5220308e-16  1.4328816e-15  2.2516711e-15  8.5923022e-16  -2.7859659e-15  9.9486391e-16  
5.4452666e-17  6.7761450e-16  4.9637470e-16  1.0000000   2.0841476e-14  -1.4432249e-14  -3.1259175e-14  -1.9326737e-14  4.2413555e-14  3.4637007e-15  
2.8147689e-17  -1.0446288e-15  -1.6728441e-15  -5.9376637e-15  1.0000000   3.5884273e-14  3.6054059e-14  -3.9478457e-14  -6.1635592e-14  -2.2768246e-17  
2.9815560e-18  6.2172489e-15  1.4007892e-15  -1.6309870e-14  5.0445759e-14  1.0000000   -3.1885605e-13  -4.2327253e-14  4.2987836e-13  2.3314684e-14  
-7.8916366e-17  -4.5796700e-16  2.2242408e-15  -2.8942126e-14  5.3984595e-14  -6.7945649e-14  1.0000000   -4.6615489e-14  3.5527137e-15  -2.0206059e-14  
3.1022476e-17  2.5287118e-15  7.8498270e-16  -2.3256638e-14  1.0005684e-13  -4.6553039e-14  -8.7865479e-14  1.0000000   1.2007062e-13  6.3612310e-15  
-8.3500508e-17  -1.1865509e-15  -2.9018671e-15  3.7898504e-14  -7.3177575e-14  1.1124435e-13  -8.2600593e-14  6.2436167e-14  1.0000000   4.1300297e-14  
-5.1753713e-17  7.7715612e-16  9.9876704e-16  3.6394499e-15  -1.7486013e-15  2.2204460e-15  -1.0658141e-14  2.5535130e-15  4.4408921e-15  1.0000000   
