1.0000000   -3.2744658e-18  3.1861385e-16  2.5341103e-16  1.5943709e-16  2.4333432e-16  1.1819869e-16  -1.7884366e-16  -8.6416453e-16  -7.1764019e-17  
-3.2737875e-18  1.0000000   -3.8547706e-16  4.0107402e-16  -2.3480303e-16  -2.9873136e-17  4.7901261e-17  5.2642960e-16  1.1745011e-16  -1.5209705e-16  
3.1859478e-16  -3.9858038e-16  1.0000000   -2.4390193e-16  5.5403317e-18  -5.1745743e-18  6.0428843e-17  -1.4936624e-16  2.5155710e-16  3.6844409e-16  
2.5340101e-16  3.9596261e-16  -4.3277101e-16  1.0000000   -5.2396568e-17  -2.8831764e-16  6.8964587e-17  4.0252537e-16  4.0859366e-17  -1.2750556e-16  
1.5943849e-16  -2.4202746e-16  9.0619851e-17  2.4187962e-17  1.0000000   -2.3130468e-16  -5.2803236e-16  2.1453321e-16  -1.1211623e-17  -2.3377771e-16  
2.4333755e-16  -2.7280773e-17  -1.1030096e-17  -2.9319899e-16  -2.3011400e-16  1.0000000   5.0974539e-16  -1.3873784e-16  -4.8246044e-16  -2.0637958e-16  
1.1819989e-16  7.7386841e-17  6.2164595e-17  8.3096258e-17  -5.2759487e-16  4.8200087e-16  1.0000000   1.9079339e-16  3.8664954e-16  9.3090615e-17  
-1.7884086e-16  5.2457732e-16  -1.6197992e-16  4.2237663e-16  2.3256099e-16  -1.2616483e-16  1.9252802e-16  1.0000000   -4.4863923e-16  -1.9365968e-16  
-8.6413374e-16  1.0358247e-16  2.5241946e-16  3.4610045e-17  -1.2096784e-17  -4.2699051e-16  3.4503060e-16  -4.6229956e-16  1.0000000   -1.0295505e-16  
-7.1750467e-17  -1.5383092e-16  3.6627568e-16  -1.2966380e-16  -2.3399709e-16  -2.0637746e-16  2.0408031e-16  -2.0753493e-16  8.0317782e-18  1.0000000   
