1.0000000   8.6618284e-17  1.0741341e-16  2.9887725e-16  -2.7154066e-16  1.1987179e-16  -1.7693949e-16  -3.3587666e-16  -1.7219221e-16  6.2288011e-16  
8.6619432e-17  0.99999999  2.0824265e-09  9.3115936e-09  -8.8875876e-09  -7.2559409e-08  4.7657590e-08  -9.1074651e-09  4.0300462e-08  -5.8584302e-08  
1.0742087e-16  2.0824265e-09  0.99999984  -1.9110191e-07  6.0828628e-07  -8.3724913e-08  3.2384810e-08  4.7522821e-08  -9.2521413e-08  -1.1022181e-08  
2.9887972e-16  9.3115936e-09  -1.9110191e-07  0.99999967  3.8259494e-08  -5.4631866e-08  5.1352890e-08  2.4382957e-07  3.8757339e-08  -6.9945973e-08  
-2.7154110e-16  -8.8875876e-09  6.0828628e-07  3.8259494e-08  1.0000005   -2.7287722e-08  1.6974011e-08  -7.0323212e-07  -7.4350156e-09  -6.2321056e-08  
1.1988361e-16  -7.2559409e-08  -8.3724913e-08  -5.4631866e-08  -2.7287722e-08  0.99999921  -4.4326624e-07  7.8236660e-09  -1.9444869e-07  2.8679507e-07  
-1.7691709e-16  4.7657590e-08  3.2384810e-08  5.1352890e-08  1.6974011e-08  -4.4326624e-07  0.99999976  -7.1831113e-09  4.6398886e-07  2.8163138e-07  
-3.3588283e-16  -9.1074651e-09  4.7522821e-08  2.4382957e-07  -7.0323212e-07  7.8236659e-09  -7.1831113e-09  1.0000011   -1.4982368e-08  2.8157280e-08  
-1.7219061e-16  4.0300462e-08  -9.2521413e-08  3.8757339e-08  -7.4350156e-09  -1.9444869e-07  4.6398886e-07  -1.4982368e-08  1.0000004   -1.3757758e-07  
6.2286178e-16  -5.8584302e-08  -1.1022181e-08  -6.9945973e-08  -6.2321056e-08  2.8679507e-07  2.8163138e-07  2.8157280e-08  -1.3757758e-07  1.0000005   
