1.0000000   -4.7869785e-16  -4.8679129e-16  -1.1067025e-16  1.7306869e-16  -7.4206449e-17  2.4892863e-16  -4.0313395e-16  -9.3629901e-17  2.2486158e-16  
-4.7871362e-16  1.0000000   3.2131547e-09  -4.4301851e-09  7.5024660e-10  -5.0937961e-09  2.9064696e-08  -1.1752402e-07  -4.5602140e-08  -7.0824277e-08  
-4.8678877e-16  3.2131547e-09  1.0000003   3.3637184e-08  -1.6108177e-07  4.2617861e-07  -2.0811634e-09  -1.2296429e-08  -2.9135888e-09  -3.6197252e-08  
-1.1067239e-16  -4.4301851e-09  3.3637184e-08  1.0000002   -1.5674315e-07  -2.6376398e-08  -1.1344181e-08  -1.4963747e-08  3.4427195e-08  -4.8529531e-08  
1.7308852e-16  7.5024660e-10  -1.6108177e-07  -1.5674315e-07  0.99999915  -2.7845794e-09  7.1965995e-10  3.1248280e-09  -2.9393519e-08  3.4208086e-09  
-7.4212250e-17  -5.0937961e-09  4.2617861e-07  -2.6376398e-08  -2.7845794e-09  0.99999891  -2.8142968e-08  -9.2073731e-09  1.1105446e-08  -6.8118364e-08  
2.4893836e-16  2.9064696e-08  -2.0811634e-09  -1.1344181e-08  7.1965995e-10  -2.8142968e-08  0.99999969  -1.3859490e-08  3.9868899e-08  -1.8719966e-07  
-4.0315254e-16  -1.1752402e-07  -1.2296429e-08  -1.4963747e-08  3.1248281e-09  -9.2073731e-09  -1.3859490e-08  1.0000014   3.1031910e-07  -6.7933985e-09  
-9.3619423e-17  -4.5602140e-08  -2.9135888e-09  3.4427195e-08  -2.9393519e-08  1.1105446e-08  3.9868899e-08  3.1031910e-07  1.0000003   2.7815750e-07  
2.2486998e-16  -7.0824277e-08  -3.6197252e-08  -4.8529531e-08  3.4208087e-09  -6.8118364e-08  -1.8719966e-07  -6.7933985e-09  2.7815750e-07  0.99999989  
