1.0000000   1.9171863e-17  3.7355967e-16  -1.8445358e-16  -7.1316501e-17  1.4575701e-16  1.6351095e-16  -2.3555662e-17  1.8559964e-16  -3.2429842e-16  
1.9154035e-17  1.0000000   4.5725316e-16  -7.2356890e-17  -7.3023621e-16  6.7383165e-17  1.1030063e-15  -8.3296691e-17  1.6477840e-16  1.7780916e-17  
3.7355076e-16  4.5717672e-16  1.0000000   -1.0633063e-15  1.6607698e-15  -1.0871566e-15  3.6471104e-15  -1.3861257e-16  -1.4476979e-15  -3.0270925e-16  
-1.8445546e-16  -7.2636728e-17  -9.1781963e-16  1.0000000   8.2516312e-16  5.2835544e-16  4.7240478e-16  -2.0145031e-17  -2.3600943e-16  -5.5653453e-17  
-7.1305905e-17  -7.2937584e-16  1.8937597e-15  9.3819966e-16  1.0000000   4.4379105e-16  -2.7541666e-15  -8.0375316e-16  6.0629602e-16  1.0299921e-16  
1.4575679e-16  6.5052130e-17  -1.0855303e-15  5.2804034e-16  4.4330316e-16  1.0000000   3.4954678e-15  3.0880788e-16  -1.5820678e-15  -3.8857806e-16  
1.6352508e-16  1.0878342e-15  3.6352689e-15  4.7195490e-16  -2.7514103e-15  3.4347525e-15  1.0000000   -7.8987178e-16  1.0237471e-14  5.4123372e-16  
-2.3563438e-17  -8.3121461e-17  -2.4968443e-16  1.3581872e-16  -7.1940209e-16  3.0891630e-16  -7.9190889e-16  1.0000000   8.2837620e-16  -1.5449881e-16  
1.8557677e-16  1.7444813e-16  -1.4321870e-15  -2.3663898e-16  5.9790955e-16  -1.7407950e-15  1.1841493e-14  8.2660844e-16  1.0000000   -9.8185349e-16  
-3.2429165e-16  1.3877788e-17  -3.0173346e-16  -5.5565361e-17  1.0213184e-16  -3.8857806e-16  3.8857806e-16  -1.5466144e-16  -8.5348395e-16  1.0000000   
