1.0000000   -8.3314647e-17  -2.0795803e-16  -3.4365414e-16  -4.5542096e-16  -2.1978345e-16  7.1477733e-16  4.1834530e-17  5.6029809e-18  -3.4793931e-16  
-8.3314130e-17  0.99999984  4.2148787e-09  3.1643343e-09  1.0639476e-08  -5.9099233e-07  1.3925615e-07  1.0437185e-08  -7.6711800e-08  -1.7293906e-07  
-2.0795849e-16  4.2148787e-09  1.0000004   3.8808166e-07  1.5437788e-07  -7.6353823e-08  2.5160755e-08  -4.7446454e-07  -1.1067708e-08  -4.8236629e-08  
-3.4364991e-16  3.1643343e-09  3.8808166e-07  0.99999907  6.1599240e-07  2.8511066e-08  2.4748756e-08  -1.0208034e-07  -6.8341603e-08  1.7651950e-08  
-4.5541757e-16  1.0639476e-08  1.5437788e-07  6.1599240e-07  1.0000006   -1.0895375e-07  -1.3777940e-07  -7.0937009e-08  -2.5865358e-08  8.0790541e-09  
-2.1978802e-16  -5.9099233e-07  -7.6353823e-08  2.8511066e-08  -1.0895375e-07  0.99999977  7.6518666e-07  -3.5829912e-08  2.7328022e-07  2.4322144e-07  
7.1477289e-16  1.3925615e-07  2.5160755e-08  2.4748756e-08  -1.3777940e-07  7.6518666e-07  0.99999906  -3.9814148e-08  -2.7984740e-07  3.1759441e-07  
4.1833831e-17  1.0437185e-08  -4.7446454e-07  -1.0208034e-07  -7.0937009e-08  -3.5829912e-08  -3.9814148e-08  1.0000003   -1.7651444e-08  1.3282738e-08  
5.5857718e-18  -7.6711800e-08  -1.1067708e-08  -6.8341603e-08  -2.5865358e-08  2.7328022e-07  -2.7984740e-07  -1.7651444e-08  0.99999977  -1.5035723e-07  
-3.4793542e-16  -1.7293906e-07  -4.8236629e-08  1.7651950e-08  8.0790541e-09  2.4322144e-07  3.1759441e-07  1.3282738e-08  -1.5035723e-07  1.0000008   
