1.0000000   2.1242612e-16  1.4409999e-16  -7.1178892e-18  -1.2037811e-17  -1.0394450e-16  -2.1808025e-16  -3.9343198e-17  1.8404584e-16  -3.3989738e-17  
2.1242428e-16  1.0000000   1.1377142e-15  4.5092350e-16  -1.0045668e-15  1.5341461e-16  -1.7424654e-16  5.7970956e-16  6.2160699e-16  1.3162214e-16  
1.4408185e-16  1.1370969e-15  1.0000000   -3.7698409e-16  3.4547229e-15  -1.1081834e-15  3.9877772e-15  1.3454741e-15  -5.1158445e-15  2.4324211e-15  
-7.1180877e-18  4.5082016e-16  -2.4666833e-16  1.0000000   -4.3637909e-16  2.6890924e-16  3.2909051e-16  -1.6080931e-16  2.1314779e-16  7.5720680e-16  
-1.2036374e-17  -1.0035858e-15  6.4296582e-15  -4.0827292e-16  1.0000000   1.5004308e-15  -4.7369920e-15  -2.0859597e-15  6.2006323e-15  -1.7196531e-15  
-1.0395169e-16  1.5883562e-16  -1.1083324e-15  2.6961398e-16  1.5008069e-15  1.0000000   3.3176586e-17  -1.9320483e-16  -6.4526292e-16  1.6653345e-16  
-2.1810024e-16  -1.7619471e-16  3.9915350e-15  3.2861829e-16  -4.7408032e-15  4.2825986e-17  1.0000000   1.5125963e-15  -3.7311856e-15  5.5727992e-17  
-3.9347172e-17  5.7958145e-16  1.0598096e-15  -6.6475463e-17  -2.3638123e-15  -1.9363851e-16  1.5177259e-15  1.0000000   -1.5914593e-15  -7.4712372e-16  
1.8403987e-16  6.2305118e-16  -5.0936579e-15  2.1413258e-16  6.1800321e-15  -6.5979123e-16  -5.4152519e-15  -1.5825138e-15  1.0000000   -6.9605779e-17  
-3.3976186e-17  1.3183898e-16  2.4327870e-15  7.5704417e-16  -1.7195446e-15  1.6653345e-16  5.6812194e-17  -7.4690688e-16  -7.2858386e-17  1.0000000   
