0.99996197  0.00012659625  -3.8417886e-05  3.9818542e-05  8.0132355e-06  -2.3186977e-05  3.4826538e-05  2.2690988e-05  -2.8661090e-07  -1.9021890e-06  
0.00012659625  1.0001366   3.9749655e-05  0.00011559729  -3.1347961e-05  -1.3918981e-05  -3.6550914e-06  5.7961382e-05  1.3157744e-05  -1.0172693e-05  
-3.8417886e-05  3.9749655e-05  1.0000461   4.8845405e-05  -1.6412778e-05  -5.7690560e-06  -3.4129617e-05  -9.6373870e-06  -8.2904226e-05  -2.0171992e-05  
3.9818542e-05  0.00011559729  4.8845405e-05  0.99998093  -4.4895862e-05  -1.9075655e-05  -8.7994889e-05  4.8533767e-05  -6.1405354e-05  1.3309580e-05  
8.0132355e-06  -3.1347961e-05  -1.6412778e-05  -4.4895862e-05  0.99982949  -7.2510759e-06  -2.2547932e-05  -2.4890033e-05  -6.5951485e-05  -2.9221104e-05  
-2.3186977e-05  -1.3918981e-05  -5.7690560e-06  -1.9075655e-05  -7.2510759e-06  1.0001957   -6.1326773e-07  -4.5342344e-05  -7.7564906e-06  2.9694248e-05  
3.4826538e-05  -3.6550914e-06  -3.4129617e-05  -8.7994889e-05  -2.2547932e-05  -6.1326773e-07  0.99993715  -2.7334268e-05  1.4566862e-05  1.6529372e-05  
2.2690988e-05  5.7961382e-05  -9.6373870e-06  4.8533767e-05  -2.4890033e-05  -4.5342344e-05  -2.7334268e-05  1.0000685   -4.7860541e-05  1.3874173e-05  
-2.8661090e-07  1.3157744e-05  -8.2904226e-05  -6.1405354e-05  -6.5951485e-05  -7.7564906e-06  1.4566862e-05  -4.7860541e-05  0.99986950  5.2988339e-05  
-1.9021890e-06  -1.0172693e-05  -2.0171992e-05  1.3309580e-05  -2.9221104e-05  2.9694248e-05  1.6529372e-05  1.3874173e-05  5.2988339e-05  1.0000048   
