1.0000000   -1.9515143e-16  -9.4078810e-16  1.1819336e-16  -8.6214680e-17  -1.1836704e-16  1.6209453e-17  1.3712270e-16  3.5584896e-17  1.2275250e-17  
-1.9514739e-16  0.99999973  2.9617421e-08  -2.0529000e-08  -1.9413774e-08  -3.3695985e-08  -1.7484834e-08  -6.0090147e-07  4.3566081e-07  1.9238006e-07  
-9.4078494e-16  2.9617421e-08  1.0000001   2.4993174e-07  -2.6566756e-07  -6.1803714e-07  6.0989197e-08  3.0218458e-08  -5.4109201e-09  2.3379345e-10  
1.1818710e-16  -2.0529000e-08  2.4993174e-07  0.99999912  1.8178388e-07  -2.5693994e-08  1.4741818e-08  1.2199129e-08  1.5867394e-09  -2.9729438e-09  
-8.6215768e-17  -1.9413774e-08  -2.6566756e-07  1.8178388e-07  1.0000006   -3.3704715e-08  2.8714183e-08  -3.6741639e-08  -1.3835253e-08  2.9220868e-09  
-1.1837480e-16  -3.3695985e-08  -6.1803714e-07  -2.5693994e-08  -3.3704715e-08  0.99999957  -2.5329180e-09  2.1281708e-10  5.6808597e-09  -2.4534133e-08  
1.6201777e-17  -1.7484834e-08  6.0989197e-08  1.4741818e-08  2.8714183e-08  -2.5329180e-09  1.0000010   7.3509543e-07  7.8374628e-09  -2.6247394e-07  
1.3712155e-16  -6.0090147e-07  3.0218458e-08  1.2199129e-08  -3.6741639e-08  2.1281707e-10  7.3509543e-07  0.99999966  6.1184271e-07  -1.5084324e-07  
3.5590812e-17  4.3566081e-07  -5.4109201e-09  1.5867394e-09  -1.3835253e-08  5.6808597e-09  7.8374629e-09  6.1184271e-07  0.99999986  5.6503372e-07  
1.2276618e-17  1.9238006e-07  2.3379345e-10  -2.9729438e-09  2.9220868e-09  -2.4534133e-08  -2.6247394e-07  -1.5084324e-07  5.6503372e-07  0.99999987  
