1.0000000   4.3516842e-16  2.7253664e-16  1.7729814e-16  7.3885036e-16  5.3635448e-16  1.9023045e-16  -8.8366015e-19  2.8325736e-16  2.7150975e-16  
4.3517751e-16  1.0000000   1.1050150e-08  -3.5089554e-08  -1.8579795e-08  3.1453065e-08  1.0532293e-07  -1.6119467e-07  1.3464129e-08  1.8702162e-08  
2.7254811e-16  1.1050150e-08  1.0000005   -6.3408777e-07  -7.9810484e-07  4.9528580e-07  1.8215675e-08  -3.0419430e-09  -3.4346473e-08  -4.3559015e-08  
1.7731713e-16  -3.5089554e-08  -6.3408777e-07  0.99999965  4.1642854e-07  -1.8547755e-07  -1.8813989e-08  -7.2674340e-10  5.8797092e-08  -1.3536082e-08  
7.3884796e-16  -1.8579795e-08  -7.9810484e-07  4.1642854e-07  1.0000003   -6.3434537e-07  2.7810392e-08  -4.0392267e-08  2.1856500e-09  -4.1309368e-08  
5.3634901e-16  3.1453065e-08  4.9528580e-07  -1.8547755e-07  -6.3434537e-07  0.99999980  4.2946837e-08  7.1509395e-09  -3.9805559e-08  2.8640126e-08  
1.9023398e-16  1.0532293e-07  1.8215675e-08  -1.8813989e-08  2.7810392e-08  4.2946837e-08  0.99999956  -6.0269040e-07  -2.4581155e-07  1.1531721e-07  
-8.7918750e-19  -1.6119467e-07  -3.0419430e-09  -7.2674340e-10  -4.0392267e-08  7.1509395e-09  -6.0269040e-07  0.99999953  -6.4444952e-07  -4.9239822e-08  
2.8325433e-16  1.3464129e-08  -3.4346473e-08  5.8797092e-08  2.1856500e-09  -3.9805559e-08  -2.4581155e-07  -6.4444952e-07  1.0000003   -1.3149950e-07  
2.7150462e-16  1.8702162e-08  -4.3559015e-08  -1.3536082e-08  -4.1309368e-08  2.8640126e-08  1.1531721e-07  -4.9239822e-08  -1.3149950e-07  1.0000002   
