1.0000000   2.4742516e-16  -3.2499460e-17  -8.2567060e-16  4.2209131e-16  1.2281889e-16  4.3333456e-16  -2.2820659e-16  -5.3942291e-16  -5.2143846e-16  
2.4742233e-16  1.0000001   -8.0475184e-08  5.6243952e-08  -2.1132879e-08  -6.6919672e-09  1.5878669e-08  2.5739974e-07  -3.7206345e-08  1.4229900e-08  
-3.2488540e-17  -8.0475184e-08  0.99999957  -1.9531721e-07  -9.5979372e-08  1.9780009e-07  -1.2674407e-08  3.4902209e-09  -3.5333990e-08  7.8294932e-10  
-8.2566860e-16  5.6243952e-08  -1.9531721e-07  1.0000005   5.2974154e-07  3.3551124e-08  1.9402180e-08  -2.3672549e-08  7.4639363e-09  -2.6397597e-08  
4.2208455e-16  -2.1132879e-08  -9.5979372e-08  5.2974154e-07  1.0000001   -4.2746044e-07  -3.7098648e-08  2.1047813e-08  -2.6526423e-08  3.7492497e-08  
1.2282439e-16  -6.6919672e-09  1.9780009e-07  3.3551124e-08  -4.2746044e-07  0.99999871  -5.7523398e-09  -4.3809688e-09  -1.0957639e-08  -4.9041684e-09  
4.3333408e-16  1.5878669e-08  -1.2674407e-08  1.9402180e-08  -3.7098648e-08  -5.7523398e-09  0.99999940  3.0209740e-07  7.4554058e-07  5.4000685e-08  
-2.2820990e-16  2.5739974e-07  3.4902209e-09  -2.3672549e-08  2.1047813e-08  -4.3809688e-09  3.0209740e-07  1.0000012   2.3947692e-07  -5.8018124e-09  
-5.3942158e-16  -3.7206345e-08  -3.5333990e-08  7.4639363e-09  -2.6526423e-08  -1.0957639e-08  7.4554058e-07  2.3947692e-07  1.0000008   1.1853222e-07  
-5.2143814e-16  1.4229900e-08  7.8294932e-10  -2.6397597e-08  3.7492497e-08  -4.9041684e-09  5.4000685e-08  -5.8018125e-09  1.1853222e-07  0.99999992  
