1.0000000   5.4907925e-17  -6.1902399e-17  1.3094604e-16  3.3069962e-16  8.1558050e-17  -8.9735623e-17  -1.9522744e-16  2.1020362e-16  -5.9874218e-17  
5.4913837e-17  1.0000000   -7.6056359e-17  -3.5348413e-16  1.5712588e-16  6.1284528e-16  -7.3000688e-16  2.8967338e-16  5.2895852e-16  1.6566609e-16  
-6.1909133e-17  -7.7327120e-17  1.0000000   2.1719005e-15  1.4363844e-14  -6.1907266e-16  3.9127010e-15  -1.6059904e-15  -2.8655586e-15  1.7578712e-15  
1.3094338e-16  -3.5364727e-16  2.4495964e-15  1.0000000   -2.0814901e-15  -2.5905656e-16  -1.2232426e-16  4.2300240e-16  1.8274016e-16  7.2159076e-16  
3.3070346e-16  1.5840183e-16  1.5229966e-14  -1.9901599e-15  1.0000000   5.8499229e-16  -2.6167997e-15  1.5476704e-15  3.1470493e-15  -1.4083041e-15  
8.1559770e-17  6.2189837e-16  -6.2027206e-16  -2.5904639e-16  5.8536075e-16  1.0000000   3.5301623e-16  1.8546633e-16  5.0653925e-16  6.9388939e-16  
-8.9727444e-17  -7.3506197e-16  3.9149456e-15  -1.2207979e-16  -2.6283161e-15  3.5388359e-16  1.0000000   7.5175063e-16  4.2314242e-15  -6.1756156e-16  
-1.9523702e-16  2.8963842e-16  -1.2868696e-15  3.4385395e-16  1.1347838e-15  1.8470570e-16  7.5410030e-16  1.0000000   -7.2889144e-16  -1.2700751e-16  
2.1021006e-16  5.2942947e-16  -2.8599356e-15  1.8287277e-16  3.1485028e-15  4.7141110e-16  6.0573833e-15  -7.3143667e-16  1.0000000   9.5409791e-16  
-5.9867442e-17  1.6132928e-16  1.7583591e-15  7.2165852e-16  -1.4085955e-15  7.2164497e-16  -5.6551985e-16  -1.2689231e-16  9.2807706e-16  1.0000000   
