1.0000500   3.9112492e-05  5.0694444e-05  3.4721141e-05  -9.6516351e-06  1.2348861e-05  -4.8134336e-06  -5.8041768e-06  -4.8880091e-05  -1.0453874e-05  
3.9112492e-05  1.0000883   4.0277423e-05  7.8434013e-05  9.3058932e-05  -5.1690973e-05  -2.3408480e-06  4.4457677e-05  -6.8061785e-06  1.1524409e-05  
5.0694444e-05  4.0277423e-05  1.0000397   2.2622205e-05  -1.6042174e-05  1.6543153e-05  -4.1536198e-05  5.1925871e-05  6.3019734e-05  7.3879619e-06  
3.4721141e-05  7.8434013e-05  2.2622205e-05  0.99996697  -1.7506197e-05  3.8399794e-07  -2.6646849e-05  -8.0423135e-06  2.3902920e-05  2.5327060e-05  
-9.6516351e-06  9.3058932e-05  -1.6042174e-05  -1.7506197e-05  1.0000463   3.0890987e-05  -7.2160078e-05  -0.00010655785  3.5106183e-05  3.8461626e-06  
1.2348861e-05  -5.1690973e-05  1.6543153e-05  3.8399794e-07  3.0890987e-05  1.0001680   -1.0990664e-05  -1.0589258e-06  3.4954247e-05  -5.1346160e-05  
-4.8134336e-06  -2.3408480e-06  -4.1536198e-05  -2.6646849e-05  -7.2160078e-05  -1.0990664e-05  1.0000028   -9.8801626e-05  8.8413652e-05  6.9851680e-05  
-5.8041768e-06  4.4457677e-05  5.1925871e-05  -8.0423135e-06  -0.00010655785  -1.0589258e-06  -9.8801626e-05  0.99997855  5.5999558e-05  4.7662366e-06  
-4.8880091e-05  -6.8061785e-06  6.3019734e-05  2.3902920e-05  3.5106183e-05  3.4954247e-05  8.8413652e-05  5.5999558e-05  1.0000492   5.1657191e-05  
-1.0453874e-05  1.1524409e-05  7.3879619e-06  2.5327060e-05  3.8461626e-06  -5.1346160e-05  6.9851680e-05  4.7662366e-06  5.1657191e-05  0.99999948  
