0.99993198  5.8501772e-05  -2.9721880e-05  -8.4477171e-05  7.3287058e-06  -5.1619945e-05  3.5608564e-05  -2.1893281e-05  -8.2706845e-06  4.8861310e-05  
5.8501772e-05  0.99981522  2.8159438e-06  7.1062861e-06  -1.4258276e-05  -2.9549664e-05  1.7704521e-06  9.7584829e-06  -3.0141520e-06  4.5282127e-06  
-2.9721880e-05  2.8159438e-06  0.99989002  7.6694711e-06  3.2233124e-05  2.3881002e-06  -6.7268901e-06  3.0665527e-06  1.9525304e-05  3.4825618e-05  
-8.4477171e-05  7.1062861e-06  7.6694711e-06  0.99981572  -1.9275339e-05  2.5647627e-05  -1.5148413e-05  2.7133371e-05  -1.5352562e-05  -6.8395424e-06  
7.3287058e-06  -1.4258276e-05  3.2233124e-05  -1.9275339e-05  0.99994181  -7.7880362e-06  -3.5737842e-06  3.2834256e-05  1.5334072e-05  4.0124709e-05  
-5.1619945e-05  -2.9549664e-05  2.3881002e-06  2.5647627e-05  -7.7880362e-06  0.99994152  6.8862705e-06  5.1346590e-05  1.9854436e-05  2.2838470e-05  
3.5608564e-05  1.7704521e-06  -6.7268901e-06  -1.5148413e-05  -3.5737842e-06  6.8862705e-06  0.99995723  4.1648031e-06  -3.4283070e-05  1.2690314e-07  
-2.1893281e-05  9.7584829e-06  3.0665527e-06  2.7133371e-05  3.2834256e-05  5.1346590e-05  4.1648031e-06  0.99988089  2.2998944e-05  -4.4967470e-06  
-8.2706845e-06  -3.0141520e-06  1.9525304e-05  -1.5352562e-05  1.5334072e-05  1.9854436e-05  -3.4283070e-05  2.2998944e-05  0.99986229  2.7625452e-05  
4.8861310e-05  4.5282127e-06  3.4825618e-05  -6.8395424e-06  4.0124709e-05  2.2838470e-05  1.2690314e-07  -4.4967470e-06  2.7625452e-05  1.0000158   
