1.0000000   1.5490366e-16  -2.9471233e-16  -1.4380559e-16  3.5723413e-16  9.4164736e-17  -1.4601285e-16  -5.2871879e-16  1.9695779e-16  3.9892626e-16  
1.5489573e-16  1.0000000   5.7121054e-16  -1.1183279e-15  8.2915490e-17  -1.6805478e-16  -5.0066237e-17  -5.4951336e-16  7.2452905e-16  -5.9488818e-17  
-2.9471509e-16  5.6876578e-16  1.0000000   1.3023834e-16  4.0511610e-16  7.3680721e-16  -1.3955692e-16  -5.2704769e-16  -3.4158277e-16  -1.3265701e-16  
-1.4383095e-16  -1.1182056e-15  1.3169840e-16  1.0000000   4.9073316e-17  -4.3865166e-16  1.8147766e-18  -4.2169742e-16  -2.9837030e-17  1.3541884e-15  
3.5722840e-16  8.3952041e-17  3.9628008e-16  4.6745217e-17  1.0000000   -1.7496959e-17  6.1491307e-17  -3.5927168e-16  2.1579342e-16  -4.9606485e-18  
9.4165770e-17  -2.1487498e-16  7.3767369e-16  -4.3539882e-16  -1.7060386e-17  1.0000000   3.1094539e-16  1.8686575e-17  -9.2244623e-17  -1.8896839e-16  
-1.4601948e-16  -4.8223788e-17  -1.4421847e-16  2.0023590e-18  6.5664850e-17  3.1613486e-16  1.0000000   7.8471617e-18  -5.3719055e-16  -5.0651159e-16  
-5.2871298e-16  -5.5119359e-16  -5.2803212e-16  -2.6156451e-16  -3.5636336e-16  1.3482154e-17  7.9018879e-18  1.0000000   4.2012533e-17  -2.1878813e-16  
1.9696246e-16  7.2333579e-16  -3.4418459e-16  -3.2191495e-17  2.1221534e-16  -9.2239901e-17  -7.0525648e-16  4.2125279e-17  1.0000000   4.2505638e-16  
3.9892202e-16  -6.9900547e-17  -1.3612645e-16  1.3541859e-15  -6.6957954e-18  -1.3345258e-16  -5.0304196e-16  -2.2399209e-16  4.3199527e-16  1.0000000   
