1.0000000   -1.9221354e-16  -3.5971103e-16  -2.3812401e-17  -3.2144980e-16  1.5550928e-16  4.6307544e-16  -6.5780719e-16  1.4475659e-16  -1.3670043e-16  
-1.9221504e-16  1.0000003   2.7018428e-09  7.3890784e-09  6.2464102e-09  6.0110790e-07  3.9594727e-08  -1.0118724e-08  -5.2174804e-09  -3.0272477e-08  
-3.5971354e-16  2.7018428e-09  0.99999966  6.4257429e-07  1.2749325e-07  -3.2793674e-08  1.1937206e-08  -1.1127210e-07  -2.0277817e-08  -2.1862807e-08  
-2.3807558e-17  7.3890784e-09  6.4257429e-07  1.0000000   -1.8260221e-07  -9.6603186e-09  4.4318244e-08  -2.8000635e-07  -3.6899240e-08  -4.9235438e-10  
-3.2143964e-16  6.2464102e-09  1.2749325e-07  -1.8260221e-07  1.0000003   1.8965046e-08  3.6354212e-08  7.9456668e-08  -3.8314116e-08  -5.3322257e-08  
1.5550247e-16  6.0110790e-07  -3.2793674e-08  -9.6603186e-09  1.8965046e-08  1.0000011   -4.1336169e-08  -3.1759613e-08  2.0764583e-08  -5.4203894e-07  
4.6307787e-16  3.9594727e-08  1.1937206e-08  4.4318244e-08  3.6354212e-08  -4.1336169e-08  1.0000007   2.4540514e-07  5.4051532e-07  -6.1491893e-08  
-6.5780352e-16  -1.0118724e-08  -1.1127210e-07  -2.8000635e-07  7.9456668e-08  -3.1759613e-08  2.4540514e-07  0.99999887  -1.2415987e-07  -5.6468502e-09  
1.4476724e-16  -5.2174804e-09  -2.0277817e-08  -3.6899240e-08  -3.8314116e-08  2.0764583e-08  5.4051532e-07  -1.2415987e-07  0.99999907  2.0306140e-08  
-1.3670327e-16  -3.0272477e-08  -2.1862807e-08  -4.9235438e-10  -5.3322257e-08  -5.4203894e-07  -6.1491893e-08  -5.6468502e-09  2.0306140e-08  0.99999949  
