1.0000000   5.0123506e-18  4.0040973e-16  7.5043407e-17  -6.4588215e-16  -3.2769587e-18  -2.5596494e-16  5.0890583e-17  2.0523500e-16  2.2071985e-17  
5.0120280e-18  1.0000000   1.4392278e-16  -1.6350121e-16  -6.4794564e-16  8.4405139e-16  4.9017797e-16  3.5221552e-16  -7.9690384e-16  6.2970462e-16  
4.0039747e-16  1.4129417e-16  1.0000000   5.8006704e-16  3.4440885e-15  -7.2322807e-16  1.1761513e-15  -8.8967686e-16  -9.1866634e-16  -7.8112362e-16  
7.5048178e-17  -1.6321764e-16  5.9507477e-16  1.0000000   -1.3689577e-15  -1.1102400e-15  -2.9753345e-16  1.5483472e-16  -2.7785222e-16  4.7097742e-16  
-6.4587424e-16  -6.4688811e-16  3.6867544e-15  -1.3960776e-15  1.0000000   6.8116992e-16  -2.2784033e-15  8.1176324e-16  1.4039807e-15  4.2974386e-16  
-3.2769587e-18  7.9775596e-16  -7.2272578e-16  -1.1105347e-15  6.7938141e-16  1.0000000   -4.0809370e-16  3.2847048e-16  8.2702942e-16  -4.1633363e-16  
-2.5599795e-16  4.9782498e-16  1.1771560e-15  -2.9457773e-16  -2.2779698e-15  -3.8640965e-16  1.0000000   -3.7913565e-17  -1.0387605e-14  3.6429193e-16  
5.0890650e-17  3.5191794e-16  -1.0139752e-15  1.7370399e-16  7.3328673e-16  3.2826592e-16  -3.3127882e-17  1.0000000   2.7668861e-16  -3.0724934e-16  
2.0526949e-16  -8.0080528e-16  -9.2161928e-16  -2.8194339e-16  1.4078992e-15  8.1098323e-16  -1.1304759e-14  2.8343935e-16  1.0000000   -3.4694470e-17  
2.2073679e-17  6.3490879e-16  -7.8111346e-16  4.7105874e-16  4.2977774e-16  -3.8857806e-16  4.2327253e-16  -3.0739842e-16  -4.8572257e-17  1.0000000   
