1.0000000   -3.6272875e-16  3.4174574e-16  -2.2763913e-16  2.8573043e-16  2.4042557e-16  -2.6103038e-16  7.4934729e-17  2.1802704e-16  -6.3397838e-16  
-3.6272891e-16  0.99999972  -3.9327947e-08  -2.1899226e-09  -1.2286536e-08  6.1059118e-07  5.0911330e-08  7.1698328e-09  5.8662394e-08  -1.8876848e-07  
3.4175765e-16  -3.9327947e-08  1.0000005   1.2430181e-07  3.9598735e-07  2.7571818e-08  -3.5107003e-08  -2.0174467e-07  -2.8699581e-08  1.6235573e-08  
-2.2763608e-16  -2.1899226e-09  1.2430181e-07  0.99999989  3.4753889e-07  -6.3881974e-10  -2.3437332e-08  -2.3730782e-07  8.4214459e-08  5.9686789e-09  
2.8574625e-16  -1.2286536e-08  3.9598735e-07  3.4753889e-07  1.0000004   1.9970237e-08  6.5890968e-08  4.8433435e-08  5.4617415e-08  2.0368676e-08  
2.4042180e-16  6.1059118e-07  2.7571818e-08  -6.3881974e-10  1.9970237e-08  1.0000002   5.0476507e-08  -1.8973360e-08  -2.9843199e-07  6.0130952e-07  
-2.6103259e-16  5.0911330e-08  -3.5107003e-08  -2.3437332e-08  6.5890968e-08  5.0476507e-08  1.0000005   1.1932324e-08  3.0990013e-07  -5.6262344e-07  
7.4945043e-17  7.1698328e-09  -2.0174467e-07  -2.3730782e-07  4.8433435e-08  -1.8973360e-08  1.1932324e-08  1.0000002   2.4789034e-08  1.0805494e-08  
2.1802463e-16  5.8662394e-08  -2.8699581e-08  8.4214459e-08  5.4617415e-08  -2.9843199e-07  3.0990013e-07  2.4789034e-08  0.99999883  -1.8277373e-07  
-6.3397883e-16  -1.8876848e-07  1.6235573e-08  5.9686789e-09  2.0368676e-08  6.0130952e-07  -5.6262344e-07  1.0805494e-08  -1.8277373e-07  1.0000004   
