0.99978400  1.0611321e-05  -1.5101129e-05  -2.8845812e-05  -2.3383410e-06  -9.3411197e-05  5.4913925e-05  2.4456346e-05  -3.6239701e-05  -1.8893997e-05  
1.0611321e-05  0.99998393  -8.3679161e-06  1.1302861e-05  -1.3250402e-05  -1.9443988e-05  1.1200235e-05  4.2698070e-05  -6.3035648e-06  5.0267044e-06  
-1.5101129e-05  -8.3679161e-06  0.99984529  5.3364773e-05  4.8447383e-06  8.0849210e-06  -4.2866074e-06  1.3045207e-05  1.9636605e-05  2.0816838e-06  
-2.8845812e-05  1.1302861e-05  5.3364773e-05  0.99997564  -2.5909979e-06  1.4023387e-05  2.5228239e-05  -2.9530562e-06  1.4103567e-05  -5.6132372e-06  
-2.3383410e-06  -1.3250402e-05  4.8447383e-06  -2.5909979e-06  0.99991131  2.7890848e-06  4.0975464e-06  -1.5639251e-05  -1.2204883e-05  -2.7353318e-06  
-9.3411197e-05  -1.9443988e-05  8.0849210e-06  1.4023387e-05  2.7890848e-06  0.99987178  3.0735128e-05  -1.5671467e-05  7.4162015e-06  -1.6725457e-06  
5.4913925e-05  1.1200235e-05  -4.2866074e-06  2.5228239e-05  4.0975464e-06  3.0735128e-05  0.99985749  3.3477204e-05  0.00012262293  -3.3323080e-05  
2.4456346e-05  4.2698070e-05  1.3045207e-05  -2.9530562e-06  -1.5639251e-05  -1.5671467e-05  3.3477204e-05  0.99998992  2.5358751e-05  1.7609887e-06  
-3.6239701e-05  -6.3035648e-06  1.9636605e-05  1.4103567e-05  -1.2204883e-05  7.4162015e-06  0.00012262293  2.5358751e-05  0.99983857  -4.9480101e-05  
-1.8893997e-05  5.0267044e-06  2.0816838e-06  -5.6132372e-06  -2.7353318e-06  -1.6725457e-06  -3.3323080e-05  1.7609887e-06  -4.9480101e-05  0.99985222  
