1.0000000   1.5911156e-16  -1.8905991e-16  2.9102336e-16  2.2721820e-17  -4.7284348e-17  1.4114371e-16  -3.7433761e-17  -2.8625525e-16  -1.7097023e-16  
1.5911235e-16  1.0000000   -4.2150914e-08  -1.3666610e-09  -1.3484167e-08  -2.1333138e-08  2.3113213e-08  -2.1078249e-09  1.1368128e-07  5.0035676e-08  
-1.8905708e-16  -4.2150914e-08  1.0000009   5.8237634e-07  -5.3452781e-07  1.5532642e-08  7.2629379e-09  -1.8695313e-07  2.5081061e-08  -2.5336082e-08  
2.9102337e-16  -1.3666610e-09  5.8237634e-07  1.0000002   -3.9754523e-07  2.3924390e-09  2.6400372e-08  -2.8347155e-07  -1.6962945e-08  2.0432830e-08  
2.2728636e-17  -1.3484167e-08  -5.3452781e-07  -3.9754523e-07  0.99999988  7.7241805e-08  3.9325753e-08  -1.3536429e-07  2.5183249e-08  -4.5063022e-08  
-4.7291132e-17  -2.1333138e-08  1.5532642e-08  2.3924390e-09  7.7241805e-08  0.99999983  -5.7929514e-07  -6.9141975e-08  -1.0326422e-07  4.6556087e-07  
1.4112713e-16  2.3113213e-08  7.2629379e-09  2.6400372e-08  3.9325753e-08  -5.7929514e-07  1.0000006   4.5818894e-08  -4.7447650e-08  -2.0811139e-07  
-3.7428051e-17  -2.1078249e-09  -1.8695313e-07  -2.8347155e-07  -1.3536429e-07  -6.9141975e-08  4.5818894e-08  0.99999926  1.2731297e-08  3.3782514e-08  
-2.8626107e-16  1.1368128e-07  2.5081061e-08  -1.6962945e-08  2.5183249e-08  -1.0326422e-07  -4.7447650e-08  1.2731297e-08  1.0000005   4.6524190e-07  
-1.7096594e-16  5.0035676e-08  -2.5336082e-08  2.0432830e-08  -4.5063022e-08  4.6556087e-07  -2.0811139e-07  3.3782514e-08  4.6524190e-07  0.99999914  
