0.99992999  3.5811954e-05  7.5166265e-05  -4.8763143e-05  -2.2773702e-05  -6.6934393e-06  0.00013056541  1.7293923e-05  -6.0491925e-05  4.1029523e-05  
3.5811954e-05  1.0000157   -3.4457259e-05  4.4053573e-05  2.0876250e-05  1.7920837e-06  1.0636566e-06  4.7090636e-05  -8.6521046e-06  8.4133441e-07  
7.5166265e-05  -3.4457259e-05  0.99993108  -1.7289244e-05  2.1456440e-05  3.0099879e-06  -8.1036625e-06  -2.8217915e-05  1.2375930e-05  2.0985688e-05  
-4.8763143e-05  4.4053573e-05  -1.7289244e-05  0.99991830  -1.3075015e-05  -2.2955014e-06  3.7999056e-05  4.1097523e-05  3.8298651e-05  6.8860758e-07  
-2.2773702e-05  2.0876250e-05  2.1456440e-05  -1.3075015e-05  0.99984326  1.9356780e-05  -7.6326214e-06  -5.1585649e-05  1.3487758e-05  2.6521151e-05  
-6.6934393e-06  1.7920837e-06  3.0099879e-06  -2.2955014e-06  1.9356780e-05  1.0000132   -2.0586505e-05  -2.9304265e-05  2.9032203e-05  -2.8684603e-05  
0.00013056541  1.0636566e-06  -8.1036625e-06  3.7999056e-05  -7.6326214e-06  -2.0586505e-05  0.99994664  3.3095677e-06  9.1019190e-06  3.1782704e-05  
1.7293923e-05  4.7090636e-05  -2.8217915e-05  4.1097523e-05  -5.1585649e-05  -2.9304265e-05  3.3095677e-06  1.0000063   6.3125027e-06  2.3023164e-05  
-6.0491925e-05  -8.6521046e-06  1.2375930e-05  3.8298651e-05  1.3487758e-05  2.9032203e-05  9.1019190e-06  6.3125027e-06  0.99986400  -4.6351139e-06  
4.1029523e-05  8.4133441e-07  2.0985688e-05  6.8860758e-07  2.6521151e-05  -2.8684603e-05  3.1782704e-05  2.3023164e-05  -4.6351139e-06  0.99987640  
