1.0000000   3.2107843e-18  -3.5811282e-17  3.9226096e-18  -1.0623765e-17  2.8019850e-17  6.3873060e-17  -2.1839360e-17  4.5522939e-17  4.8680678e-17  
3.2144768e-18  1.0000000   -9.6571920e-16  2.0371481e-16  2.4594279e-16  1.3270635e-16  -1.1639995e-15  -2.5634563e-16  1.0200174e-15  -4.8919202e-16  
-3.5801446e-17  -9.6493273e-16  1.0000000   -5.2734637e-15  -5.1364758e-15  1.3460045e-14  -2.3321731e-14  5.6474799e-16  1.4726718e-14  -4.3641306e-15  
3.9492613e-18  2.0235448e-16  -3.7493405e-15  1.0000000   2.7429608e-15  -1.2618379e-14  2.0614586e-14  -6.2197640e-16  -1.3085019e-14  5.4999408e-15  
-1.0629656e-17  2.4594449e-16  -4.4050025e-15  3.7043809e-15  1.0000000   -1.0915747e-15  1.5933435e-15  1.1995143e-16  -7.2370495e-16  -8.8037216e-17  
2.7997827e-17  1.9342167e-16  1.3463189e-14  -1.2626185e-14  -1.1007905e-15  1.0000000   -1.2656542e-14  1.6008787e-15  1.2212453e-14  -9.1038288e-15  
6.3847649e-17  -1.1735404e-15  -2.3335500e-14  2.0633668e-14  1.5990898e-15  -1.5543122e-14  1.0000000   -2.5095486e-15  -1.9984014e-14  1.7985613e-14  
-2.1838789e-17  -2.5618596e-16  3.8607126e-16  -2.4521223e-16  1.9854664e-16  1.6068418e-15  -2.5165417e-15  1.0000000   2.6311960e-15  -9.1430769e-16  
4.5495834e-17  1.0104764e-15  1.4767701e-14  -1.3130122e-14  -7.3465539e-16  1.2878587e-14  -1.7319479e-14  2.6262629e-15  1.0000000   -1.2434498e-14  
4.8743358e-17  -4.9960036e-16  -4.3888504e-15  5.5233595e-15  -8.0881482e-17  -9.9920072e-15  1.8429702e-14  -9.1127193e-16  -1.4654944e-14  1.0000000   
