1.0000000   4.5445508e-16  4.5159899e-16  1.7808016e-16  3.7298928e-16  1.9697753e-17  5.6619833e-16  3.4191791e-16  2.4457947e-16  1.9542067e-16  
4.5445693e-16  1.0000000   4.3765869e-17  -2.2427727e-16  5.4305375e-16  1.7166473e-18  -2.4631017e-16  -2.3111264e-16  1.4777769e-16  3.3866460e-16  
4.5160182e-16  4.3934877e-17  1.0000000   3.2685786e-16  1.7503958e-16  1.4059175e-16  -7.5613765e-16  8.3568171e-17  -3.6379399e-16  6.8192251e-16  
1.7807578e-16  -2.2202521e-16  2.6420816e-16  1.0000000   -5.8704506e-16  7.3233249e-17  -2.6863533e-16  1.6548441e-16  3.4112394e-16  1.7052552e-16  
3.7298648e-16  5.4527688e-16  3.0330829e-16  -6.0588271e-16  1.0000000   -4.2817513e-16  -1.0470337e-16  5.6381135e-16  -5.1296736e-16  -1.4598592e-16  
1.9695033e-17  -9.2807252e-17  1.3885874e-16  7.4098489e-17  -4.2470792e-16  1.0000000   -1.3320945e-16  3.6179325e-16  5.1712410e-17  4.8482133e-16  
5.6621347e-16  -2.4457723e-16  -7.5657300e-16  -2.6928535e-16  -1.0817204e-16  -1.3320541e-16  1.0000000   -5.7098150e-16  5.6967443e-16  2.9279896e-16  
3.4194725e-16  -2.3236882e-16  1.1837988e-16  1.6040056e-16  5.6017312e-16  3.6026077e-16  -5.6454657e-16  1.0000000   1.6443532e-16  8.7111632e-16  
2.4457739e-16  1.5406503e-16  -3.6898423e-16  3.3916536e-16  -5.1383710e-16  6.5592760e-17  5.5233183e-16  1.6589062e-16  1.0000000   5.1562199e-16  
1.9540034e-16  3.5253977e-16  6.8018948e-16  1.6965816e-16  -1.4598645e-16  4.2932246e-16  2.9279811e-16  8.7171215e-16  4.7399964e-16  1.0000000   
