1.0000000   -1.3620218e-16  -4.9602068e-16  5.0652773e-16  1.1838848e-16  2.3303763e-16  -2.3036837e-16  -2.7760984e-16  5.4613832e-16  4.8283927e-16  
-1.3619651e-16  1.0000000   4.1064701e-16  3.6437254e-16  -1.5010538e-16  2.2559429e-16  7.0958144e-16  2.3575282e-16  -5.2398021e-16  -1.4295544e-16  
-4.9601730e-16  4.1041281e-16  1.0000000   3.9174959e-16  2.7855806e-16  -3.0723787e-16  2.3402516e-16  4.6318599e-16  2.9037306e-16  -2.5377446e-16  
5.0653734e-16  3.6343134e-16  4.5736836e-16  1.0000000   2.0158935e-16  5.8884424e-16  3.4288226e-17  4.6054085e-16  -1.2758369e-16  -1.4628259e-16  
1.1841075e-16  -1.4947274e-16  3.1320459e-16  1.9260833e-16  1.0000000   3.2246722e-16  -5.3235417e-16  -3.3484923e-16  5.1914811e-16  1.5844344e-16  
2.3303559e-16  3.1753762e-16  -3.0854224e-16  5.8883932e-16  3.2159887e-16  1.0000000   3.2118780e-16  1.0317695e-15  8.7779406e-16  -2.8814526e-16  
-2.3035158e-16  7.3083279e-16  2.3750059e-16  3.2335886e-17  -5.2963760e-16  3.3507355e-16  1.0000000   -3.2704982e-16  2.2352311e-16  1.8517495e-16  
-2.7760706e-16  2.3483740e-16  4.2632562e-16  5.8192304e-16  -4.1824784e-16  1.0333104e-15  -3.2847591e-16  1.0000000   3.3198966e-17  -2.1353870e-16  
5.4612849e-16  -4.7475289e-16  2.8528108e-16  -1.2845610e-16  5.2347063e-16  8.9166709e-16  3.4149427e-16  3.6143506e-17  1.0000000   1.4638423e-17  
4.8283588e-16  -2.1323207e-16  -2.5160605e-16  -1.4888468e-16  1.5801569e-16  -2.3262500e-16  1.5741260e-16  -2.1316092e-16  -4.0887974e-17  1.0000000   
