1.0000000   3.3178352e-16  -2.9544701e-16  2.8713497e-17  -2.5912824e-16  -2.8076719e-17  2.1119404e-16  -2.2049920e-16  1.9712607e-16  1.6339682e-16  
3.3178864e-16  0.99999994  -1.0377423e-08  -3.3195243e-09  1.9232905e-08  -6.5609078e-09  1.0912042e-08  6.6754341e-08  9.0918170e-10  6.2350222e-08  
-2.9544453e-16  -1.0377423e-08  1.0000001   -2.7671886e-07  -5.0881114e-08  -4.4578202e-08  3.3034395e-08  -4.9770894e-08  -1.3438865e-08  8.1369354e-09  
2.8711483e-17  -3.3195243e-09  -2.7671886e-07  0.99999975  4.4353906e-07  -1.0138449e-07  -3.1710474e-08  1.9197812e-09  -2.9152457e-09  4.2568610e-09  
-2.5913223e-16  1.9232905e-08  -5.0881114e-08  4.4353906e-07  0.99999972  1.6629827e-07  -1.5082639e-08  4.6874684e-08  -2.4564906e-09  7.9404635e-08  
-2.8076534e-17  -6.5609078e-09  -4.4578202e-08  -1.0138449e-07  1.6629827e-07  0.99999928  -2.6258096e-08  -4.2944357e-08  -1.3217685e-08  -3.3510234e-08  
2.1119143e-16  1.0912042e-08  3.3034395e-08  -3.1710474e-08  -1.5082639e-08  -2.6258096e-08  1.0000008   4.2934972e-07  8.4166028e-08  1.2275923e-08  
-2.2048380e-16  6.6754341e-08  -4.9770894e-08  1.9197812e-09  4.6874684e-08  -4.2944357e-08  4.2934972e-07  1.0000018   2.9090677e-07  -1.0034506e-07  
1.9713229e-16  9.0918170e-10  -1.3438865e-08  -2.9152457e-09  -2.4564906e-09  -1.3217685e-08  8.4166028e-08  2.9090677e-07  0.99999948  2.8268143e-08  
1.6340131e-16  6.2350222e-08  8.1369354e-09  4.2568610e-09  7.9404635e-08  -3.3510234e-08  1.2275924e-08  -1.0034506e-07  2.8268143e-08  0.99999979  
