1.0000000   -6.6164616e-17  3.7022192e-16  -2.6213729e-16  5.0115643e-16  -2.0321963e-16  -7.1292416e-16  1.6678770e-16  -5.8680072e-16  5.9031420e-17  
-6.6152162e-17  1.0000000   -1.8958618e-16  3.6955931e-16  4.9456591e-16  3.6196799e-16  1.6643456e-16  1.7484214e-16  9.2874901e-17  -5.4003517e-16  
3.7022499e-16  -1.9111532e-16  1.0000000   5.4770013e-16  1.9670392e-16  1.6566764e-16  -1.3899538e-16  -5.3132989e-16  6.6624720e-17  -1.5147998e-16  
-2.6213313e-16  3.6786207e-16  5.7062803e-16  1.0000000   1.1168765e-16  -2.6854895e-16  5.4555563e-16  -1.6504853e-16  6.1131150e-16  -2.8637506e-16  
5.0115181e-16  4.9684109e-16  7.6889109e-17  1.1549310e-16  1.0000000   -1.3717619e-16  2.7113484e-16  -2.8805303e-16  2.0124702e-16  -7.7329873e-17  
-2.0322640e-16  3.7064171e-16  1.6219777e-16  -2.6941626e-16  -1.4151674e-16  1.0000000   -3.2422709e-16  -2.5266302e-16  5.9360205e-16  -3.4911988e-16  
-7.1293125e-16  1.7251021e-16  -1.3205891e-16  5.4729188e-16  2.7286940e-16  -3.5197964e-16  1.0000000   -3.4024764e-16  -4.6173725e-17  1.6431084e-16  
1.6678787e-16  1.7717566e-16  -4.7766705e-16  -1.0904244e-16  -2.7248922e-16  -2.5613243e-16  -3.3157670e-16  1.0000000   -9.4887943e-17  -2.4795788e-16  
-5.8677571e-16  9.2882573e-17  7.0095032e-17  6.1390625e-16  2.0471888e-16  6.2135754e-16  -7.3944757e-17  -9.8358872e-17  1.0000000   2.2450439e-16  
5.9017868e-17  -5.2441758e-16  -1.4106487e-16  -2.8724751e-16  -7.0395638e-17  -4.0463611e-16  1.6431762e-16  -2.4622147e-16  1.1348039e-16  1.0000000   
