1.0000000   7.0463010e-17  -6.2311132e-16  8.0920489e-17  7.1174877e-16  -2.0885524e-16  1.7158894e-16  -3.0774890e-16  -2.3404264e-16  -2.9378406e-16  
7.0457200e-17  1.0000000   3.0679263e-15  -6.9807442e-16  -3.5576705e-15  -7.8496237e-16  1.1352317e-15  6.2962500e-16  -5.5450165e-17  -3.1116602e-16  
-6.2310810e-16  3.0660058e-15  1.0000000   4.2154546e-15  6.9986023e-15  -4.5613580e-15  4.3585676e-15  -3.0850045e-15  -1.6468928e-15  -1.4704797e-15  
8.0909528e-17  -6.9784440e-16  4.6141795e-15  1.0000000   -3.8162781e-15  1.5212034e-15  -1.3191062e-15  1.4236728e-15  9.4066566e-16  9.3241387e-18  
7.1170568e-16  -3.5536057e-15  1.6446924e-14  -4.8089721e-15  1.0000000   5.0066584e-15  -4.8023688e-15  5.7926716e-15  2.2932942e-15  2.0584070e-15  
-2.0887155e-16  -7.9298547e-16  -4.5605338e-15  1.5210272e-15  5.0064933e-15  1.0000000   1.2560482e-15  -1.1174601e-15  -5.8980598e-16  4.7184479e-16  
1.7159495e-16  1.1407569e-15  4.3302882e-15  -1.3125470e-15  -4.7794850e-15  1.2602766e-15  1.0000000   3.8738713e-16  -2.6453449e-15  1.0928758e-15  
-3.0774895e-16  6.2882167e-16  -4.8761320e-15  1.5722010e-15  5.3968383e-15  -1.1175408e-15  3.9768327e-16  1.0000000   -1.1847883e-16  -3.7294522e-16  
-2.3404653e-16  -6.2585570e-17  -1.6378415e-15  9.3901056e-16  2.2798688e-15  -6.0021432e-16  -9.3676423e-16  -1.1802388e-16  1.0000000   -7.1817552e-16  
-2.9380015e-16  -3.1051550e-16  -1.4700155e-15  9.2157185e-18  2.0577615e-15  3.6082248e-16  1.1310397e-15  -3.7285713e-16  -7.2858386e-16  1.0000000   
