1.0000000   2.0935527e-16  1.9279927e-16  1.6732280e-16  3.6740451e-17  1.7507434e-16  -9.0512911e-16  2.7301961e-16  2.8042565e-16  -5.2425632e-16  
2.0935774e-16  0.99999991  -8.6223447e-09  -3.3550136e-08  4.2752435e-08  2.8597906e-07  -2.5967592e-08  3.1646486e-08  8.3635654e-10  3.5919327e-08  
1.9279839e-16  -8.6223447e-09  0.99999985  1.5805961e-09  -1.6063313e-07  -2.7192668e-08  -4.8459729e-08  5.6333564e-07  -8.7356654e-09  9.2802029e-10  
1.6730977e-16  -3.3550136e-08  1.5805961e-09  1.0000003   -4.1511680e-07  -1.6878789e-08  -1.7135296e-08  1.4287099e-07  1.0697504e-08  3.9908327e-08  
3.6737226e-17  4.2752435e-08  -1.6063313e-07  -4.1511680e-07  1.0000004   1.9983258e-09  1.5311178e-08  -8.4579524e-08  5.4760318e-08  -4.8906612e-09  
1.7506696e-16  2.8597906e-07  -2.7192668e-08  -1.6878789e-08  1.9983258e-09  0.99999918  3.9176848e-08  1.0518367e-08  1.1472896e-08  3.0269810e-07  
-9.0510163e-16  -2.5967592e-08  -4.8459729e-08  -1.7135296e-08  1.5311178e-08  3.9176848e-08  0.99999929  -5.0150881e-08  5.4798669e-07  -2.0240004e-07  
2.7302435e-16  3.1646486e-08  5.6333564e-07  1.4287099e-07  -8.4579524e-08  1.0518367e-08  -5.0150881e-08  1.0000006   6.2228865e-08  -1.6766375e-08  
2.8042193e-16  8.3635654e-10  -8.7356654e-09  1.0697504e-08  5.4760318e-08  1.1472896e-08  5.4798669e-07  6.2228865e-08  1.0000008   1.2345387e-07  
-5.2425520e-16  3.5919327e-08  9.2802030e-10  3.9908327e-08  -4.8906612e-09  3.0269810e-07  -2.0240004e-07  -1.6766375e-08  1.2345387e-07  0.99999993  
