1.0000000   -3.2406554e-16  2.7013171e-16  3.8229887e-16  2.8750959e-16  5.4791734e-16  -1.8781824e-16  2.2318559e-17  -3.5079853e-16  -3.6619456e-16  
-3.2406652e-16  0.99999979  6.7951127e-09  -2.0052441e-08  8.4700351e-09  3.7651475e-07  -6.2263603e-09  -1.5039613e-09  3.6409544e-08  2.7886456e-07  
2.7013411e-16  6.7951127e-09  1.0000000   3.9125598e-08  -4.7174551e-08  1.3448736e-08  3.9197631e-08  -2.2737974e-08  -3.0169354e-08  -4.1581374e-08  
3.8229891e-16  -2.0052441e-08  3.9125598e-08  0.99999987  -2.6021511e-08  -3.4769737e-08  -8.5508105e-09  7.3015333e-08  5.4502031e-08  4.1071607e-08  
2.8750889e-16  8.4700351e-09  -4.7174551e-08  -2.6021511e-08  0.99999974  5.3310457e-09  9.5214799e-09  -7.0710299e-08  3.3325050e-08  -2.3335225e-08  
5.4791961e-16  3.7651475e-07  1.3448736e-08  -3.4769737e-08  5.3310457e-09  1.0000014   -2.2517774e-08  -1.4961614e-08  -8.1354603e-08  -7.0879097e-07  
-1.8780836e-16  -6.2263603e-09  3.9197631e-08  -8.5508105e-09  9.5214799e-09  -2.2517774e-08  1.0000004   -2.1543141e-08  5.3930957e-07  -4.2515176e-07  
2.2320015e-17  -1.5039613e-09  -2.2737974e-08  7.3015333e-08  -7.0710299e-08  -1.4961614e-08  -2.1543141e-08  0.99999984  -1.1102650e-08  2.6366140e-08  
-3.5078350e-16  3.6409544e-08  -3.0169354e-08  5.4502031e-08  3.3325050e-08  -8.1354603e-08  5.3930957e-07  -1.1102650e-08  0.99999912  -2.0126404e-07  
-3.6618311e-16  2.7886456e-07  -4.1581374e-08  4.1071607e-08  -2.3335225e-08  -7.0879097e-07  -4.2515176e-07  2.6366140e-08  -2.0126404e-07  1.0000000   
