1.0000000   1.2529454e-16  1.6933472e-16  1.8969198e-16  1.0194710e-16  6.2383977e-18  1.1723698e-16  1.8768622e-16  7.8180294e-17  6.1782583e-17  
1.2529473e-16  1.0000000   -2.1303556e-16  9.1847298e-16  6.3065021e-16  -1.2923690e-16  -2.0476784e-15  -4.7315102e-16  3.6559297e-16  -5.8850494e-16  
1.6932994e-16  -2.1061051e-16  1.0000000   3.6394542e-15  5.3648339e-16  1.3941485e-15  -3.4344137e-15  -6.6720863e-16  1.1562474e-15  -3.1593651e-16  
1.8968134e-16  9.1756729e-16  1.7493117e-15  1.0000000   3.8605179e-17  7.7032564e-17  4.3132951e-16  3.9141161e-17  -1.1286545e-16  -1.9840900e-17  
1.0196344e-16  6.2999177e-16  5.8313081e-16  -6.9031510e-16  1.0000000   -7.1064031e-16  6.3985546e-16  -8.3979479e-16  3.1767124e-16  -9.7068621e-16  
6.2373389e-18  -1.0321605e-16  1.3936606e-15  8.7332485e-17  -7.1234793e-16  1.0000000   -1.3017365e-14  4.9331199e-17  1.3322676e-14  -4.5519144e-15  
1.1723296e-16  -2.1102911e-15  -3.4368938e-15  4.1438207e-16  6.4107858e-16  -1.1657342e-14  1.0000000   -1.0496703e-15  -1.9928503e-14  7.3274720e-15  
1.8767287e-16  -4.7320258e-16  -6.0843753e-16  1.4567032e-16  -8.6595031e-16  5.3559587e-17  -1.0529771e-15  1.0000000   -3.7838656e-17  -7.3790800e-16  
7.8180294e-17  4.1026210e-16  1.1626442e-15  -1.0923337e-16  3.1574678e-16  1.3378187e-14  -2.1010971e-14  -3.9383644e-17  1.0000000   -7.4384943e-15  
6.1787665e-17  -5.8807126e-16  -3.1203339e-16  -2.6020852e-17  -9.7247514e-16  -4.1078252e-15  6.4392935e-15  -7.3801642e-16  -7.2164497e-15  1.0000000   
