1.0000000   6.8015779e-17  -8.8658066e-17  -2.6621919e-17  -4.3130506e-16  -7.7597916e-17  -5.7013595e-16  -2.2359737e-16  -5.8514278e-16  2.1720805e-16  
6.8013139e-17  1.0000000   -5.9373164e-17  -3.9121176e-16  3.8192997e-16  2.1158022e-16  -1.7847434e-16  -6.1835511e-16  -2.7572935e-16  1.2660263e-16  
-8.8670769e-17  -5.9939178e-17  1.0000000   6.1252144e-16  5.5819427e-17  3.6225476e-16  -4.4722546e-16  9.9845234e-17  -6.3025313e-16  2.8093372e-16  
-2.6623734e-17  -3.9113089e-16  5.8363035e-16  1.0000000   -1.5246575e-16  -9.0892696e-18  -1.5552057e-16  1.8356483e-16  3.0996601e-16  -3.1804901e-16  
-4.3130699e-16  3.8198015e-16  7.3683999e-17  -2.4708907e-16  1.0000000   -1.8336949e-16  7.4310535e-17  -2.9693230e-16  -2.3870991e-16  1.2184992e-16  
-7.7593143e-17  1.9335808e-16  3.6247508e-16  -8.2220542e-18  -1.8380362e-16  1.0000000   1.9415411e-16  -5.4011727e-17  6.6602035e-17  2.3825343e-16  
-5.7013730e-16  -1.6893233e-16  -4.4728317e-16  -1.5573861e-16  7.5831310e-17  1.6640980e-16  1.0000000   2.2976639e-16  7.6061423e-17  9.9639874e-17  
-2.2360587e-16  -6.1865559e-16  1.5060178e-17  1.6163350e-16  -2.9404073e-16  -5.3787992e-17  2.3020326e-16  1.0000000   -7.1497640e-17  -1.0141822e-16  
-5.8514422e-16  -2.7746622e-16  -6.3080227e-16  3.1008109e-16  -2.3848969e-16  6.6615780e-17  3.4426762e-17  -7.0619936e-17  1.0000000   -2.0104496e-16  
2.1719958e-16  1.2660009e-16  2.8180109e-16  -3.1762211e-16  1.2271644e-16  2.9377135e-16  7.1885992e-17  -1.0142267e-16  -2.5656967e-16  1.0000000   
