1.0000000   -1.1420127e-16  -8.3876088e-18  1.9194584e-16  -1.8458431e-16  4.6314952e-16  -9.1347116e-17  7.1410564e-18  -6.9459534e-17  -2.4137837e-16  
-1.1420031e-16  1.0000002   1.7143932e-08  -6.3787753e-09  8.7017657e-09  -5.0385309e-07  -7.9355123e-08  -1.1629189e-08  -2.2408714e-08  2.4182865e-08  
-8.3978867e-18  1.7143932e-08  1.0000004   -2.9123635e-07  1.9517435e-07  -1.1279414e-08  -1.3043833e-08  -1.2485818e-07  4.8470163e-09  9.2273811e-09  
1.9194097e-16  -6.3787753e-09  -2.9123635e-07  1.0000002   -9.0924948e-07  -1.0289379e-08  1.7331848e-09  -1.6049242e-07  -2.4400168e-08  -2.4448197e-08  
-1.8458036e-16  8.7017657e-09  1.9517435e-07  -9.0924948e-07  0.99999974  -1.6929491e-08  4.0821181e-08  -2.4609859e-07  -5.4447896e-08  9.1806895e-09  
4.6315452e-16  -5.0385309e-07  -1.1279414e-08  -1.0289379e-08  -1.6929491e-08  1.0000009   8.2033065e-08  -9.3032020e-09  1.2282677e-07  -3.5106315e-07  
-9.1339974e-17  -7.9355123e-08  -1.3043833e-08  1.7331848e-09  4.0821181e-08  8.2033065e-08  1.0000000   -9.8956832e-09  -4.1755300e-08  3.6932642e-07  
7.1449384e-18  -1.1629189e-08  -1.2485818e-07  -1.6049242e-07  -2.4609859e-07  -9.3032020e-09  -9.8956832e-09  0.99999815  -1.4014033e-08  4.6939336e-08  
-6.9462067e-17  -2.2408714e-08  4.8470163e-09  -2.4400168e-08  -5.4447896e-08  1.2282677e-07  -4.1755300e-08  -1.4014033e-08  0.99999996  2.8744041e-07  
-2.4137483e-16  2.4182865e-08  9.2273811e-09  -2.4448197e-08  9.1806895e-09  -3.5106315e-07  3.6932642e-07  4.6939336e-08  2.8744041e-07  1.0000001   
