1.0000000   -5.0805764e-17  -2.6109275e-16  1.8424218e-16  8.4391004e-16  1.3845378e-16  -3.3576916e-16  -1.1349151e-16  -2.2530005e-16  5.1304590e-16  
-5.0801841e-17  0.99999995  -1.3041150e-08  3.3574077e-08  1.3435589e-08  -2.0295314e-08  6.2544183e-08  4.9130457e-08  1.8996703e-07  -5.9905196e-08  
-2.6106538e-16  -1.3041150e-08  1.0000001   -4.6918207e-07  -1.9605764e-07  8.5941409e-09  -4.4686977e-08  2.9497807e-07  -9.5560154e-09  -2.5350156e-08  
1.8424548e-16  3.3574077e-08  -4.6918207e-07  0.99999996  -4.6402999e-07  3.8689890e-08  7.5677420e-09  -3.4768285e-07  8.0946763e-08  1.5143072e-08  
8.4392983e-16  1.3435589e-08  -1.9605764e-07  -4.6402999e-07  0.99999974  -1.2636199e-08  -2.2402413e-09  -5.3568665e-07  2.3905742e-09  -2.4168371e-08  
1.3843361e-16  -2.0295314e-08  8.5941409e-09  3.8689890e-08  -1.2636199e-08  1.0000007   -1.1135666e-07  -1.1480901e-09  -2.4447594e-07  -9.2870825e-07  
-3.3573491e-16  6.2544183e-08  -4.4686977e-08  7.5677420e-09  -2.2402413e-09  -1.1135666e-07  0.99999986  -2.4151447e-08  5.3852435e-07  2.5818135e-07  
-1.1346405e-16  4.9130457e-08  2.9497807e-07  -3.4768285e-07  -5.3568665e-07  -1.1480901e-09  -2.4151447e-08  0.99999925  -8.4209727e-09  -5.2230304e-08  
-2.2530786e-16  1.8996703e-07  -9.5560154e-09  8.0946763e-08  2.3905742e-09  -2.4447594e-07  5.3852435e-07  -8.4209727e-09  1.0000004   7.0154341e-08  
5.1303699e-16  -5.9905196e-08  -2.5350156e-08  1.5143072e-08  -2.4168371e-08  -9.2870825e-07  2.5818135e-07  -5.2230304e-08  7.0154341e-08  0.99999982  
