1.0000000   -1.5494530e-16  7.0419317e-16  -2.2814136e-16  -3.5033201e-16  -2.6657065e-16  2.3670718e-16  1.6774390e-16  2.7069269e-16  -1.0877788e-16  
-1.5494426e-16  1.0000000   4.4623290e-16  8.6490157e-17  -1.7577466e-16  5.9713122e-17  8.3683391e-16  -9.8052491e-17  6.9375520e-17  -1.0440570e-16  
7.0419789e-16  4.3827635e-16  1.0000000   -2.4863007e-16  -6.3160245e-16  7.6020891e-17  8.0088768e-17  -2.9300709e-16  -1.0315551e-16  -2.9595331e-17  
-2.2814963e-16  8.6797040e-17  -1.4843288e-16  1.0000000   -9.9204025e-16  1.7299900e-16  1.4992348e-16  -7.0781776e-16  1.7082588e-16  6.2241675e-16  
-3.5032986e-16  -1.7407807e-16  -7.1060173e-16  -7.7880484e-16  1.0000000   2.5235067e-16  -1.6279047e-16  -2.3503778e-17  -1.2998726e-16  3.8913202e-16  
-2.6656985e-16  3.9768194e-17  8.0793933e-17  1.7365050e-16  2.6363339e-16  1.0000000   -8.3675302e-17  -1.5262746e-16  1.0156882e-16  -5.0898210e-17  
2.3671094e-16  8.2408178e-16  8.0480904e-17  1.6473705e-16  -1.6955696e-16  -7.7600939e-17  1.0000000   5.8774272e-16  3.6152057e-16  7.8968882e-17  
1.6773359e-16  -9.9225510e-17  -2.0433664e-16  -6.1650991e-16  1.5447480e-17  -1.5608810e-16  5.9012863e-16  1.0000000   6.8065146e-16  -6.5664112e-17  
2.7069239e-16  5.8862047e-17  -1.0369512e-16  1.6223034e-16  -1.3344748e-16  1.0855078e-16  3.9262429e-16  6.8179884e-16  1.0000000   3.2575532e-16  
-1.0877724e-16  -1.2175040e-16  -2.8727122e-17  6.2089887e-16  3.8566045e-16  -5.0892281e-17  7.3768099e-17  -6.7400529e-17  3.3270777e-16  1.0000000   
