0.99958807  9.5276713e-05  2.7295238e-05  -5.8265628e-06  -1.9055909e-05  5.1555907e-05  -2.8997148e-05  -3.1684165e-05  -5.2339371e-05  2.7529943e-05  
9.5276713e-05  0.99976671  -4.4509486e-06  -5.8221536e-05  -3.2854338e-05  7.4724631e-06  -1.0208679e-05  -3.3134604e-05  -4.5933257e-06  1.6114096e-05  
2.7295238e-05  -4.4509486e-06  0.99972869  6.2707652e-05  -3.1210192e-05  -1.5919556e-05  -3.3547943e-05  1.9603571e-05  5.6147634e-05  -8.1582940e-06  
-5.8265628e-06  -5.8221536e-05  6.2707652e-05  0.99967811  -3.8049299e-05  -2.0462283e-06  9.8181484e-06  -5.1577321e-06  -1.4301446e-05  8.4644574e-06  
-1.9055909e-05  -3.2854338e-05  -3.1210192e-05  -3.8049299e-05  0.99961267  -3.1532465e-05  -4.6793182e-05  1.5961994e-05  6.3449544e-05  -1.7070745e-05  
5.1555907e-05  7.4724631e-06  -1.5919556e-05  -2.0462283e-06  -3.1532465e-05  0.99975181  -1.5615831e-05  -3.2341814e-05  -1.5092146e-05  -1.9490205e-05  
-2.8997148e-05  -1.0208679e-05  -3.3547943e-05  9.8181484e-06  -4.6793182e-05  -1.5615831e-05  0.99964218  -1.9488208e-05  -3.4610887e-05  5.0877214e-05  
-3.1684165e-05  -3.3134604e-05  1.9603571e-05  -5.1577321e-06  1.5961994e-05  -3.2341814e-05  -1.9488208e-05  0.99973180  6.6312162e-06  -1.1475269e-05  
-5.2339371e-05  -4.5933257e-06  5.6147634e-05  -1.4301446e-05  6.3449544e-05  -1.5092146e-05  -3.4610887e-05  6.6312162e-06  0.99965291  7.2066129e-05  
2.7529943e-05  1.6114096e-05  -8.1582940e-06  8.4644574e-06  -1.7070745e-05  -1.9490205e-05  5.0877214e-05  -1.1475269e-05  7.2066129e-05  0.99961237  
