1.0000000   -2.4873399e-16  -2.7452526e-16  -1.2396340e-16  6.0139425e-16  1.9185356e-16  -1.3122024e-16  -1.2608729e-16  -3.4774104e-16  -2.3629138e-16  
-2.4872801e-16  1.0000000   -1.8560964e-08  2.5266420e-08  2.6296503e-08  -4.1891582e-08  4.9840060e-08  4.2027727e-08  -3.8219909e-08  -2.0222314e-07  
-2.7452664e-16  -1.8560964e-08  0.99999926  -7.6368022e-08  2.5752353e-07  -3.5966557e-07  -2.0659817e-08  -9.1200521e-09  -1.6456490e-08  3.2561827e-09  
-1.2396175e-16  2.5266420e-08  -7.6368022e-08  1.0000011   2.7062053e-08  1.5431429e-08  -5.6574201e-08  -3.0107055e-08  -2.2049997e-09  3.1085386e-08  
6.0139416e-16  2.6296503e-08  2.5752352e-07  2.7062053e-08  1.0000002   -7.1117297e-07  4.3580564e-08  1.0979292e-09  -2.6415891e-08  7.6990789e-09  
1.9185357e-16  -4.1891582e-08  -3.5966557e-07  1.5431429e-08  -7.1117297e-07  1.0000013   3.0008144e-08  4.6846092e-08  5.7119670e-09  -2.1040001e-08  
-1.3122588e-16  4.9840060e-08  -2.0659817e-08  -5.6574201e-08  4.3580564e-08  3.0008144e-08  1.0000002   2.9426612e-07  -8.3973835e-08  -4.9175672e-08  
-1.2609539e-16  4.2027727e-08  -9.1200521e-09  -3.0107055e-08  1.0979292e-09  4.6846092e-08  2.9426612e-07  0.99999784  -1.0358470e-07  2.3275388e-08  
-3.4774778e-16  -3.8219909e-08  -1.6456490e-08  -2.2049997e-09  -2.6415891e-08  5.7119670e-09  -8.3973835e-08  -1.0358470e-07  1.0000001   4.2648969e-07  
-2.3630181e-16  -2.0222314e-07  3.2561827e-09  3.1085386e-08  7.6990789e-09  -2.1040001e-08  -4.9175672e-08  2.3275388e-08  4.2648969e-07  1.0000003   
