1.0000000   -1.7608570e-16  -3.5141789e-16  2.8187155e-16  4.1781466e-16  9.2313670e-17  -1.0893485e-16  -4.1696168e-16  -2.9620154e-16  -2.6543293e-16  
-1.7607767e-16  0.99999997  1.2612069e-08  -1.9405833e-08  7.6387373e-09  2.0501692e-08  -8.7700158e-09  -2.3074579e-08  3.3082839e-08  2.7714107e-07  
-3.5142192e-16  1.2612069e-08  1.0000007   7.6105587e-07  -5.1430962e-07  -2.3181537e-08  4.6787545e-08  -1.2734383e-07  3.5818014e-08  -4.9303945e-10  
2.8187768e-16  -1.9405833e-08  7.6105587e-07  0.99999880  -4.1406399e-07  -2.2040737e-08  1.4079061e-08  3.6618367e-07  3.5066650e-08  2.0209841e-08  
4.1782030e-16  7.6387373e-09  -5.1430962e-07  -4.1406399e-07  1.0000002   6.2793040e-09  -3.7328139e-08  2.8870690e-07  -3.3149285e-08  -2.8001613e-09  
9.2309250e-17  2.0501692e-08  -2.3181537e-08  -2.2040737e-08  6.2793040e-09  0.99999870  -1.3917949e-07  -1.2878443e-08  -3.2215554e-08  1.4144774e-07  
-1.0894097e-16  -8.7700158e-09  4.6787545e-08  1.4079061e-08  -3.7328139e-08  -1.3917949e-07  0.99999982  -4.5019430e-11  1.9597098e-07  -2.4877206e-07  
-4.1695648e-16  -2.3074579e-08  -1.2734383e-07  3.6618367e-07  2.8870690e-07  -1.2878443e-08  -4.5019417e-11  1.0000022   -1.4359497e-08  2.1685979e-08  
-2.9620734e-16  3.3082839e-08  3.5818014e-08  3.5066650e-08  -3.3149285e-08  -3.2215554e-08  1.9597098e-07  -1.4359497e-08  1.0000003   4.7165488e-07  
-2.6543786e-16  2.7714107e-07  -4.9303945e-10  2.0209841e-08  -2.8001613e-09  1.4144774e-07  -2.4877206e-07  2.1685979e-08  4.7165488e-07  1.0000002   
