1.0000000   -1.6655815e-16  -1.0651576e-16  4.1572091e-17  3.1778383e-16  -3.0930052e-16  4.9981839e-17  -1.3866149e-16  -2.0330947e-16  -1.0163047e-16  
-1.6658431e-16  1.0000000   8.4484375e-08  -2.9120895e-08  6.5841488e-09  -1.6522421e-08  9.4597695e-08  9.7370195e-08  5.4394006e-08  -2.1618842e-08  
-1.0651855e-16  8.4484375e-08  1.0000004   2.0080745e-07  -1.6699080e-08  3.2830304e-07  -8.0803333e-09  -6.4299502e-08  -5.6357797e-08  -1.5325088e-08  
4.1578322e-17  -2.9120895e-08  2.0080745e-07  1.0000003   -4.4153818e-08  -3.2460638e-07  -8.3049444e-09  1.4914306e-09  -4.2184054e-09  -1.6957505e-09  
3.1780619e-16  6.5841488e-09  -1.6699080e-08  -4.4153817e-08  1.0000000   2.3691783e-07  5.8194185e-08  4.3426683e-08  -5.3244655e-08  -1.3015368e-08  
-3.0930185e-16  -1.6522421e-08  3.2830304e-07  -3.2460638e-07  2.3691783e-07  0.99999937  4.2993475e-09  8.8940382e-09  -4.6659385e-08  1.2013331e-08  
4.9980245e-17  9.4597695e-08  -8.0803333e-09  -8.3049444e-09  5.8194185e-08  4.2993475e-09  1.0000003   -8.1519959e-08  -4.5041928e-08  3.8620022e-07  
-1.3865529e-16  9.7370195e-08  -6.4299502e-08  1.4914306e-09  4.3426683e-08  8.8940382e-09  -8.1519959e-08  1.0000000   4.7283323e-08  3.2870769e-07  
-2.0329637e-16  5.4394006e-08  -5.6357797e-08  -4.2184054e-09  -5.3244655e-08  -4.6659385e-08  -4.5041928e-08  4.7283323e-08  1.0000002   -3.3834025e-07  
-1.0165089e-16  -2.1618842e-08  -1.5325088e-08  -1.6957505e-09  -1.3015368e-08  1.2013331e-08  3.8620022e-07  3.2870769e-07  -3.3834025e-07  0.99999964  
