1.0000000   1.8493766e-17  7.7612449e-17  4.4634212e-16  -4.9366267e-16  3.3437630e-16  -2.3217807e-16  1.6630318e-15  9.7684998e-16  3.3394070e-16  
1.8498483e-17  0.99999984  4.6150689e-09  -5.6723835e-09  -3.7662286e-09  -4.6538361e-07  1.4640191e-07  -2.6140797e-09  -1.8668556e-08  1.6727439e-07  
7.7617538e-17  4.6150689e-09  0.99999871  -2.9332783e-07  9.6025068e-07  2.1675838e-08  1.4033805e-08  4.5050495e-08  -5.3239490e-08  -8.1601512e-08  
4.4633138e-16  -5.6723835e-09  -2.9332783e-07  1.0000002   -2.1679230e-07  -7.4208453e-09  2.2519066e-08  -7.2665502e-08  -7.9221836e-08  -6.3648131e-08  
-4.9366915e-16  -3.7662286e-09  9.6025068e-07  -2.1679230e-07  1.0000008   -3.3738418e-08  -6.7823555e-08  4.3970483e-07  -1.9383853e-08  2.0266816e-08  
3.3437626e-16  -4.6538361e-07  2.1675838e-08  -7.4208453e-09  -3.3738418e-08  1.0000006   4.0382921e-07  -1.9643592e-08  2.7346372e-07  7.7417559e-07  
-2.3220257e-16  1.4640191e-07  1.4033805e-08  2.2519066e-08  -6.7823555e-08  4.0382921e-07  0.99999928  -2.5659516e-07  7.6468582e-08  -2.0230926e-08  
1.6630249e-15  -2.6140797e-09  4.5050495e-08  -7.2665502e-08  4.3970483e-07  -1.9643592e-08  -2.5659516e-07  1.0000002   -2.1791473e-07  1.7160711e-08  
9.7683576e-16  -1.8668556e-08  -5.3239490e-08  -7.9221836e-08  -1.9383853e-08  2.7346372e-07  7.6468582e-08  -2.1791473e-07  1.0000005   5.5584626e-07  
3.3392681e-16  1.6727439e-07  -8.1601512e-08  -6.3648131e-08  2.0266816e-08  7.7417559e-07  -2.0230926e-08  1.7160711e-08  5.5584626e-07  0.99999939  
