1.0000000   -8.2465580e-17  -4.9746628e-16  -3.0386277e-16  1.5300652e-16  -3.3420967e-17  -3.3599055e-16  -5.6977802e-16  1.1723887e-16  -2.5537705e-16  
-8.2462227e-17  1.0000000   5.4986473e-16  7.5274557e-16  -2.9036902e-16  4.1618852e-16  1.6632089e-16  2.2748707e-16  -8.6484790e-17  -5.7483213e-16  
-4.9746381e-16  5.5077324e-16  1.0000000   -8.9727943e-16  2.1998939e-17  1.1860143e-16  1.6728675e-16  -3.2205278e-16  5.3431004e-16  1.3717699e-16  
-3.0386456e-16  7.5278625e-16  -8.6466003e-16  1.0000000   1.3129988e-15  8.1936959e-16  5.2902848e-16  -3.2223090e-16  -1.9457120e-16  4.5955773e-16  
1.5300514e-16  -2.8998913e-16  7.8267321e-17  1.3755436e-15  1.0000000   6.3464695e-17  -1.1606840e-16  3.6972809e-16  -7.9370454e-17  2.9732802e-17  
-3.3418251e-17  4.7603074e-16  1.1773535e-16  8.1893544e-16  6.4333648e-17  1.0000000   -1.3162902e-16  -1.9350698e-16  3.8199508e-16  6.2208133e-16  
-3.3601436e-16  1.6111749e-16  1.6425072e-16  5.3076307e-16  -1.1823664e-16  -1.1775278e-16  1.0000000   5.4753035e-16  -4.2342304e-16  8.9147719e-16  
-5.6975580e-16  2.2693218e-16  -2.3179805e-16  -2.7235705e-16  3.9945140e-16  -1.9372559e-16  5.5013292e-16  1.0000000   1.4650306e-15  -3.7432800e-16  
1.1723619e-16  -1.0123059e-16  5.3430727e-16  -1.9500623e-16  -7.7636126e-17  3.6811941e-16  -4.2341865e-16  1.4652478e-15  1.0000000   -1.7289806e-16  
-2.5537366e-16  -5.8524302e-16  1.3631132e-16  4.5522092e-16  3.1467598e-17  6.2208048e-16  8.3597663e-16  -3.7389390e-16  -1.7289806e-16  1.0000000   
