1.0000000   1.1222331e-16  7.6973259e-18  1.3428990e-16  7.3458582e-17  2.7075832e-17  2.2037256e-17  1.2871611e-16  1.5812877e-16  -4.2649803e-17  
1.1221134e-16  1.0000000   8.4343136e-16  -2.8290064e-16  -5.7455939e-17  1.5612511e-16  2.3993394e-16  2.0791610e-16  2.7191790e-16  3.7339923e-16  
7.7428923e-18  8.4024059e-16  1.0000000   -1.4444330e-15  -6.4300410e-15  -2.6620958e-15  1.7002458e-15  3.7551638e-15  -1.9938207e-15  1.8207007e-15  
1.3431561e-16  -2.8270535e-16  -1.4843643e-15  1.0000000   9.2852247e-16  2.9498600e-16  9.5381754e-16  -1.0485966e-16  -1.6639793e-16  -2.0665571e-16  
7.3457438e-17  -5.0442930e-17  3.7443981e-16  1.2312753e-16  1.0000000   3.5762815e-15  -1.4885215e-15  -1.2288258e-15  2.6514571e-15  -1.9675017e-15  
2.7074826e-17  1.1492543e-16  -2.6630174e-15  2.9530957e-16  3.5815535e-15  1.0000000   -2.0816682e-16  -6.3442090e-16  1.4294121e-15  -8.3266727e-16  
2.2069391e-17  2.5261911e-16  1.7895841e-15  9.4643396e-16  -1.5164736e-15  -1.6653345e-16  1.0000000   -6.2132916e-16  -1.3530843e-15  -9.4368957e-16  
1.2870499e-16  2.0685540e-16  2.5347897e-15  8.6776620e-17  -1.8403051e-15  -6.3417018e-16  -6.2097679e-16  1.0000000   1.1320290e-15  -2.5424541e-17  
1.5809150e-16  2.6085904e-16  -1.9326988e-15  -1.7810054e-16  2.5324794e-15  1.5057400e-15  -3.7747583e-15  1.1671436e-15  1.0000000   -6.1062266e-16  
-4.2642815e-17  3.8857806e-16  1.8145208e-15  -2.0578157e-16  -1.9715132e-15  -8.8817842e-16  -6.9388939e-16  -2.7755576e-17  -5.5511151e-16  1.0000000   
