1.0000000   -8.4758617e-17  -9.3936219e-18  -1.4374687e-16  -1.4201498e-16  1.4420397e-16  1.6215212e-16  7.4385970e-18  -3.8820092e-16  -1.9312351e-17  
-8.4745885e-17  1.0000000   1.6335200e-16  9.6804330e-16  -4.1470034e-16  7.2706598e-16  2.5814007e-16  6.0094828e-16  4.8947662e-16  1.0690233e-15  
-9.4236932e-18  1.5789838e-16  1.0000000   8.3297634e-16  5.4979492e-15  -1.9515639e-18  -4.2933443e-16  -1.4075531e-15  -1.3618172e-16  1.4842728e-16  
-1.4372778e-16  9.6809174e-16  8.9348097e-16  1.0000000   -1.5741101e-16  6.0356180e-16  5.3485853e-16  -7.4001428e-16  -4.1795994e-17  -2.2714036e-16  
-1.4201168e-16  -4.1287986e-16  8.8705946e-15  -1.6248171e-16  1.0000000   4.5861752e-16  1.0067267e-15  2.0194498e-15  -6.7801599e-17  9.0259831e-17  
1.4419381e-16  7.0516509e-16  -8.9446679e-19  6.0364989e-16  4.5739779e-16  1.0000000   1.2718776e-15  -5.5381047e-16  -3.7296555e-17  4.4408921e-16  
1.6214699e-16  2.6027628e-16  -3.8784029e-16  5.3476430e-16  1.0042338e-15  1.2728534e-15  1.0000000   -2.9736108e-16  7.4629159e-15  -5.7592819e-16  
7.4355927e-18  6.0082419e-16  -1.6056755e-15  -7.4788303e-16  2.0218379e-15  -5.5348521e-16  -2.9382345e-16  1.0000000   7.6488430e-16  -1.7347235e-17  
-3.8820187e-16  4.8935465e-16  -1.3453085e-16  -4.2653191e-17  -9.5075213e-17  -4.8572257e-17  6.6087408e-15  7.7911276e-16  1.0000000   1.1206314e-15  
-1.9258141e-17  1.0616508e-15  1.4858991e-16  -2.2715391e-16  9.0259831e-17  4.9960036e-16  -5.8720390e-16  -1.8323017e-17  1.1241008e-15  1.0000000   
