1.0000000   2.6194337e-16  3.7181705e-16  -2.4537003e-16  2.5039175e-16  5.0299177e-16  -3.6016128e-16  6.2162354e-17  5.1834646e-16  -1.5471226e-16  
2.6193780e-16  1.0000000   -7.2642804e-16  -2.4536834e-16  1.4031224e-16  -7.8503297e-16  -7.5039804e-16  3.3227153e-16  2.2389636e-16  4.0251006e-18  
3.7181904e-16  -7.2892599e-16  1.0000000   -5.4321309e-17  -4.0965874e-16  -9.8406247e-16  -6.6548160e-16  -5.4686681e-17  -4.8751231e-16  -1.0021882e-16  
-2.4537586e-16  -2.4590989e-16  -5.7293638e-17  1.0000000   4.1419199e-16  3.4962842e-16  3.2749961e-16  -4.2980009e-16  -9.5403888e-16  6.1665693e-16  
2.5038840e-16  1.3576172e-16  -5.2404397e-16  4.1173737e-16  1.0000000   -2.4939590e-16  8.6543537e-16  1.2075059e-16  -1.0901503e-16  -5.9166098e-17  
5.0300032e-16  -7.9892712e-16  -9.8579804e-16  3.5461996e-16  -2.4939854e-16  1.0000000   -7.5111224e-16  4.3851457e-18  -4.1267247e-16  -4.1074322e-17  
-3.6017182e-16  -7.5559920e-16  -6.6895526e-16  3.2955956e-16  8.6718906e-16  -7.4417478e-16  1.0000000   -2.3750655e-16  -1.0187909e-15  -1.9378081e-16  
6.2157457e-17  3.3324986e-16  -5.3792172e-17  -3.6811557e-16  1.1957660e-16  -2.5487936e-18  -2.3750443e-16  1.0000000   4.2767704e-16  -7.5157233e-17  
5.1835587e-16  2.2216128e-16  -4.8794212e-16  -9.5225118e-16  -1.0987691e-16  -4.1267347e-16  -9.2162773e-16  4.2637704e-16  1.0000000   2.0086200e-16  
-1.5469871e-16  1.0957218e-17  -9.6751068e-17  6.1967575e-16  -5.2223816e-17  -9.6575309e-17  -1.3826966e-16  -8.7293521e-17  1.7310643e-16  1.0000000   
