1.0000000   -1.1353802e-16  -3.3532572e-16  -2.1536915e-16  -1.5705926e-18  -3.0175549e-17  -1.3052524e-16  1.6330702e-16  -7.7350202e-17  1.1120526e-16  
-1.1353928e-16  1.0000000   -4.7119596e-16  -8.8836657e-17  9.5917799e-17  -6.6982010e-16  -1.1232335e-16  1.4246935e-16  3.8012128e-16  2.9056618e-17  
-3.3534696e-16  -4.7149920e-16  1.0000000   -1.0983966e-15  -2.3354622e-15  -2.0063161e-16  8.8243215e-16  -2.3550977e-17  -1.1468148e-15  -6.7307271e-16  
-2.1536095e-16  -8.8816275e-17  -9.2988023e-16  1.0000000   -1.4862521e-16  4.7162795e-17  -2.4463667e-16  -1.2102885e-16  -1.3689408e-16  9.2374025e-17  
-1.5267736e-18  9.6104358e-17  -9.9443881e-16  -7.8413552e-17  1.0000000   -1.0779680e-16  -2.7430315e-17  -1.1602964e-15  2.5126385e-17  1.1238840e-15  
-3.0159879e-17  -6.6656750e-16  -2.0144476e-16  4.6918849e-17  -1.0687523e-16  1.0000000   -2.1649349e-15  5.9867950e-16  1.5543122e-15  -1.1102230e-16  
-1.3053416e-16  -1.1010073e-16  9.0051122e-16  -2.4647071e-16  -3.9502229e-17  -1.7676832e-15  1.0000000   9.8124913e-16  -7.9034002e-15  6.0368377e-16  
1.6331564e-16  1.4248619e-16  1.8652724e-18  -1.1950438e-16  -1.1656792e-15  5.9880486e-16  9.7984771e-16  1.0000000   -6.9455346e-16  1.6295559e-16  
-7.7379107e-17  3.7079714e-16  -1.1616955e-15  -1.3545158e-16  3.3772898e-17  1.2732870e-15  -4.1772141e-15  -6.9608321e-16  1.0000000   -7.2164497e-16  
1.1119340e-16  2.6020852e-17  -6.7437375e-16  9.2882245e-17  1.1254561e-15  -1.6653345e-16  3.8857806e-16  1.6288105e-16  -6.1062266e-16  1.0000000   
