1.0000000   2.9282029e-16  2.0876940e-16  -1.5563501e-16  3.1033342e-16  3.4981474e-16  6.9974018e-16  -1.2104169e-16  8.8051119e-16  2.5415054e-16  
2.9281481e-16  1.0000000   -1.9127442e-16  7.3953832e-17  -5.2441358e-16  7.5110099e-16  -7.2022356e-16  1.6824287e-16  -4.0712125e-17  -1.9387314e-16  
2.0876874e-16  -1.8831715e-16  1.0000000   4.8907609e-16  -8.3447565e-16  -1.2912425e-17  -5.2815658e-16  -4.4691975e-17  4.6953454e-17  -6.5175797e-17  
-1.5562956e-16  7.0477008e-17  4.2124525e-16  1.0000000   -2.2180943e-16  6.0513329e-16  -4.9329056e-17  -4.6397055e-16  -7.4961238e-17  3.0530117e-16  
3.1033122e-16  -5.2568641e-16  -8.1527667e-16  -1.2875885e-16  1.0000000   -5.5662076e-16  -6.2775980e-17  6.0069443e-16  -5.0049222e-16  -3.6207863e-16  
3.4981492e-16  7.1704982e-16  -1.1274587e-17  6.0366728e-16  -5.5228735e-16  1.0000000   -2.0263950e-17  7.8386309e-18  -4.9189712e-16  -7.5189421e-16  
6.9974133e-16  -7.2543087e-16  -5.2816915e-16  -4.6291580e-17  -6.1034927e-17  -1.3318531e-17  1.0000000   -1.9446269e-16  -1.9950194e-16  7.6029000e-16  
-1.2104457e-16  1.7141566e-16  -7.5192784e-17  -3.8132699e-16  6.3477475e-16  1.1944091e-17  -1.9618701e-16  1.0000000   4.4770281e-17  1.8742129e-16  
8.8052314e-16  -3.3769751e-17  4.0007022e-17  -7.4970601e-17  -5.0308795e-16  -4.6413671e-16  -3.6608847e-16  4.2171177e-17  1.0000000   1.0483168e-15  
2.5416409e-16  -1.9251619e-16  -6.3459708e-17  3.0408483e-16  -3.6069797e-16  -6.8682852e-16  7.2558367e-16  1.8102280e-16  1.0448439e-15  1.0000000   
