1.0000000   -5.1844079e-16  3.4255645e-18  -5.6809106e-16  1.3563034e-16  8.5462118e-17  -6.2562075e-16  3.5916905e-17  -4.4684274e-16  -4.1486996e-16  
-5.1844160e-16  1.0000000   -9.6428683e-17  3.5401968e-16  -6.0286751e-16  8.4346807e-16  2.0308429e-17  1.0545548e-16  9.9721838e-17  9.0419073e-17  
3.4390725e-18  -9.3845065e-17  1.0000000   -1.0728153e-16  3.0520335e-16  -1.8143977e-16  2.0830338e-16  2.0620995e-16  5.1204059e-17  -9.9910924e-17  
-5.6809983e-16  3.4729545e-16  -8.5145300e-17  1.0000000   1.5396975e-16  -1.7022638e-16  -7.5727942e-18  6.1167869e-16  -7.3323772e-16  -1.5109374e-16  
1.3565928e-16  -6.0476219e-16  1.6116123e-16  2.3458131e-16  1.0000000   9.5368003e-18  -4.4955246e-16  -1.2633642e-16  -1.3644910e-16  5.4840640e-16  
8.5478895e-17  9.0810174e-16  -1.6799113e-16  -1.7282781e-16  9.0987815e-18  1.0000000   1.8773404e-16  2.1362652e-16  -8.3545910e-17  -2.7713224e-16  
-6.2561239e-16  2.2477356e-17  2.3129657e-16  -5.8366123e-18  -4.4521897e-16  1.8773180e-16  1.0000000   2.4936692e-17  -2.1058788e-16  4.4077223e-16  
3.5917108e-17  1.0596666e-16  1.7221189e-17  5.8180747e-16  4.7173701e-17  2.1102603e-16  2.0593726e-17  1.0000000   4.6975514e-16  3.6309761e-16  
-4.4680731e-16  1.2748063e-16  5.4240873e-17  -7.3845107e-16  -1.3428307e-16  -1.1129724e-16  -1.5507678e-16  4.7322274e-16  1.0000000   -6.9596801e-16  
-4.1489029e-16  8.6946238e-17  -9.3841086e-17  -1.4934207e-16  5.4493187e-16  -3.0489459e-16  4.4076884e-16  3.6309761e-16  -6.9596801e-16  1.0000000   
