1.0000000   -1.9651549e-16  1.5861296e-16  2.1626911e-16  1.8904789e-16  -1.0892011e-16  2.9214665e-17  -3.6567933e-19  3.2589104e-16  7.0080118e-17  
-1.9651397e-16  1.0000000   1.2026860e-15  4.1664742e-16  5.6612358e-16  -1.1638622e-16  -4.2630413e-16  5.4199674e-16  6.9503604e-16  2.7052733e-16  
1.5860890e-16  1.2026862e-15  1.0000000   3.3036317e-16  -6.6192996e-16  -2.0501587e-16  -4.1236846e-16  4.0270761e-16  7.9309361e-16  3.7507133e-16  
2.1626454e-16  4.1664891e-16  3.3036015e-16  1.0000000   -9.6139670e-16  -2.1512144e-16  -1.6746057e-16  -2.4197170e-17  -9.8218003e-17  -3.4729028e-16  
1.8904350e-16  5.6612614e-16  -6.6192996e-16  -9.6139670e-16  1.0000000   -4.4977377e-16  -2.4720634e-16  4.2478518e-16  -1.2960265e-16  5.2390855e-17  
-1.0892551e-16  -1.1638622e-16  -2.0501235e-16  -2.1512144e-16  -4.4977127e-16  1.0000000   1.3327935e-18  -1.2138219e-16  2.9605998e-16  2.9157937e-16  
2.9217589e-17  -4.2630413e-16  -4.1236845e-16  -1.6746127e-16  -2.4720371e-16  1.3353585e-18  1.0000000   -7.3095816e-17  1.9275733e-16  -4.6573260e-17  
-3.7528645e-19  5.4200367e-16  4.0270761e-16  -2.4197171e-17  4.2478057e-16  -1.2138219e-16  -7.3095816e-17  1.0000000   6.2091642e-16  2.8058220e-16  
3.2589833e-16  6.9503604e-16  7.9308806e-16  -9.8218003e-17  -1.2960265e-16  2.9606727e-16  1.9275733e-16  6.2091997e-16  1.0000000   4.8115537e-16  
7.0080118e-17  2.7052733e-16  3.7507133e-16  -3.4727334e-16  5.2390855e-17  2.9157937e-16  -4.6586812e-17  2.8058220e-16  4.8115876e-16  1.0000000   
