0.99980801  3.8793780e-05  4.8932877e-05  -1.9907396e-05  -5.2373117e-05  -1.9169767e-05  6.2507428e-06  -2.2000027e-05  -5.5703351e-05  3.4995282e-05  
3.8793780e-05  0.99980901  -5.8122232e-05  3.6674789e-05  1.2966143e-06  -8.1930765e-10  2.9017419e-10  -2.3677096e-05  -7.8493457e-10  4.8935461e-10  
4.8932877e-05  -5.8122232e-05  0.99993798  5.4092765e-05  -2.6387565e-09  1.2978758e-06  3.7618762e-10  2.9969253e-10  -2.3682023e-05  4.3176754e-10  
-1.9907396e-05  3.6674789e-05  5.4092765e-05  0.99983800  1.0904503e-09  4.5195550e-10  1.2985597e-06  -4.3045799e-10  -1.7185953e-10  -2.3677626e-05  
-5.2373117e-05  1.2966143e-06  -2.6387565e-09  1.0904503e-09  0.99983001  -5.8124347e-05  3.6676004e-05  4.8924516e-05  7.3747115e-11  -3.8529390e-11  
-1.9169767e-05  -8.1930765e-10  1.2978758e-06  4.5195550e-10  -5.8124347e-05  0.99995898  5.4094755e-05  -2.4223548e-09  4.8930743e-05  1.9759730e-09  
6.2507428e-06  2.9017419e-10  3.7618762e-10  1.2985597e-06  3.6676004e-05  5.4094755e-05  0.99985900  1.6570917e-09  2.2986990e-09  4.8925001e-05  
-2.2000027e-05  -2.3677096e-05  2.9969253e-10  -4.3045799e-10  4.8924516e-05  -2.4223548e-09  1.6570917e-09  0.99982401  -5.8123777e-05  3.6675341e-05  
-5.5703351e-05  -7.8493457e-10  -2.3682023e-05  -1.7185953e-10  7.3747115e-11  4.8930743e-05  2.2986990e-09  -5.8123777e-05  0.99995299  5.4092601e-05  
3.4995282e-05  4.8935461e-10  4.3176754e-10  -2.3677626e-05  -3.8529390e-11  1.9759730e-09  4.8925001e-05  3.6675341e-05  5.4092601e-05  0.99985300  
