1.0000000   -1.8815582e-16  -1.0950154e-16  7.2276305e-16  -3.8109421e-16  3.5808147e-17  1.5998589e-16  -1.6008509e-16  -1.6911850e-16  2.6018946e-16  
-1.8815253e-16  1.0000000   3.0068996e-16  -1.7784643e-16  -4.2756010e-17  -5.1608023e-17  3.8414638e-16  1.5926337e-16  6.5485811e-17  5.3776428e-16  
-1.0948599e-16  3.0068443e-16  1.0000000   -1.1520834e-16  1.7347235e-18  -4.7212481e-19  2.6801478e-16  3.3653635e-16  1.9330732e-16  5.3776428e-16  
7.2274950e-16  -1.7783626e-16  -1.1521003e-16  1.0000000   -5.5511151e-17  -8.5435131e-17  -4.6071595e-16  6.9388939e-18  3.0791342e-17  -2.6747861e-16  
-3.8109307e-16  -4.2755552e-17  1.7347235e-18  -5.5511151e-17  1.0000000   6.1731801e-17  1.6421936e-16  1.0128535e-16  -2.7755576e-17  -1.6653345e-16  
3.5808134e-17  -5.1608023e-17  -4.7166707e-19  -8.5435131e-17  6.1726270e-17  1.0000000   4.8670513e-18  5.0653925e-16  -2.5783140e-17  -2.8275993e-16  
1.5998928e-16  3.8414638e-16  2.6801478e-16  -4.6071549e-16  1.6422952e-16  4.8653572e-18  1.0000000   -2.5500435e-16  1.9163273e-16  2.4960421e-16  
-1.6008793e-16  1.5926224e-16  3.3653635e-16  6.9388939e-18  1.0128489e-16  5.0653925e-16  -2.5500435e-16  1.0000000   3.8746715e-17  -2.7618356e-16  
-1.6911835e-16  6.5485811e-17  1.9330618e-16  3.0791342e-17  -2.7755576e-17  -2.5783610e-17  1.9163273e-16  3.8741184e-17  1.0000000   5.8445273e-19  
2.6018862e-16  5.3776428e-16  5.3776428e-16  -2.6747974e-16  -1.6653345e-16  -2.8275993e-16  2.4960374e-16  -2.7617340e-16  5.8275867e-19  1.0000000   
