1.0000000   2.1137636e-16  1.5797327e-16  -3.9343745e-16  1.8611901e-16  4.0200845e-17  1.9225191e-16  4.2600949e-16  -7.8500238e-17  -6.3236092e-17  
2.1138358e-16  1.0000000   1.6943992e-16  5.4155386e-17  5.2502267e-17  1.5597034e-16  5.1735526e-16  1.1364665e-15  -1.6897837e-16  -2.0566367e-16  
1.5798460e-16  1.6943448e-16  1.0000000   8.7535800e-17  3.8111116e-16  -1.3014863e-16  -2.2705925e-18  9.6084783e-16  7.4118912e-17  -6.4699765e-16  
-3.9343948e-16  5.4155271e-17  8.7528249e-17  1.0000000   3.0235929e-16  -1.4511990e-17  -3.9739583e-16  2.1068828e-16  5.7669091e-16  3.7323660e-17  
1.8611845e-16  5.2493976e-17  3.8111116e-16  3.0235929e-16  1.0000000   4.5840119e-16  3.8278086e-16  8.9513200e-17  6.1495965e-16  2.5664086e-16  
4.0203305e-17  1.5597034e-16  -1.3014689e-16  -1.4511991e-17  4.5840744e-16  1.0000000   -1.3409647e-16  -6.8561317e-16  9.5503799e-16  1.1487659e-16  
1.9225135e-16  5.1735526e-16  -2.2705926e-18  -3.9740187e-16  3.8278087e-16  -1.3409533e-16  1.0000000   1.1820471e-16  7.1361876e-16  4.2107024e-16  
4.2601332e-16  1.1364409e-15  9.6084783e-16  2.1068828e-16  8.9491078e-17  -6.8561317e-16  1.1820471e-16  1.0000000   -1.2924320e-16  6.4032533e-16  
-7.8503593e-17  -1.6897837e-16  7.4128890e-17  5.7669091e-16  6.1495965e-16  9.5504734e-16  7.1361876e-16  -1.2925106e-16  1.0000000   -1.0137155e-15  
-6.3253032e-17  -2.0566367e-16  -6.4699765e-16  3.7299943e-17  2.5664086e-16  1.1487659e-16  4.2106685e-16  6.4032525e-16  -1.0137155e-15  1.0000000   
