1.0000000   5.2027042e-16  2.1592338e-16  -2.6384002e-16  -2.8055384e-16  4.6986396e-16  3.2167748e-16  1.2207195e-16  -3.9137115e-16  5.8086131e-17  
5.2027472e-16  1.0000000   1.6251837e-16  3.9183163e-16  -6.8198022e-17  1.8734747e-17  1.3752534e-16  4.4253330e-16  -3.3427334e-16  6.2565023e-16  
2.1592438e-16  1.6251752e-16  1.0000000   -3.1736464e-16  -6.0902893e-16  -2.3749269e-16  -3.1652056e-16  -1.1827616e-16  -7.6825606e-16  3.1491774e-16  
-2.6384130e-16  3.9182615e-16  -3.1736844e-16  1.0000000   8.8019533e-18  2.4415491e-16  -6.9114501e-16  -2.0396473e-16  -1.7989605e-16  -1.7296582e-16  
-2.8055529e-16  -6.8200764e-17  -6.0902893e-16  8.8019534e-18  1.0000000   -1.1662350e-16  -3.2933330e-17  4.7304921e-16  2.1081545e-16  4.3900780e-16  
4.6986744e-16  1.8734747e-17  -2.3750171e-16  2.4415491e-16  -1.1662437e-16  1.0000000   4.3654739e-16  -3.5481416e-16  -1.2113608e-16  3.2833237e-16  
3.2168559e-16  1.3752534e-16  -3.1652056e-16  -6.9114242e-16  -3.2940753e-17  4.3654248e-16  1.0000000   -2.1843803e-16  2.1717855e-16  7.7171478e-17  
1.2207872e-16  4.4253480e-16  -1.1827616e-16  -2.0396473e-16  4.7305376e-16  -3.5481416e-16  -2.1843803e-16  1.0000000   9.3619293e-17  4.3580692e-16  
-3.9137542e-16  -3.3427334e-16  -7.6825998e-16  -1.7989605e-16  2.1081545e-16  -1.2114382e-16  2.1717855e-16  9.3620346e-17  1.0000000   -1.6130218e-16  
5.8092908e-17  6.2565023e-16  3.1491774e-16  -1.7296752e-16  4.3900780e-16  3.2833237e-16  7.7171478e-17  4.3580862e-16  -1.6130218e-16  1.0000000   
