1.0000000   2.8692374e-17  6.0726893e-17  -8.1653976e-19  4.4875605e-17  -2.0468147e-17  1.2949440e-17  5.4546344e-17  -2.2396848e-17  8.8769053e-18  
2.8695194e-17  1.0000000   -1.0430440e-16  2.1792464e-16  -4.6056711e-16  1.2836954e-16  1.8041124e-16  4.6290028e-16  1.3877788e-17  9.7144515e-17  
6.0724657e-17  -1.0430607e-16  1.0000000   -2.8081514e-16  1.4571677e-16  -1.7260301e-16  7.6327833e-17  -1.4571677e-16  5.1841143e-16  -2.2204460e-16  
-8.1908086e-19  2.1794497e-16  -2.8080159e-16  1.0000000   -4.3801768e-17  -3.6602665e-16  -1.3530646e-16  4.4105344e-16  -1.4007892e-16  4.4831925e-17  
4.4877810e-17  -4.6056745e-16  1.4571677e-16  -4.3801768e-17  1.0000000   -9.0426609e-17  2.0231213e-16  -1.2711492e-16  -2.7755576e-17  2.0122792e-16  
-2.0472166e-17  1.2836954e-16  -1.7260335e-16  -3.6602665e-16  -9.0428282e-17  1.0000000   4.6858540e-16  -7.9797280e-17  -2.5201501e-16  -4.8572257e-17  
1.2949440e-17  1.8041124e-16  7.6327833e-17  -1.3530679e-16  2.0233245e-16  4.6859896e-16  1.0000000   2.8449465e-16  2.7408631e-16  -9.2420448e-17  
5.4542517e-17  4.6290199e-16  -1.4571677e-16  4.4105344e-16  -1.2711633e-16  -7.9797280e-17  2.8449465e-16  1.0000000   -2.2226559e-16  -4.4018608e-17  
-2.2393506e-17  1.3877788e-17  5.1841314e-16  -1.4007892e-16  -2.7755576e-17  -2.5201642e-16  2.7408631e-16  -2.2226727e-16  1.0000000   2.4827552e-16  
8.8769053e-18  9.7144515e-17  -2.2204460e-16  4.4833634e-17  2.0122792e-16  -4.8572257e-17  -9.2421862e-17  -4.3998279e-17  2.4828907e-16  1.0000000   
