1.0000000   -2.1690197e-16  2.2003849e-17  -1.7811008e-18  -1.1783846e-16  2.3662025e-16  3.0919798e-16  4.6255354e-16  1.6080367e-16  -3.7635368e-17  
-2.1689984e-16  1.0000000   -1.8821635e-16  -1.3158922e-16  5.7805665e-16  -1.1619584e-16  9.4708495e-17  -1.0123986e-16  4.3770043e-16  1.3683381e-16  
2.2020453e-17  -1.8821726e-16  1.0000000   -1.3463858e-16  -6.1277427e-16  1.9639767e-16  -5.8541799e-16  -5.2346943e-16  3.0685033e-16  -1.8766332e-16  
-1.7818231e-18  -1.3158345e-16  -1.3464284e-16  1.0000000   2.7310819e-16  -2.3947653e-16  3.4620814e-16  -3.5653896e-16  1.2781349e-16  5.1803857e-16  
-1.1782847e-16  5.7803478e-16  -6.1277427e-16  2.7310819e-16  1.0000000   -1.1210830e-16  -4.9903881e-16  -1.4810081e-16  9.5578936e-17  -5.1370843e-16  
2.3661736e-16  -1.1619584e-16  1.9639264e-16  -2.3947653e-16  -1.1210699e-16  1.0000000   -2.3806234e-16  -1.7397675e-16  -1.6880966e-16  -5.5801685e-16  
3.0919609e-16  9.4708495e-17  -5.8541799e-16  3.4619081e-16  -4.9904197e-16  -2.3806332e-16  1.0000000   -2.2409224e-16  6.2675243e-16  -3.1174455e-16  
4.6255343e-16  -1.0124441e-16  -5.2346943e-16  -3.5653896e-16  -1.4810081e-16  -1.7397675e-16  -2.2409224e-16  1.0000000   2.5027385e-16  4.3564090e-16  
1.6081701e-16  4.3770043e-16  3.0682134e-16  1.2781349e-16  9.5578937e-17  -1.6880895e-16  6.2675243e-16  2.5027352e-16  1.0000000   2.0919681e-16  
-3.7613345e-17  1.3683381e-16  -1.8766333e-16  5.1803180e-16  -5.1370843e-16  -5.5801685e-16  -3.1174370e-16  4.3564090e-16  2.0920020e-16  1.0000000   
