1.0000000   -1.8804155e-16  2.0136540e-16  9.7242770e-17  -1.4916849e-17  -5.1050114e-16  -6.6051629e-17  -2.7981822e-16  4.7120851e-16  1.6980639e-16  
-1.8804861e-16  1.0000000   1.2612447e-16  1.3564386e-16  1.4408692e-16  2.8275993e-16  -1.6826818e-16  -2.0822372e-16  -7.2858386e-17  1.7347235e-17  
2.0137220e-16  1.2612422e-16  1.0000000   -3.8928957e-16  2.9837244e-16  2.6725228e-16  3.8163916e-17  -1.1102230e-16  -3.3659326e-16  1.6653345e-16  
9.7241076e-17  1.3564386e-16  -3.8928957e-16  1.0000000   2.0816682e-17  -1.3877788e-16  2.7592590e-16  1.1102230e-16  6.9388939e-17  -3.9210441e-16  
-1.4917091e-17  1.4408551e-16  2.9837244e-16  2.0816682e-17  1.0000000   3.0480099e-16  2.6227867e-16  9.0704695e-18  -1.0408341e-16  -1.2490009e-16  
-5.1049743e-16  2.8275993e-16  2.6725088e-16  -1.3877788e-16  3.0480074e-16  1.0000000   -3.1990063e-16  1.3877788e-16  -2.4072971e-16  -2.0816682e-16  
-6.6065182e-17  -1.6826818e-16  3.8163916e-17  2.7592449e-16  2.6227867e-16  -3.1990063e-16  1.0000000   -3.0531133e-16  1.3877788e-16  2.0335950e-16  
-2.7982052e-16  -2.0821807e-16  -1.1102230e-16  1.1102230e-16  9.0674483e-18  1.3877788e-16  -3.0531133e-16  1.0000000   -1.6010490e-16  2.3452309e-16  
4.7120416e-16  -7.2858386e-17  -3.3658761e-16  6.9388939e-17  -1.0408341e-16  -2.4073273e-16  1.3877788e-16  -1.6010516e-16  1.0000000   -2.2969501e-16  
1.6981655e-16  1.7347235e-17  1.6653345e-16  -3.9209876e-16  -1.2490009e-16  -2.0816682e-16  2.0335648e-16  2.3452309e-16  -2.2969501e-16  1.0000000   
