1.0000000   -1.5447088e-16  2.3195306e-17  1.3174750e-16  4.9608099e-16  1.3427307e-16  4.3166154e-16  6.2993914e-17  -2.4448237e-17  -4.4743245e-16  
-1.5447463e-16  1.0000000   -4.9659102e-17  -7.4785386e-16  4.6715756e-16  -1.8735014e-16  1.2490009e-16  2.5335171e-16  -3.7470027e-16  5.4990734e-16  
2.3195464e-17  -4.9658453e-17  1.0000000   6.9975086e-16  4.6032514e-16  3.6512457e-17  -3.1468968e-16  -1.4615045e-16  4.1684940e-16  -4.2283885e-17  
1.3175428e-16  -7.4785217e-16  6.9975086e-16  1.0000000   -3.1973122e-16  -2.2312881e-16  2.2071841e-16  2.3765712e-16  -8.2399365e-18  -1.9420695e-16  
4.9607555e-16  4.6716440e-16  4.6032514e-16  -3.1973122e-16  1.0000000   4.1036788e-16  -8.2587406e-17  -2.6082167e-16  -3.9551695e-16  1.6132928e-16  
1.3427191e-16  -1.8735014e-16  3.6519295e-17  -2.2312881e-16  4.1036853e-16  1.0000000   4.3754334e-16  -1.9428903e-16  1.0000082e-16  -6.9388939e-18  
4.3165815e-16  1.2490009e-16  -3.1468968e-16  2.2072524e-16  -8.2585712e-17  4.3754334e-16  1.0000000   2.4980018e-16  1.3877788e-16  -3.0418975e-16  
6.2990083e-17  2.5335134e-16  -1.4615045e-16  2.3765712e-16  -2.6082580e-16  -1.9428903e-16  2.4980018e-16  1.0000000   -2.8517159e-17  -1.4933191e-17  
-2.4448646e-17  -3.7470027e-16  4.1684902e-16  -8.2399365e-18  -3.9551695e-16  9.9996682e-17  1.3877788e-16  -2.8516511e-17  1.0000000   2.6580572e-16  
-4.4743160e-16  5.4990734e-16  -4.2283885e-17  -1.9420732e-16  1.6132928e-16  -6.9388939e-18  -3.0419389e-16  -1.4931497e-17  2.6580572e-16  1.0000000   
