1.0000000   8.6323431e-16  -5.7596711e-16  3.5112020e-17  5.3698200e-16  9.1889833e-17  4.3582318e-16  -2.0558877e-16  2.6450603e-17  8.1818301e-17  
8.6321458e-16  1.0000000   3.0335285e-16  -1.1835546e-16  4.9892949e-16  -3.7344535e-16  1.9762802e-18  -1.0707467e-15  1.6291540e-17  -3.6056652e-17  
-5.7596901e-16  3.0334699e-16  1.0000000   -3.1376536e-17  1.8831122e-16  4.5900632e-16  -2.6818990e-16  -5.3866778e-16  6.9211103e-17  1.9698749e-16  
3.5111283e-17  -1.1835380e-16  -3.1379959e-17  1.0000000   2.8575152e-16  1.6627884e-16  2.8336871e-16  1.1335089e-16  1.1949527e-15  2.9626904e-16  
5.3698185e-16  4.9895157e-16  1.8831122e-16  2.8575152e-16  1.0000000   2.6893003e-16  5.1206599e-16  -4.2510038e-16  -6.2346208e-16  4.2310340e-16  
9.1902712e-17  -3.7344535e-16  4.5900162e-16  1.6627884e-16  2.6892439e-16  1.0000000   -4.4743227e-17  5.2161603e-16  1.3277794e-16  9.9489391e-17  
4.3582571e-16  1.9762798e-18  -2.6818990e-16  2.8336182e-16  5.1206565e-16  -4.4740666e-17  1.0000000   -1.0106589e-16  7.2587796e-16  -1.6912961e-16  
-2.0559083e-16  -1.0707468e-15  -5.3866778e-16  1.1335089e-16  -4.2510336e-16  5.2161603e-16  -1.0106589e-16  1.0000000   1.9880718e-17  2.0020471e-17  
2.6455977e-17  1.6291540e-17  6.9211407e-17  1.1949527e-15  -6.2346208e-16  1.3277386e-16  7.2587796e-16  1.9889119e-17  1.0000000   1.7150045e-16  
8.1814912e-17  -3.6056652e-17  1.9698749e-16  2.9626904e-16  4.2310340e-16  9.9489390e-17  -1.6912876e-16  2.0022165e-17  1.7148690e-16  1.0000000   
