0.99993200  6.2858837e-05  -5.1828901e-05  9.1601973e-06  2.3206887e-05  -2.0877331e-05  5.3963360e-07  7.5803975e-06  8.9928851e-07  2.1098965e-05  
6.2858837e-05  1.0001040   -5.1168703e-05  2.3649449e-05  -1.2179601e-05  -6.8922945e-10  -2.5411535e-10  1.6612520e-05  -7.9334213e-10  1.7191619e-09  
-5.1828901e-05  -5.1168703e-05  0.99998400  4.5309267e-05  -5.7968471e-10  -1.2178516e-05  -5.7983382e-10  -1.2427846e-09  1.6610003e-05  -3.4100143e-10  
9.1601973e-06  2.3649449e-05  4.5309267e-05  1.0000340   -7.5444271e-11  -7.4311678e-10  -1.2180203e-05  4.6225791e-10  7.6084735e-10  1.6611074e-05  
2.3206887e-05  -1.2179601e-05  -5.7968471e-10  -7.5444271e-11  1.0000220   -5.1161734e-05  2.3646947e-05  -9.5703516e-06  5.1050049e-10  2.6336595e-10  
-2.0877331e-05  -6.8922945e-10  -1.2178516e-05  -7.4311678e-10  -5.1161734e-05  0.99990200  4.5306015e-05  3.3136016e-10  -9.5693980e-06  -8.7411309e-10  
5.3963360e-07  -2.5411535e-10  -5.7983382e-10  -1.2180203e-05  2.3646947e-05  4.5306015e-05  0.99995200  -2.2221774e-10  -4.3310773e-10  -9.5698464e-06  
7.5803975e-06  1.6612520e-05  -1.2427846e-09  4.6225791e-10  -9.5703516e-06  3.3136016e-10  -2.2221774e-10  1.0000640   -5.1163392e-05  2.3648087e-05  
8.9928851e-07  -7.9334213e-10  1.6610003e-05  7.6084735e-10  5.1050049e-10  -9.5693980e-06  -4.3310773e-10  -5.1163392e-05  0.99994399  4.5307949e-05  
2.1098965e-05  1.7191619e-09  -3.4100143e-10  1.6611074e-05  2.6336595e-10  -8.7411309e-10  -9.5698464e-06  2.3648087e-05  4.5307949e-05  0.99999399  
