1.0000000   -4.9291689e-17  5.5097942e-16  -1.4817367e-16  7.3755247e-17  -4.6595741e-16  -2.4422196e-16  3.9882211e-16  -2.3045410e-17  1.0510662e-16  
-4.9292815e-17  1.0000000   -6.9488481e-16  -3.5882883e-16  4.6730933e-16  -5.4083489e-16  -2.4937434e-17  -5.7792644e-17  4.6606814e-16  2.9311274e-16  
5.5098092e-16  -6.9487132e-16  1.0000000   3.4192959e-16  -3.3083797e-16  3.8200134e-16  3.8702025e-16  -4.3001433e-17  -4.0539188e-16  -1.7736821e-16  
-1.4816668e-16  -3.5882849e-16  3.4193003e-16  1.0000000   -4.4690342e-16  3.8013295e-16  4.7651980e-16  -5.2947422e-16  -2.3031712e-16  -5.4365539e-16  
7.3755615e-17  4.6731222e-16  -3.3083797e-16  -4.4690342e-16  1.0000000   4.2597577e-16  -4.5081385e-16  6.0758256e-16  -5.3403865e-18  -1.8987318e-17  
-4.6595655e-16  -5.4083489e-16  3.8200553e-16  3.8013295e-16  4.2597311e-16  1.0000000   -3.3981577e-17  -1.2944423e-16  7.4180408e-18  4.3980669e-16  
-2.4421931e-16  -2.4937434e-17  3.8702025e-16  4.7652502e-16  -4.5080924e-16  -3.4009707e-17  1.0000000   -1.0586600e-16  -2.9078684e-17  4.2472942e-16  
3.9881603e-16  -5.7788696e-17  -4.3001432e-17  -5.2947422e-16  6.0757314e-16  -1.2944424e-16  -1.0586600e-16  1.0000000   6.3711621e-17  1.9035880e-16  
-2.3045258e-17  4.6606814e-16  -4.0539219e-16  -2.3031712e-16  -5.3403880e-18  7.4032339e-18  -2.9078684e-17  6.3720083e-17  1.0000000   -1.3875077e-16  
1.0509985e-16  2.9311274e-16  -1.7736821e-16  -5.4365370e-16  -1.8987316e-17  4.3980669e-16  4.2473620e-16  1.9036218e-16  -1.3875755e-16  1.0000000   
