1.0000000   2.7189071e-16  -2.1964669e-16  -5.0441179e-16  -3.8019095e-16  3.5166871e-16  -2.0704108e-16  -1.4865983e-16  -2.1116458e-16  -2.4722351e-16  
2.7188941e-16  1.0000000   3.4681770e-16  -7.0530370e-16  -5.3877753e-16  5.6083045e-16  -9.5164063e-17  3.5858627e-16  6.2159347e-16  -4.0983764e-16  
-2.1963570e-16  3.4681976e-16  1.0000000   1.3448482e-16  -4.3923915e-17  7.9369249e-16  2.9044898e-16  1.1453863e-19  -1.2521498e-16  -8.5964596e-17  
-5.0438630e-16  -7.0530728e-16  1.3448481e-16  1.0000000   -4.5575009e-16  -3.2059536e-16  1.5105227e-16  -1.3377901e-16  -8.7227223e-17  7.5877211e-17  
-3.8017797e-16  -5.3877059e-16  -4.3923914e-17  -4.5575009e-16  1.0000000   5.7482173e-17  4.5665700e-16  7.8705309e-17  1.9647799e-16  3.3407964e-16  
3.5167907e-16  5.6083045e-16  7.9371070e-16  -3.2059536e-16  5.7489282e-17  1.0000000   2.8888986e-18  7.5654274e-17  -3.4004692e-16  -3.6100367e-16  
-2.0703874e-16  -9.5164063e-17  2.9044898e-16  1.5104363e-16  4.5664836e-16  2.8889423e-18  1.0000000   -2.4588031e-16  -8.1231095e-16  -1.0230125e-16  
-1.4866431e-16  3.5858347e-16  1.1453881e-19  -1.3377901e-16  7.8710737e-17  7.5654275e-17  -2.4588031e-16  1.0000000   -1.1668877e-16  1.0134241e-16  
-2.1116431e-16  6.2159347e-16  -1.2520888e-16  -8.7227223e-17  1.9647799e-16  -3.4004886e-16  -8.1231095e-16  -1.1670055e-16  1.0000000   3.5205985e-17  
-2.4721504e-16  -4.0983764e-16  -8.5964596e-17  7.5865353e-17  3.3407964e-16  -3.6100367e-16  -1.0230210e-16  1.0132208e-16  3.5205998e-17  1.0000000   
