1.0000000   3.5371829e-18  -2.7039155e-16  -7.7452693e-18  5.9484767e-17  3.0480396e-16  -5.8038698e-18  3.5511819e-17  -2.8589196e-17  1.5012219e-16  
3.5387035e-18  1.0000000   -1.1256636e-15  -4.1062463e-16  -3.8100742e-16  6.2796990e-16  -8.5001450e-17  1.6356127e-16  3.3827108e-17  1.7347235e-18  
-2.7039165e-16  -1.1256636e-15  1.0000000   -1.9997770e-16  7.5633944e-16  2.4089094e-16  7.2577466e-32  3.2612801e-16  1.8665478e-16  -2.2204460e-16  
-7.7469633e-18  -4.1062379e-16  -1.9997431e-16  1.0000000   7.2858386e-17  -6.9388939e-17  2.8599375e-16  -2.8102520e-16  5.5511151e-17  2.7060219e-17  
5.9484334e-17  -3.8101725e-16  7.5633944e-16  7.2858386e-17  1.0000000   -1.7850458e-16  1.8351816e-16  1.4590694e-16  -6.7654216e-17  2.2204460e-16  
3.0480512e-16  6.2796990e-16  2.4088111e-16  -6.9388939e-17  -1.7850461e-16  1.0000000   8.4516947e-17  -7.4593109e-17  5.1583672e-16  -4.7184479e-16  
-5.8106460e-18  -8.5001450e-17  7.0643941e-32  2.8598392e-16  1.8351901e-16  8.4520336e-17  1.0000000   -1.6479873e-16  3.4694470e-18  -4.3479175e-16  
3.5513134e-17  1.6356522e-16  3.2612801e-16  -2.8102520e-16  1.4591723e-16  -7.4593109e-17  -1.6479873e-16  1.0000000   -2.3488309e-16  1.6964037e-16  
-2.8586022e-17  3.3827108e-17  1.8665872e-16  5.5511151e-17  -6.7654216e-17  5.1584701e-16  3.4694470e-18  -2.3488313e-16  1.0000000   7.7578054e-17  
1.5012134e-16  1.7347235e-18  -2.2204460e-16  2.7064163e-17  2.2204460e-16  -4.7184479e-16  -4.3478146e-16  1.6964122e-16  7.7581442e-17  1.0000000   
