1.0000060   3.0918893e-05  2.5805946e-05  -9.6171344e-05  -4.8883453e-06  -3.9697285e-05  -6.2083134e-05  -1.6362438e-05  1.9680220e-05  6.1787378e-05  
3.0918893e-05  0.99990399  -8.8615972e-05  -2.3768247e-05  5.7312157e-05  -6.3067081e-09  -3.2817038e-09  -3.2669062e-05  3.5037468e-09  2.6868376e-09  
2.5805946e-05  -8.8615972e-05  0.99991599  4.9554139e-05  -5.2054669e-09  5.7311971e-05  1.2383726e-09  2.4730142e-09  -3.2668440e-05  -2.4626495e-11  
-9.6171344e-05  -2.3768247e-05  4.9554139e-05  0.99993998  -8.9205752e-10  6.6581954e-09  5.7320341e-05  2.3500399e-09  -3.5117605e-09  -3.2675674e-05  
-4.8883453e-06  5.7312157e-05  -5.2054669e-09  -8.9205752e-10  0.99992399  -8.8618348e-05  -2.3765445e-05  1.4358222e-05  -1.3686974e-09  -6.4329415e-10  
-3.9697285e-05  -6.3067081e-09  5.7311971e-05  6.6581954e-09  -8.8618348e-05  0.99993599  4.9560076e-05  -6.2295382e-10  1.4357533e-05  -1.7411672e-09  
-6.2083134e-05  -3.2817038e-09  1.2383726e-09  5.7320341e-05  -2.3765445e-05  4.9560076e-05  0.99995997  6.7456744e-10  -5.1019313e-10  1.4354822e-05  
-1.6362438e-05  -3.2669062e-05  2.4730142e-09  2.3500399e-09  1.4358222e-05  -6.2295382e-10  6.7456744e-10  1.0000310   -8.8628347e-05  -2.3769302e-05  
1.9680220e-05  3.5037468e-09  -3.2668440e-05  -3.5117605e-09  -1.3686974e-09  1.4357533e-05  -5.1019313e-10  -8.8628347e-05  1.0000430   4.9564130e-05  
6.1787378e-05  2.6868376e-09  -2.4626495e-11  -3.2675674e-05  -6.4329415e-10  -1.7411672e-09  1.4354822e-05  -2.3769302e-05  4.9564130e-05  1.0000670   
