1.0000000   2.3688561e-18  2.0390884e-17  8.6058547e-19  -1.1911985e-17  1.5473619e-17  -9.6815866e-19  -1.8049928e-17  -8.3669722e-19  -1.2671613e-18  
2.3773298e-18  1.0000000   -1.6818992e-16  -7.0858033e-16  -2.9447961e-17  -4.0939474e-16  -4.1633363e-17  1.0668882e-16  -5.8980598e-17  2.5500435e-16  
2.0390030e-17  -1.6819374e-16  1.0000000   2.0368093e-16  -3.7416521e-32  3.9035512e-16  1.4224733e-16  2.4286129e-16  4.6837866e-16  7.2121129e-16  
8.6397361e-19  -7.0858711e-16  2.0367754e-16  1.0000000   -2.2096040e-16  -2.7213475e-16  3.1137099e-16  -2.0621525e-16  -1.3774789e-16  -1.3007101e-17  
-1.1906121e-17  -2.9443707e-17  -3.7417747e-32  -2.2096040e-16  1.0000000   4.3446339e-17  2.3467556e-16  -4.0139970e-16  3.2179120e-16  -3.0010716e-16  
1.5472206e-17  -4.0939474e-16  3.9035937e-16  -2.7213475e-16  4.3442529e-17  1.0000000   -3.7560829e-16  -4.7878368e-16  -4.7599281e-16  7.3725748e-17  
-9.6985272e-19  -4.1633363e-17  1.4224733e-16  3.1137525e-16  2.3466878e-16  -3.7561168e-16  1.0000000   -2.1163626e-16  -1.3010426e-16  -1.1170088e-16  
-1.8050097e-17  1.0667260e-16  2.4286129e-16  -2.0621525e-16  -4.0139525e-16  -4.7878368e-16  -2.1163626e-16  1.0000000   -3.2778448e-16  -1.7211709e-16  
-8.3296229e-19  -5.8980598e-17  4.6836244e-16  -1.3774789e-16  3.2179120e-16  -4.7598835e-16  -1.3010426e-16  -3.2778830e-16  1.0000000   -3.7213884e-16  
-1.2739376e-18  2.5500435e-16  7.2121129e-16  -1.3023322e-17  -3.0010716e-16  7.3725748e-17  -1.1169642e-16  -1.7212387e-16  -3.7214223e-16  1.0000000   
