1.0000000   2.8516939e-18  1.9495268e-17  5.7457633e-17  -1.9279920e-17  -6.0086439e-17  1.3252677e-17  -2.2341461e-18  -2.3523861e-17  -2.7401516e-19  
2.8526150e-18  1.0000000   -6.3721302e-16  3.0490010e-17  6.2309838e-16  4.1633363e-17  9.0205621e-17  4.9385111e-16  3.4694470e-16  -2.1163626e-16  
1.9493083e-17  -6.3722267e-16  1.0000000   3.1685808e-17  -1.0408341e-16  4.0452322e-16  2.9490299e-16  4.0939474e-16  1.6772310e-16  3.4694470e-16  
5.7455939e-17  3.0490010e-17  3.1679032e-17  1.0000000   -2.7755576e-17  -3.8857806e-16  4.0452322e-16  1.9428903e-16  1.1102230e-16  3.7588992e-16  
-1.9282203e-17  6.2309994e-16  -1.0408341e-16  -2.7755576e-17  1.0000000   -5.7129353e-16  1.6926789e-16  5.9273882e-16  -3.4694470e-17  2.0816682e-17  
-6.0086097e-17  4.1633363e-17  4.0452478e-16  -3.8857806e-16  -5.7130318e-16  1.0000000   -6.5458706e-17  -6.5919492e-17  4.8171652e-16  3.1918912e-16  
1.3249289e-17  9.0205621e-17  2.9490299e-16  4.0452478e-16  1.6926789e-16  -6.5465482e-17  1.0000000   3.4694470e-17  1.2490009e-16  2.5967192e-16  
-2.2339792e-18  4.9385233e-16  4.0939474e-16  1.9428903e-16  5.9273818e-16  -6.5919492e-17  3.4694470e-17  1.0000000   -2.6251275e-16  2.8722908e-16  
-2.3501894e-17  3.4694470e-16  1.6772432e-16  1.1102230e-16  -3.4694470e-17  4.8171588e-16  1.2490009e-16  -2.6252240e-16  1.0000000   1.6352479e-16  
-2.7401516e-19  -2.1163626e-16  3.4694470e-16  3.7589113e-16  2.0816682e-17  3.1918912e-16  2.5967127e-16  2.8722908e-16  1.6351802e-16  1.0000000   
