1.0000000   -9.2955956e-17  1.4740279e-16  -1.0810258e-16  -6.4706291e-17  -2.2926692e-16  5.8656820e-17  -1.1351659e-16  -3.7238593e-17  6.2727872e-17  
-9.2958125e-17  1.0000000   -9.0718806e-16  -1.3875755e-16  2.5920465e-17  -2.2204460e-16  -4.1633363e-17  -1.2238265e-16  -4.8572257e-17  3.8857806e-16  
1.4740785e-16  -9.0718998e-16  1.0000000   8.5550328e-18  8.3266727e-16  -1.9612414e-16  4.5796700e-16  1.2490009e-16  -3.7381198e-17  -5.5511151e-17  
-1.0810427e-16  -1.3876433e-16  8.5550328e-18  1.0000000   1.1275703e-16  -2.6367797e-16  -5.4480356e-16  2.2898350e-16  -2.7278527e-16  1.8292868e-16  
-6.4705719e-17  2.5922089e-17  8.3266727e-16  1.1275703e-16  1.0000000   4.1814067e-16  -3.3651603e-16  -1.7172838e-16  -7.6978354e-17  1.7347235e-16  
-2.2927368e-16  -2.2204460e-16  -1.9612252e-16  -2.6367797e-16  4.1813875e-16  1.0000000   4.3096020e-16  2.9837244e-16  -1.8994298e-16  8.3266727e-17  
5.8657243e-17  -4.1633363e-17  4.5796700e-16  -5.4480193e-16  -3.3652280e-16  4.3096020e-16  1.0000000   1.7173762e-16  -2.2074356e-16  -3.4867018e-16  
-1.1351665e-16  -1.2238366e-16  1.2490009e-16  2.2898350e-16  -1.7173258e-16  2.9837244e-16  1.7173762e-16  1.0000000   -6.3136703e-16  -2.4977985e-16  
-3.7236426e-17  -4.8572257e-17  -3.7382213e-17  -2.7278527e-16  -7.6978354e-17  -1.8994717e-16  -2.2074356e-16  -6.3136895e-16  1.0000000   -8.8589482e-17  
6.2731260e-17  3.8857806e-16  -5.5511151e-17  1.8292767e-16  1.7347235e-16  8.3266727e-17  -3.4867437e-16  -2.4978663e-16  -8.8589482e-17  1.0000000   
