1.0000000   -2.3662543e-16  -2.7942908e-16  1.3165476e-16  -2.9985838e-16  -3.5474281e-17  -1.5646664e-16  -4.6687999e-16  5.8508453e-16  3.2724610e-16  
-2.3662549e-16  1.0000000   -4.0438895e-16  3.6548599e-16  1.3467130e-16  4.7934307e-16  -1.9414748e-16  6.7392005e-16  6.9780614e-16  -1.8703173e-16  
-2.7943066e-16  -4.0439308e-16  1.0000000   7.3074474e-16  2.1379472e-17  -3.5486410e-17  -2.7705925e-16  -1.9974625e-17  -1.5135601e-16  -5.0587473e-16  
1.3166179e-16  3.6548557e-16  7.3074214e-16  1.0000000   -2.9672413e-16  1.3214502e-16  4.5872239e-16  3.0753788e-17  -8.2533181e-17  -2.1612384e-16  
-2.9985691e-16  1.3466429e-16  2.1379473e-17  -2.9672412e-16  1.0000000   -2.5325451e-16  9.5040897e-17  2.5808093e-16  2.6435224e-16  -1.3724010e-16  
-3.5479492e-17  4.7934307e-16  -3.5491265e-17  1.3214502e-16  -2.5324668e-16  1.0000000   -2.9102096e-16  -2.9474512e-16  1.3178238e-16  4.6889870e-16  
-1.5646907e-16  -1.9414748e-16  -2.7705925e-16  4.5871194e-16  9.5039899e-17  -2.9101947e-16  1.0000000   1.5676385e-16  3.9508321e-16  4.1692317e-16  
-4.6688215e-16  6.7391608e-16  -1.9974625e-17  3.0753788e-17  2.5808989e-16  -2.9474512e-16  1.5676385e-16  1.0000000   3.0220275e-16  8.7789713e-16  
5.8508332e-16  6.9780614e-16  -1.5135011e-16  -8.2533181e-17  2.6435224e-16  1.3178167e-16  3.9508321e-16  3.0220333e-16  1.0000000   -5.6287880e-16  
3.2723932e-16  -1.8703173e-16  -5.0587473e-16  -2.1612215e-16  -1.3724010e-16  4.6889870e-16  4.1692317e-16  8.7789798e-16  -5.6287711e-16  1.0000000   
