0.99988798  -2.3398110e-05  -1.5955586e-05  -5.9695729e-05  2.5716972e-06  3.4378308e-05  6.7084695e-05  9.5114606e-05  9.3308990e-06  8.0361945e-07  
-2.3398110e-05  0.99991797  5.0499831e-05  -7.6388582e-06  5.1048911e-05  1.7736793e-09  -1.9598901e-09  -2.6289732e-05  -1.5459636e-09  1.8205445e-10  
-1.5955586e-05  5.0499831e-05  0.99986799  -2.8007216e-05  2.5371193e-09  5.1045871e-05  -2.5004010e-09  -2.8453930e-09  -2.6286341e-05  7.2350166e-10  
-5.9695729e-05  -7.6388582e-06  -2.8007216e-05  0.99977100  -5.4359570e-10  -3.4823736e-09  5.1037463e-05  -5.4777121e-09  1.7924809e-10  -2.6283691e-05  
2.5716972e-06  5.1048911e-05  2.5371193e-09  -5.4359570e-10  1.0000660   5.0507021e-05  -7.6412134e-06  3.1322472e-05  1.6058842e-09  -2.3726254e-10  
3.4378308e-05  1.7736793e-09  5.1045871e-05  -3.4823736e-09  5.0507021e-05  1.0000160   -2.8010008e-05  4.8521308e-09  3.1320983e-05  -8.4972003e-10  
6.7084695e-05  -1.9598901e-09  -2.5004010e-09  5.1037463e-05  -7.6412134e-06  -2.8010008e-05  0.99991898  6.1421197e-09  -2.5131956e-10  3.1317678e-05  
9.5114606e-05  -2.6289732e-05  -2.8453930e-09  -5.4777121e-09  3.1322472e-05  4.8521308e-09  6.1421197e-09  1.0000360   5.0506305e-05  -7.6410803e-06  
9.3308990e-06  -1.5459636e-09  -2.6286341e-05  1.7924809e-10  1.6058842e-09  3.1320983e-05  -2.5131956e-10  5.0506305e-05  0.99998598  -2.8011466e-05  
8.0361945e-07  1.8205445e-10  7.2350166e-10  -2.6283691e-05  -2.3726254e-10  -8.4972003e-10  3.1317678e-05  -7.6410803e-06  -2.8011466e-05  0.99988898  
