1.0000000   2.2494190e-16  -4.6765393e-16  -5.1741146e-16  4.5421346e-16  5.2772789e-16  4.6254909e-16  -4.0465885e-16  -6.8480965e-17  3.1816929e-16  
2.2495228e-16  1.0000000   2.5476418e-16  -3.0988225e-16  -2.2263880e-16  3.4420406e-16  -4.3829840e-16  3.1389516e-16  5.2372471e-16  -3.9990850e-16  
-4.6769290e-16  2.5475568e-16  1.0000000   1.7149732e-16  -5.9700306e-16  -7.3737438e-19  -3.8870727e-16  2.0492868e-16  -6.5986120e-17  -5.3355213e-16  
-5.1739830e-16  -3.0988943e-16  1.7151069e-16  1.0000000   -1.8771729e-16  6.0067830e-17  -3.9105904e-16  -3.2345605e-16  -1.2822185e-16  -5.8513036e-16  
4.5420649e-16  -2.2263258e-16  -5.9700306e-16  -1.8771729e-16  1.0000000   -4.3359345e-16  -9.4052171e-17  9.1460541e-17  -3.7055882e-16  -2.8263839e-16  
5.2772231e-16  3.4420406e-16  -7.4112315e-19  6.0067830e-17  -4.3361478e-16  1.0000000   -3.4658039e-16  -1.6192977e-16  1.1330940e-16  -3.1420305e-16  
4.6254455e-16  -4.3829840e-16  -3.8870727e-16  -3.9105464e-16  -9.4058049e-17  -3.4657083e-16  1.0000000   -7.1012177e-16  -2.7373424e-16  -2.3726409e-16  
-4.0466007e-16  3.1387628e-16  2.0492868e-16  -3.2345605e-16  9.1459666e-17  -1.6192977e-16  -7.1012178e-16  1.0000000   -9.8482216e-16  3.7993832e-16  
-6.8477117e-17  5.2372471e-16  -6.5985510e-17  -1.2822185e-16  -3.7055882e-16  1.1330768e-16  -2.7373424e-16  -9.8480039e-16  1.0000000   -1.2462497e-15  
3.1816760e-16  -3.9990850e-16  -5.3355213e-16  -5.8513714e-16  -2.8263839e-16  -3.1420305e-16  -2.3728442e-16  3.7992477e-16  -1.2462565e-15  1.0000000   
