1.0000000   -5.9196114e-16  1.7853863e-16  -9.3422652e-17  -1.9897835e-16  -4.5548754e-16  2.1964920e-16  -3.3081627e-16  2.8226798e-17  -1.4501712e-16  
-5.9194725e-16  1.0000000   1.4136721e-16  -1.1997375e-16  7.7536630e-17  1.0408341e-16  -3.4694470e-18  -2.6753313e-17  2.8796410e-16  2.0816682e-17  
1.7853813e-16  1.4136648e-16  1.0000000   -2.4509745e-17  -1.6653345e-16  -1.4103853e-16  1.8735014e-16  -1.8041124e-16  1.1202456e-16  -5.2041704e-17  
-9.3419264e-17  -1.1998052e-16  -2.4513133e-17  1.0000000   6.0802058e-16  -2.6888214e-17  -2.1476428e-16  -5.1954968e-16  -3.3523531e-16  -7.7493975e-17  
-1.9898082e-16  7.7539702e-17  -1.6653345e-16  6.0802058e-16  1.0000000   -1.8129135e-16  6.8243750e-17  7.4929019e-17  1.9949320e-17  -1.6176296e-16  
-4.5549183e-16  1.0408341e-16  -1.4103546e-16  -2.6888214e-17  -1.8129209e-16  1.0000000   -2.0318626e-16  2.3418767e-17  4.4355776e-16  -1.8344701e-16  
2.1965597e-16  -3.4694470e-18  1.8735014e-16  -2.1476120e-16  6.8236974e-17  -2.0318965e-16  1.0000000   2.8015784e-16  2.4372865e-16  5.1684982e-16  
-3.3081752e-16  -2.6749643e-17  -1.8041124e-16  -5.1954968e-16  7.4928917e-17  2.3418767e-17  2.8015784e-16  1.0000000   3.9018527e-17  2.3044040e-16  
2.8226916e-17  2.8796410e-16  1.1202823e-16  -3.3523531e-16  1.9949320e-17  4.4355766e-16  2.4372865e-16  3.9017796e-17  1.0000000   -1.3683309e-16  
-1.4501543e-16  2.0816682e-17  -5.2041704e-17  -7.7490305e-17  -1.6176296e-16  -1.8344701e-16  5.1684972e-16  2.3043362e-16  -1.3683648e-16  1.0000000   
