1.0000000   8.3887172e-18  1.7231501e-16  -4.5699799e-16  4.7280764e-17  -3.1671292e-16  -2.8037468e-16  -1.3564632e-16  2.2099187e-16  6.8545294e-17  
8.3884598e-18  1.0000000   1.0282889e-16  3.1226198e-16  1.5706910e-16  -4.5796700e-16  1.4918622e-16  1.3814851e-16  4.0939474e-16  -6.5052130e-19  
1.7231663e-16  1.0283058e-16  1.0000000   -8.9254572e-16  -1.0061396e-16  -5.5434528e-17  2.2204460e-16  2.0122792e-16  -3.1287960e-16  -2.9533667e-16  
-4.5700477e-16  3.1226208e-16  -8.9254742e-16  1.0000000   -1.5612511e-16  -5.5511151e-17  8.3343351e-17  1.2490009e-16  1.6653345e-16  5.0978650e-17  
4.7286933e-17  1.5706770e-16  -1.0061396e-16  -1.5612511e-16  1.0000000   1.7915672e-16  3.5573584e-17  2.6375271e-16  7.6848250e-16  1.0847443e-16  
-3.1671383e-16  -4.5796700e-16  -5.5435928e-17  -5.5511151e-17  1.7915841e-16  1.0000000   -7.3756241e-17  -1.4571677e-16  -5.5590414e-16  4.1633363e-17  
-2.8036791e-16  1.4918622e-16  2.2204460e-16  8.3341950e-17  3.5573690e-17  -7.3757935e-17  1.0000000   2.2204460e-16  -6.2450045e-17  -8.0678852e-16  
-1.3564389e-16  1.3814460e-16  2.0122792e-16  1.2490009e-16  2.6373985e-16  -1.4571677e-16  2.2204460e-16  1.0000000   -9.1460138e-17  6.9780427e-16  
2.2098976e-16  4.0939474e-16  -3.1288350e-16  1.6653345e-16  7.6848250e-16  -5.5591699e-16  -6.2450045e-17  -9.1458454e-17  1.0000000   1.0340239e-16  
6.8541906e-17  -6.5052130e-19  -2.9533667e-16  5.0974745e-17  1.0847443e-16  4.1633363e-17  -8.0680137e-16  6.9780438e-16  1.0340070e-16  1.0000000   
