0.99994197  -2.2472173e-05  3.1961147e-08  5.6047894e-07  -5.1295524e-05  2.1430949e-05  5.2701781e-06  -5.1775141e-05  -8.2487299e-06  -7.9290544e-06  
-2.2472173e-05  0.99990198  2.1028821e-05  2.1347981e-05  8.8681990e-05  1.3834084e-09  1.7749043e-09  -7.6761310e-06  2.3917360e-11  1.4282527e-11  
3.1961147e-08  2.1028821e-05  0.99983999  -3.0857462e-05  1.8633968e-09  8.8675340e-05  -2.7365654e-09  -1.6311517e-10  -7.6768189e-06  2.3667161e-10  
5.6047894e-07  2.1347981e-05  -3.0857462e-05  0.99995198  1.8645918e-09  -2.7247216e-09  8.8685275e-05  -1.9293146e-10  2.3230154e-10  -7.6776829e-06  
-5.1295524e-05  8.8681990e-05  1.8633968e-09  1.8645918e-09  1.0000410   2.1030646e-05  2.1350690e-05  1.7691815e-05  7.9516612e-10  7.8441368e-10  
2.1430949e-05  1.3834084e-09  8.8675340e-05  -2.7247216e-09  2.1030646e-05  0.99997898  -3.0861639e-05  -7.3763618e-10  1.7687886e-05  -7.1583310e-10  
5.2701781e-06  1.7749043e-09  -2.7365654e-09  8.8685275e-05  2.1350690e-05  -3.0861639e-05  1.0000910   1.0478502e-10  -5.8937087e-10  1.7690002e-05  
-5.1775141e-05  -7.6761310e-06  -1.6311517e-10  -1.9293146e-10  1.7691815e-05  -7.3763618e-10  1.0478502e-10  0.99988197  2.1028828e-05  2.1347977e-05  
-8.2487299e-06  2.3917360e-11  -7.6768189e-06  2.3230154e-10  7.9516612e-10  1.7687886e-05  -5.8937087e-10  2.1028828e-05  0.99981998  -3.0856779e-05  
-7.9290544e-06  1.4282527e-11  2.3667161e-10  -7.6776829e-06  7.8441368e-10  -7.1583310e-10  1.7690002e-05  2.1347977e-05  -3.0856779e-05  0.99993197  
