1.0000000   3.3686842e-16  -1.5135741e-16  3.0178103e-16  -3.7121523e-16  -6.5076549e-16  -4.7518684e-16  -6.7267308e-17  -5.4567231e-17  1.5344171e-16  
3.3686860e-16  1.0000000   6.3711130e-16  -2.1158962e-16  -4.5719313e-17  3.7997273e-16  -1.4667884e-17  -2.6017753e-16  5.7602693e-17  -5.0051533e-16  
-1.5136497e-16  6.3710944e-16  1.0000000   4.1297994e-16  2.0161123e-16  -5.4894158e-16  -5.3744430e-16  -5.5036092e-18  -4.6903520e-16  -4.9468665e-16  
3.0178257e-16  -2.1159484e-16  4.1298638e-16  1.0000000   -4.5944471e-16  8.6800442e-16  5.3686967e-16  -4.3287396e-16  2.8820595e-16  2.3532651e-16  
-3.7123031e-16  -4.5714477e-17  2.0161123e-16  -4.5944471e-16  1.0000000   2.0563209e-16  8.5637668e-17  -6.0133106e-16  -5.0794413e-16  1.0702425e-16  
-6.5076311e-16  3.7997273e-16  -5.4895241e-16  8.6800442e-16  2.0563284e-16  1.0000000   2.3916464e-16  2.4838130e-16  -4.0577936e-16  -5.5058084e-16  
-4.7519253e-16  -1.4667883e-17  -5.3744430e-16  5.3686606e-16  8.5632289e-17  2.3916563e-16  1.0000000   -1.5520846e-16  -5.1235651e-16  7.0754356e-17  
-6.7269432e-17  -2.6017545e-16  -5.5036093e-18  -4.3287396e-16  -6.0134246e-16  2.4838130e-16  -1.5520846e-16  1.0000000   -2.7273644e-17  -5.5294988e-16  
-5.4574433e-17  5.7602692e-17  -4.6903592e-16  2.8820595e-16  -5.0794413e-16  -4.0577313e-16  -5.1235652e-16  -2.7285634e-17  1.0000000   3.5897256e-16  
1.5345188e-16  -5.0051533e-16  -4.9468665e-16  2.3532481e-16  1.0702425e-16  -5.5058084e-16  7.0757744e-17  -5.5293972e-16  3.5896579e-16  1.0000000   
