0.99970800  -5.1676785e-05  3.4568782e-05  2.0755776e-05  1.9819942e-05  -9.1563942e-06  9.4460988e-06  -5.5270941e-05  -8.2451419e-06  3.0882536e-05  
-5.1676785e-05  0.99964202  3.5648957e-05  7.0893788e-06  3.4455274e-05  1.7021438e-09  -2.4388839e-10  5.5681982e-05  2.4119199e-09  -1.2014448e-09  
3.4568782e-05  3.5648957e-05  0.99965702  6.3961020e-05  1.9141839e-09  3.4456499e-05  2.5312600e-09  7.4505869e-11  5.5679676e-05  4.6304125e-09  
2.0755776e-05  7.0893788e-06  6.3961020e-05  0.99973800  6.5589665e-10  2.0145209e-09  3.4459803e-05  -7.5259484e-10  3.3913447e-09  5.5685112e-05  
1.9819942e-05  3.4455274e-05  1.9141839e-09  6.5589665e-10  0.99976600  3.5654983e-05  7.0915183e-06  -9.4990933e-05  -3.5511370e-09  -6.1493195e-11  
-9.1563942e-06  1.7021438e-09  3.4456499e-05  2.0145209e-09  3.5654983e-05  0.99978100  6.3968148e-05  -2.8814407e-09  -9.4991187e-05  -6.3606097e-09  
9.4460988e-06  -2.4388839e-10  2.5312600e-09  3.4459803e-05  7.0915183e-06  6.3968148e-05  0.99986198  -1.1960093e-09  -6.1556616e-09  -9.4998666e-05  
-5.5270941e-05  5.5681982e-05  7.4505869e-11  -7.5259484e-10  -9.4990933e-05  -2.8814407e-09  -1.1960093e-09  0.99969401  3.5653054e-05  7.0891131e-06  
-8.2451419e-06  2.4119199e-09  5.5679676e-05  3.3913447e-09  -3.5511370e-09  -9.4991187e-05  -6.1556616e-09  3.5653054e-05  0.99970901  6.3963374e-05  
3.0882536e-05  -1.2014448e-09  4.6304125e-09  5.5685112e-05  -6.1493195e-11  -6.3606097e-09  -9.4998666e-05  7.0891131e-06  6.3963374e-05  0.99978999  
