1.0000780   -1.9573033e-05  -5.6390791e-05  2.9871143e-05  -8.4582923e-06  -2.3313613e-05  7.9789971e-05  4.2260931e-05  -1.6898357e-05  -2.2786897e-05  
-1.9573033e-05  0.99996297  2.0211285e-05  -1.0498761e-05  -1.6303989e-05  1.2676042e-10  -1.3904397e-09  -5.7445701e-05  -8.3028797e-10  1.0490627e-09  
-5.6390791e-05  2.0211285e-05  1.0000380   -2.3309410e-05  1.4741048e-10  -1.6304063e-05  -4.1190419e-09  -3.5439558e-09  -5.7448229e-05  2.6238299e-09  
2.9871143e-05  -1.0498761e-05  -2.3309410e-05  1.0000780   -8.1468928e-11  -3.1632312e-10  -1.6303647e-05  1.8653726e-09  8.3422510e-10  -5.7452161e-05  
-8.4582923e-06  -1.6303989e-05  1.4741048e-10  -8.1468928e-11  1.0000740   2.0212622e-05  -1.0500017e-05  6.2680828e-05  1.4097651e-09  -4.6533930e-10  
-2.3313613e-05  1.2676042e-10  -1.6304063e-05  -3.1632312e-10  2.0212622e-05  1.0001490   -2.3312174e-05  2.8166684e-10  6.2686281e-05  -9.2980654e-10  
7.9789971e-05  -1.3904397e-09  -4.1190419e-09  -1.6303647e-05  -1.0500017e-05  -2.3312174e-05  1.0001890   2.7136731e-09  -2.8092243e-09  6.2686576e-05  
4.2260931e-05  -5.7445701e-05  -3.5439558e-09  1.8653726e-09  6.2680828e-05  2.8166684e-10  2.7136731e-09  0.99993298  2.0208861e-05  -1.0498824e-05  
-1.6898357e-05  -8.3028797e-10  -5.7448229e-05  8.3422510e-10  1.4097651e-09  6.2686281e-05  -2.8092243e-09  2.0208861e-05  1.0000080   -2.3306642e-05  
-2.2786897e-05  1.0490627e-09  2.6238299e-09  -5.7452161e-05  -4.6533930e-10  -9.2980654e-10  6.2686576e-05  -1.0498824e-05  -2.3306642e-05  1.0000480   
