1.0000000   1.0563160e-17  -5.7665473e-17  -7.7932399e-18  1.2514408e-16  -3.6478526e-17  -1.0880884e-17  -3.0604019e-16  -5.9164606e-17  -2.3483819e-16  
1.0565596e-17  1.0000000   -3.9913937e-16  -4.7106582e-16  -2.4797288e-17  4.5781981e-17  3.5391123e-16  2.7097176e-16  1.1290256e-16  -2.1564828e-17  
-5.7683139e-17  -3.9914172e-16  1.0000000   -1.9757093e-16  2.0851116e-16  -6.9923160e-17  1.1268666e-16  -4.4801848e-16  1.6098827e-16  -3.2327554e-16  
-7.7928408e-18  -4.7106919e-16  -1.9757169e-16  1.0000000   -1.0910223e-16  -2.1694421e-16  4.5432070e-18  -1.3896102e-16  3.7723299e-16  -9.4437397e-17  
1.2514389e-16  -2.4793214e-17  2.0851116e-16  -1.0910223e-16  1.0000000   -2.6919721e-16  -2.0621712e-16  9.0637697e-16  8.3101473e-17  -1.2693231e-16  
-3.6479455e-17  4.5781981e-17  -6.9922064e-17  -2.1694421e-16  -2.6919655e-16  1.0000000   -6.0542414e-18  -4.2527371e-16  6.2974581e-16  6.0622283e-16  
-1.0879270e-17  3.5391123e-16  1.1268666e-16  4.5460819e-18  -2.0621622e-16  -6.0461050e-18  1.0000000   3.4387012e-16  5.5229254e-17  5.0039488e-16  
-3.0603351e-16  2.7097701e-16  -4.4801848e-16  -1.3896102e-16  9.0638005e-16  -4.2527371e-16  3.4387012e-16  1.0000000   1.4801533e-16  9.2428235e-18  
-5.9166584e-17  1.1290256e-16  1.6099043e-16  3.7723299e-16  8.3101473e-17  6.2974277e-16  5.5229254e-17  1.4801565e-16  1.0000000   -1.0102054e-16  
-2.3483141e-16  -2.1564829e-17  -3.2327554e-16  -9.4444174e-17  -1.2693231e-16  6.0622283e-16  5.0039657e-16  9.2343532e-18  -1.0103409e-16  1.0000000   
