1.0001080   5.0451790e-05  1.6973479e-05  1.2794916e-06  -1.2089856e-05  -4.0030403e-05  -2.4497752e-06  -2.2825661e-05  -0.00011224572  8.3707483e-06  
5.0451790e-05  1.0000780   -8.7385490e-05  -1.9150375e-05  5.8922566e-05  -7.1680670e-09  -1.2518989e-09  -4.7781840e-05  -1.4873316e-09  1.3372235e-09  
1.6973479e-05  -8.7385490e-05  1.0000880   5.1082271e-05  -5.3538643e-09  5.8923085e-05  2.9681169e-09  3.7876652e-09  -4.7783071e-05  -2.2984893e-09  
1.2794916e-06  -1.9150375e-05  5.1082271e-05  1.0001380   -1.1437839e-09  2.9584806e-09  5.8926708e-05  8.8574773e-10  -2.5841567e-09  -4.7783545e-05  
-1.2089856e-05  5.8922566e-05  -5.3538643e-09  -1.1437839e-09  1.0001790   -8.7394689e-05  -1.9152344e-05  5.5607691e-05  -3.5020619e-09  -1.1660136e-09  
-4.0030403e-05  -7.1680670e-09  5.8923085e-05  2.9584806e-09  -8.7394689e-05  1.0001890   5.1087507e-05  -3.9453282e-09  5.5612463e-05  2.5052821e-09  
-2.4497752e-06  -1.2518989e-09  2.9681169e-09  5.8926708e-05  -1.9152344e-05  5.1087507e-05  1.0002390   -1.0089117e-09  3.1152774e-09  5.5610731e-05  
-2.2825661e-05  -4.7781840e-05  3.7876652e-09  8.8574773e-10  5.5607691e-05  -3.9453282e-09  -1.0089117e-09  1.0001630   -8.7391213e-05  -1.9152258e-05  
-0.00011224572  -1.4873316e-09  -4.7783071e-05  -2.5841567e-09  -3.5020619e-09  5.5612463e-05  3.1152774e-09  -8.7391213e-05  1.0001730   5.1085652e-05  
8.3707483e-06  1.3372235e-09  -2.2984893e-09  -4.7783545e-05  -1.1660136e-09  2.5052821e-09  5.5610731e-05  -1.9152258e-05  5.1085652e-05  1.0002230   
