1.0000000   2.0536514e-16  -2.5054220e-16  1.4429284e-17  -2.4934364e-16  -1.1190309e-16  1.2925248e-16  5.0001302e-16  9.3081429e-16  -3.6562685e-16  
2.0536226e-16  1.0000000   5.0271341e-16  2.0305757e-16  6.7691004e-16  1.3490435e-16  2.8554683e-16  1.6047801e-16  -2.2748364e-17  -2.6030887e-16  
-2.5054627e-16  5.0270968e-16  1.0000000   2.6960333e-16  6.3547051e-16  8.5360548e-16  -2.9113473e-16  -6.0010155e-16  7.7382478e-16  -2.5833152e-16  
1.4430158e-17  2.0306370e-16  2.6960228e-16  1.0000000   -1.0829645e-16  4.0506103e-16  1.0672943e-15  4.1657471e-16  -3.0074683e-16  -2.5854834e-16  
-2.4935588e-16  6.7691456e-16  6.3547051e-16  -1.0829645e-16  1.0000000   1.0085733e-16  2.8546819e-16  -2.3217958e-16  9.3698870e-16  1.5546367e-16  
-1.1189603e-16  1.3490435e-16  8.5360687e-16  4.0506103e-16  1.0085262e-16  1.0000000   -2.8803190e-17  5.6915602e-16  -1.9057567e-16  1.5697839e-16  
1.2925105e-16  2.8554683e-16  -2.9113473e-16  1.0672954e-15  2.8547222e-16  -2.8809360e-17  1.0000000   -4.9166684e-16  4.4541687e-16  2.2383354e-16  
5.0001319e-16  1.6047759e-16  -6.0010155e-16  4.1657471e-16  -2.3218616e-16  5.6915602e-16  -4.9166684e-16  1.0000000   1.0329251e-16  6.3433959e-16  
9.3080831e-16  -2.2748363e-17  7.7382159e-16  -3.0074683e-16  9.3698870e-16  -1.9057680e-16  4.4541687e-16  1.0329913e-16  1.0000000   7.4074725e-16  
-3.6563363e-16  -2.6030887e-16  -2.5833152e-16  -2.5854495e-16  1.5546366e-16  1.5697839e-16  2.2382676e-16  6.3433959e-16  7.4074725e-16  1.0000000   
