1.0000000   2.5679333e-17  -4.3275947e-16  -1.1459509e-16  -5.4882781e-17  2.4253617e-16  2.7952087e-18  -3.2787866e-16  -1.9221268e-17  -2.3867356e-16  
2.5689598e-17  1.0000000   9.6279768e-16  7.6727632e-17  -2.1995795e-16  2.2204460e-16  -5.3776428e-17  1.5481853e-16  2.1510571e-16  3.7816972e-16  
-4.3275972e-16  9.6279612e-16  1.0000000   -1.0709419e-16  -1.3877788e-16  5.8495374e-16  -5.8980598e-17  -1.5959456e-16  -3.3957766e-16  -1.0408341e-16  
-1.1459424e-16  7.6734409e-17  -1.0709334e-16  1.0000000   2.7668839e-16  6.9388939e-18  -7.8547781e-16  -1.8995222e-16  -6.9388939e-17  5.0735118e-17  
-5.4883266e-17  -2.1995781e-16  -1.3877788e-16  2.7668839e-16  1.0000000   1.5441654e-16  -5.2110145e-16  5.1524495e-17  1.0234869e-16  -1.0039712e-16  
2.4254290e-16  2.2204460e-16  5.8495388e-16  6.9388939e-18  1.5441498e-16  1.0000000   -3.7597633e-16  1.9428903e-16  -1.7529060e-16  -2.0816682e-17  
2.8019850e-18  -5.3776428e-17  -5.8980598e-17  -7.8547766e-16  -5.2109467e-16  -3.7597548e-16  1.0000000   4.7704896e-17  -9.8879238e-17  3.0924654e-17  
-3.2787500e-16  1.5483610e-16  -1.5959456e-16  -1.8995222e-16  5.1526764e-17  1.9428903e-16  4.7704896e-17  1.0000000   4.5972787e-16  1.8948466e-16  
-1.9223061e-17  2.1510571e-16  -3.3956009e-16  -6.9388939e-17  1.0234869e-16  -1.7528833e-16  -9.8879238e-17  4.5972631e-16  1.0000000   -4.1067080e-16  
-2.3867356e-16  3.7816972e-16  -1.0408341e-16  5.0752691e-17  -1.0039712e-16  -2.0816682e-17  3.0926922e-17  1.8949143e-16  -4.1066995e-16  1.0000000   
