1.0000000   -2.2358708e-16  1.3399760e-16  -1.8739757e-17  9.6891994e-17  2.4153091e-16  -3.3571304e-17  3.5363809e-17  -8.5411554e-17  5.2842997e-17  
-2.2358805e-16  1.0000000   8.7864115e-17  2.4684912e-16  -2.0505393e-16  -2.4980018e-16  1.9559007e-16  1.4769876e-16  1.3877788e-17  7.2858386e-17  
1.3398464e-16  8.7855894e-17  1.0000000   -1.6793275e-17  -1.8041124e-16  -8.0153844e-17  5.2648857e-16  -1.4571677e-16  2.7086413e-16  3.2265857e-16  
-1.8736369e-17  2.4685251e-16  -1.6789887e-17  1.0000000   3.1398495e-16  6.9388939e-17  -9.8275215e-16  3.1225023e-17  2.9316827e-16  2.0971512e-16  
9.6916189e-17  -2.0505076e-16  -1.8041124e-16  3.1398495e-16  1.0000000   -1.2030270e-16  6.2968429e-17  3.5613945e-17  2.8275993e-16  1.0061396e-16  
2.4153025e-16  -2.4980018e-16  -8.0150669e-17  6.9388939e-17  -1.2031092e-16  1.0000000   -1.0244525e-16  -6.9388939e-18  -7.0204187e-17  -6.9388939e-18  
-3.3571304e-17  1.9559007e-16  5.2648857e-16  -9.8274898e-16  6.2971817e-17  -1.0244186e-16  1.0000000   -1.5395671e-17  1.3167635e-16  1.4397995e-16  
3.5372953e-17  1.4769650e-16  -1.4571677e-16  3.1225023e-17  3.5613122e-17  -6.9388939e-18  -1.5395671e-17  1.0000000   -4.0132791e-16  -3.0132350e-16  
-8.5406488e-17  1.3877788e-17  2.7086187e-16  2.9316827e-16  2.8275993e-16  -7.0205010e-17  1.3167635e-16  -4.0133613e-16  1.0000000   3.2559777e-16  
5.2844692e-17  7.2858386e-17  3.2265857e-16  2.0971287e-16  1.0061396e-16  -6.9388939e-18  1.4397913e-16  -3.0132011e-16  3.2560116e-16  1.0000000   
