1.0000000   5.5486193e-16  1.7251245e-16  9.9709800e-17  4.2363069e-16  -1.9569487e-17  -1.9299832e-17  -1.5540597e-16  2.6977748e-16  -1.3050237e-17  
5.5486199e-16  1.0000000   -3.1875570e-17  3.2662811e-17  -6.5059012e-16  -3.3831518e-16  7.9375198e-17  -6.1742919e-16  -9.0059472e-16  -1.2191110e-16  
1.7250953e-16  -3.1871887e-17  1.0000000   -1.7352002e-16  4.3617941e-16  -2.8947369e-16  1.4013262e-16  -1.9848494e-16  9.4781857e-16  3.9248280e-16  
9.9703242e-17  3.2660763e-17  -1.7350145e-16  1.0000000   2.0228491e-16  2.8294518e-16  7.2285838e-16  -3.9235182e-16  -3.3073277e-16  -8.7612345e-16  
4.2363130e-16  -6.5059265e-16  4.3617941e-16  2.0228491e-16  1.0000000   -1.8981367e-16  2.1872374e-16  7.0423763e-16  -2.0166832e-16  -1.3665917e-16  
-1.9570362e-17  -3.3831518e-16  -2.8947124e-16  2.8294518e-16  -1.8981264e-16  1.0000000   4.9615057e-16  -1.5783628e-16  -1.3938447e-16  -1.6962361e-16  
-1.9306134e-17  7.9375198e-17  1.4013262e-16  7.2285775e-16  2.1872641e-16  4.9614474e-16  1.0000000   -1.7051212e-16  2.1691407e-16  -3.5750720e-17  
-1.5540334e-16  -6.1741187e-16  -1.9848494e-16  -3.9235182e-16  7.0423759e-16  -1.5783628e-16  -1.7051212e-16  1.0000000   9.1079696e-16  4.8152044e-16  
2.6978178e-16  -9.0059472e-16  9.4782808e-16  -3.3073277e-16  -2.0166832e-16  -1.3938424e-16  2.1691407e-16  9.1079718e-16  1.0000000   -3.2521322e-16  
-1.3051931e-17  -1.2191110e-16  3.9248280e-16  -8.7610651e-16  -1.3665917e-16  -1.6962361e-16  -3.5751143e-17  4.8151536e-16  -3.2520983e-16  1.0000000   
