1.0000000   -5.5747754e-17  -8.2612203e-16  -1.7847431e-16  5.9633866e-17  4.0431831e-16  2.7817336e-16  -1.2247116e-17  -4.3769373e-17  3.3921975e-17  
-5.5746959e-17  1.0000000   -8.2703794e-16  2.1508312e-16  7.3338992e-16  -2.9086358e-16  1.0347565e-16  9.0890795e-17  1.3122688e-16  1.2997707e-16  
-8.2614691e-16  -8.2704414e-16  1.0000000   1.3075698e-16  1.6373975e-17  -7.3507863e-16  -4.5893913e-16  4.2624408e-16  9.1439891e-16  -6.7196988e-16  
-1.7847469e-16  2.1508340e-16  1.3075702e-16  1.0000000   2.1030535e-16  2.4364217e-16  -4.3607037e-17  -5.2009549e-16  3.1142017e-16  4.2236790e-16  
5.9632781e-17  7.3338986e-16  1.6373975e-17  2.1030535e-16  1.0000000   3.7262420e-16  -3.3233984e-16  -2.6081259e-16  4.8957247e-16  3.7098384e-16  
4.0431544e-16  -2.9086358e-16  -7.3507884e-16  2.4364217e-16  3.7261798e-16  1.0000000   -1.7694738e-16  6.2337380e-16  2.5045773e-16  3.2023247e-16  
2.7819117e-16  1.0347565e-16  -4.5893913e-16  -4.3606855e-17  -3.3234130e-16  -1.7694746e-16  1.0000000   2.1869999e-16  -1.3816773e-17  -4.8480947e-16  
-1.2257693e-17  9.0893811e-17  4.2624408e-16  -5.2009549e-16  -2.6081702e-16  6.2337380e-16  2.1869999e-16  1.0000000   -3.8449092e-16  1.5513133e-16  
-4.3768619e-17  1.3122688e-16  9.1438617e-16  3.1142017e-16  4.8957247e-16  2.5045184e-16  -1.3816773e-17  -3.8448420e-16  1.0000000   -1.4026760e-17  
3.3927058e-17  1.2997707e-16  -6.7196988e-16  4.2238484e-16  3.7098384e-16  3.2023247e-16  -4.8481625e-16  1.5513133e-16  -1.4026654e-17  1.0000000   
