0.99989199  7.9084863e-05  -4.2728181e-05  -1.6591976e-05  2.6525597e-05  -3.0861422e-05  9.7660847e-05  5.3718141e-05  -2.2500326e-05  -7.3452765e-06  
7.9084863e-05  0.99999798  2.6469327e-05  -7.1744877e-05  6.6464877e-05  -6.8148177e-10  2.9560427e-09  2.1747633e-05  -1.2040200e-09  -2.1409139e-09  
-4.2728181e-05  2.6469327e-05  0.99992799  3.0829704e-05  6.2594024e-10  6.6459446e-05  -2.1243363e-09  -1.7199190e-09  2.1742824e-05  9.8421223e-10  
-1.6591976e-05  -7.1744877e-05  3.0829704e-05  1.0000080   -5.2084459e-09  2.5610921e-09  6.6461823e-05  -2.4513374e-09  1.0436932e-09  2.1743723e-05  
2.6525597e-05  6.6464877e-05  6.2594024e-10  -5.2084459e-09  1.0000210   2.6472497e-05  -7.1742624e-05  4.5364683e-05  6.0399159e-10  -3.4493873e-09  
-3.0861422e-05  -6.8148177e-10  6.6459446e-05  2.5610921e-09  2.6472497e-05  0.99995099  3.0826690e-05  -4.5710665e-10  4.5360778e-05  1.6252167e-09  
9.7660847e-05  2.9560427e-09  -2.1243363e-09  6.6461823e-05  -7.1742624e-05  3.0826690e-05  1.0000310   1.9921974e-09  -7.9913178e-10  4.5362994e-05  
5.3718141e-05  2.1747633e-05  -1.7199190e-09  -2.4513374e-09  4.5364683e-05  -4.5710665e-10  1.9921974e-09  1.0000110   2.6471842e-05  -7.1744891e-05  
-2.2500326e-05  -1.2040200e-09  2.1742824e-05  1.0436932e-09  6.0399159e-10  4.5360778e-05  -7.9913178e-10  2.6471842e-05  0.99994099  3.0829561e-05  
-7.3452765e-06  -2.1409139e-09  9.8421223e-10  2.1743723e-05  -3.4493873e-09  1.6252167e-09  4.5362994e-05  -7.1744891e-05  3.0829561e-05  1.0000210   
