0.99981600  3.9709597e-05  1.3688246e-05  -2.0104046e-05  5.7528958e-05  -6.9608620e-06  -3.2917624e-05  -2.2742986e-05  -1.3258273e-05  -4.9803414e-05  
3.9709597e-05  0.99983099  -6.0989592e-05  -1.1407311e-05  -6.6920976e-05  3.8058848e-09  -5.4389614e-10  -7.0638288e-06  -9.5735974e-11  -1.8974605e-09  
1.3688246e-05  -6.0989592e-05  0.99986099  1.2756954e-05  4.8699642e-09  -6.6925364e-05  -1.3045672e-09  1.1947272e-10  -7.0633189e-06  -7.7196542e-10  
-2.0104046e-05  -1.1407311e-05  1.2756954e-05  0.99982400  -3.9328767e-10  -7.1393245e-10  -6.6922131e-05  5.3788716e-10  1.7647540e-10  -7.0618746e-06  
5.7528958e-05  -6.6920976e-05  4.8699642e-09  -3.9328767e-10  0.99987799  -6.0993403e-05  -1.1408942e-05  5.9952748e-05  -4.4200991e-09  -3.5496480e-09  
-6.9608620e-06  3.8058848e-09  -6.6925364e-05  -7.1393245e-10  -6.0993403e-05  0.99990799  1.2758058e-05  -3.4988842e-09  5.9955947e-05  1.1117154e-09  
-3.2917624e-05  -5.4389614e-10  -1.3045672e-09  -6.6922131e-05  -1.1408942e-05  1.2758058e-05  0.99987099  6.4800579e-11  1.2014881e-09  5.9955276e-05  
-2.2742986e-05  -7.0638288e-06  1.1947272e-10  5.3788716e-10  5.9952748e-05  -3.4988842e-09  6.4800579e-11  0.99983099  -6.0989834e-05  -1.1405379e-05  
-1.3258273e-05  -9.5735974e-11  -7.0633189e-06  1.7647540e-10  -4.4200991e-09  5.9955947e-05  1.2014881e-09  -6.0989834e-05  0.99986099  1.2757890e-05  
-4.9803414e-05  -1.8974605e-09  -7.7196542e-10  -7.0618746e-06  -3.5496480e-09  1.1117154e-09  5.9955276e-05  -1.1405379e-05  1.2757890e-05  0.99982400  
