1.0000000   -1.7483081e-16  3.3509042e-16  -5.8688713e-16  -4.7129650e-18  3.1864469e-16  -4.8636050e-16  -2.2101716e-16  -3.5043037e-16  -2.4448251e-16  
-1.7482676e-16  1.0000000   -2.1957234e-17  2.0919591e-16  5.0388564e-16  -4.4810404e-17  5.5412248e-17  8.1129520e-16  -3.5970108e-17  -3.5945473e-16  
3.3509668e-16  -2.1954074e-17  1.0000000   -2.6798918e-16  2.6483170e-16  6.9756339e-17  -5.1034496e-17  -1.1263803e-16  4.6358266e-16  4.9942051e-17  
-5.8688758e-16  2.0920385e-16  -2.6799260e-16  1.0000000   -3.3105018e-16  6.2669526e-16  2.3310665e-17  -2.9444571e-17  9.0952271e-17  -3.4957219e-16  
-4.7158782e-18  5.0388555e-16  2.6483170e-16  -3.3105018e-16  1.0000000   -3.0106032e-16  -9.4056255e-16  1.4839993e-16  -7.9781787e-17  7.2357723e-16  
3.1864432e-16  -4.4810404e-17  6.9756540e-17  6.2669526e-16  -3.0105479e-16  1.0000000   3.7453867e-16  -2.1293548e-16  4.6476254e-16  2.0964535e-16  
-4.8636768e-16  5.5412249e-17  -5.1034496e-17  2.3310705e-17  -9.4056157e-16  3.7455283e-16  1.0000000   5.2132410e-16  -1.3611626e-16  -1.1841859e-16  
-2.2100880e-16  8.1128672e-16  -1.1263803e-16  -2.9444571e-17  1.4838863e-16  -2.1293549e-16  5.2132410e-16  1.0000000   2.0680685e-16  -1.3254202e-16  
-3.5043880e-16  -3.5970108e-17  4.6359038e-16  9.0952271e-17  -7.9781786e-17  4.6476748e-16  -1.3611626e-16  2.0678545e-16  1.0000000   -1.4215585e-16  
-2.4446726e-16  -3.5945473e-16  4.9942051e-17  -3.4955525e-16  7.2357723e-16  2.0964534e-16  -1.1841859e-16  -1.3253863e-16  -1.4214907e-16  1.0000000   
