1.0000000   -3.2827992e-16  -4.7978217e-17  -4.9847947e-16  -2.7839277e-17  1.8401883e-16  6.2775387e-17  -3.8618455e-17  -3.3932754e-16  -2.8741861e-16  
-3.2828161e-16  1.0000000   -2.6726067e-16  -1.9044289e-17  -8.6413220e-17  -1.0625702e-16  3.1882288e-16  -1.0138345e-15  3.5708492e-16  3.1085214e-16  
-4.7990424e-17  -2.6726989e-16  1.0000000   -8.8919818e-17  1.8499611e-16  6.5445442e-17  -7.0636513e-17  -8.4486725e-17  -6.6117117e-17  1.0300719e-15  
-4.9848661e-16  -1.9079612e-17  -8.8908330e-17  1.0000000   1.2705284e-16  -4.6392153e-17  2.5820960e-16  -5.6550347e-16  2.2670801e-16  4.8680678e-17  
-2.7839532e-17  -8.6411233e-17  1.8499611e-16  1.2705284e-16  1.0000000   -2.6036780e-16  3.4228350e-16  -6.7455534e-16  -1.0602163e-16  6.0126017e-16  
1.8401477e-16  -1.0625702e-16  6.5445494e-17  -4.6392152e-17  -2.6036061e-16  1.0000000   -2.5143858e-16  1.0779657e-16  4.6564945e-17  -7.1308501e-16  
6.2776520e-17  3.1882288e-16  -7.0636513e-17  2.5820998e-16  3.4229437e-16  -2.5143142e-16  1.0000000   3.8949181e-16  4.3538773e-16  -9.7889946e-16  
-3.8609634e-17  -1.0138284e-15  -8.4486725e-17  -5.6550347e-16  -6.7455446e-16  1.0779657e-16  3.8949181e-16  1.0000000   -3.1265730e-16  -8.2365484e-16  
-3.3931545e-16  3.5708492e-16  -6.6123347e-17  2.2670801e-16  -1.0602163e-16  4.6568200e-17  4.3538773e-16  -3.1266429e-16  1.0000000   9.6910734e-17  
-2.8742030e-16  3.1085214e-16  1.0300719e-15  4.8694230e-17  6.0126017e-16  -7.1308501e-16  -9.7889988e-16  -8.2364129e-16  9.6920898e-17  1.0000000   
