1.0000000   1.4357988e-17  -3.5655614e-17  -1.2076123e-17  4.5795043e-17  -4.5774187e-16  -4.6950521e-16  1.7048545e-16  -5.7241485e-16  -1.0774259e-16  
1.4348653e-17  1.0000000   2.8758098e-16  2.3496276e-16  2.3678604e-16  2.5319071e-16  -2.6051599e-17  -2.6916724e-16  4.3204962e-16  1.3779895e-17  
-3.5651990e-17  2.8758097e-16  1.0000000   3.8631992e-16  -1.6939294e-16  2.9555445e-17  3.7637673e-16  7.2165728e-17  8.9803565e-17  -2.7222010e-16  
-1.2069377e-17  2.3496311e-16  3.8630496e-16  1.0000000   1.4449796e-16  4.8432860e-16  2.4835142e-16  -1.0776643e-16  1.1965362e-15  -3.9408377e-16  
4.5793407e-17  2.3677705e-16  -1.6939294e-16  1.4449796e-16  1.0000000   2.5469474e-16  -7.5269565e-17  -1.2385045e-15  6.9916671e-16  -3.9993409e-16  
-4.5774252e-16  2.5319071e-16  2.9556823e-17  4.8432860e-16  2.5469477e-16  1.0000000   -7.0484864e-16  5.3020280e-16  -2.4261400e-16  -3.6508276e-16  
-4.6949988e-16  -2.6051599e-17  3.7637673e-16  2.4834989e-16  -7.5269777e-17  -7.0484192e-16  1.0000000   -1.9740960e-16  -1.2250195e-16  -4.4656932e-16  
1.7048881e-16  -2.6916928e-16  7.2165728e-17  -1.0776643e-16  -1.2385093e-15  5.3020280e-16  -1.9740960e-16  1.0000000   5.5974603e-16  -2.9734541e-16  
-5.7240969e-16  4.3204962e-16  8.9816967e-17  1.1965362e-15  6.9916671e-16  -2.4262416e-16  -1.2250195e-16  5.5974606e-16  1.0000000   -2.2497873e-16  
-1.0773581e-16  1.3779895e-17  -2.7222010e-16  -3.9409394e-16  -3.9993409e-16  -3.6508276e-16  -4.4657271e-16  -2.9734583e-16  -2.2499228e-16  1.0000000   
