0.99976602  -2.2125469e-05  -1.7900683e-06  4.3791663e-06  4.4533948e-05  7.1330168e-05  7.6888837e-06  4.2241185e-05  3.3033025e-05  -1.6476453e-05  
-2.2125469e-05  0.99971803  -2.1709601e-05  1.9575870e-05  -1.6007134e-06  -1.5438435e-09  -2.0148503e-10  -1.1018019e-05  -4.9179784e-10  1.4890368e-10  
-1.7900683e-06  -2.1709601e-05  0.99978101  8.0741503e-05  -4.4998153e-11  -1.5999563e-06  -1.4296772e-10  1.6361209e-10  -1.1017837e-05  -8.6028601e-10  
4.3791663e-06  1.9575870e-05  8.0741503e-05  0.99968104  1.6374216e-10  1.8323890e-10  -1.5996349e-06  -3.0706433e-11  -7.4509593e-10  -1.1016748e-05  
4.4533948e-05  -1.6007134e-06  -4.4998153e-11  1.6374216e-10  0.99980801  -2.1708418e-05  1.9578072e-05  2.4514705e-06  1.4182406e-09  -6.8596665e-10  
7.1330168e-05  -1.5438435e-09  -1.5999563e-06  1.8323890e-10  -2.1708418e-05  0.99987100  8.0749327e-05  2.9605813e-09  2.4521000e-06  -9.7770396e-10  
7.6888837e-06  -2.0148503e-10  -1.4296772e-10  -1.5996349e-06  1.9578072e-05  8.0749327e-05  0.99977102  3.7283017e-10  4.5188583e-10  2.4493715e-06  
4.2241185e-05  -1.1018019e-05  1.6361209e-10  -3.0706433e-11  2.4514705e-06  2.9605813e-09  3.7283017e-10  0.99973002  -2.1708506e-05  1.9575506e-05  
3.3033025e-05  -4.9179784e-10  -1.1017837e-05  -7.4509593e-10  1.4182406e-09  2.4521000e-06  4.5188583e-10  -2.1708506e-05  0.99979301  8.0741936e-05  
-1.6476453e-05  1.4890368e-10  -8.6028601e-10  -1.1016748e-05  -6.8596665e-10  -9.7770396e-10  2.4493715e-06  1.9575506e-05  8.0741936e-05  0.99969303  
