1.0000000   -9.1516408e-17  2.1536991e-16  -2.1499051e-16  5.4289024e-17  2.2444885e-16  -1.0823895e-16  -1.3338785e-17  -6.7399551e-16  4.5783825e-17  
-9.1520203e-17  1.0000000   4.6953190e-16  -2.7382331e-16  -1.7324263e-16  5.4123372e-16  8.6736174e-17  -1.2423559e-16  -8.6736174e-18  1.7000290e-16  
2.1536687e-16  4.6952816e-16  1.0000000   1.8133281e-17  -3.3060035e-16  1.6394424e-16  -6.3143935e-16  5.6378513e-17  -1.8451723e-16  1.2143064e-16  
-2.1499051e-16  -2.7382415e-16  1.8140058e-17  1.0000000   -6.2623517e-16  -2.0816682e-16  -3.7555476e-16  -1.2316537e-16  -3.7470027e-16  -8.1734860e-17  
5.4288003e-17  -1.7324271e-16  -3.3060035e-16  -6.2623517e-16  1.0000000   1.9002458e-16  -3.6055948e-16  4.0150306e-16  1.5092094e-16  2.9663771e-16  
2.2445013e-16  5.4123372e-16  1.6394417e-16  -2.0816682e-16  1.9002084e-16  1.0000000   4.2853091e-17  -2.0816682e-16  2.1697185e-16  1.3250398e-31  
-1.0823895e-16  8.6736174e-17  -6.3143935e-16  -3.7555483e-16  -3.6056033e-16  4.2859867e-17  1.0000000   -2.3592239e-16  -1.6653345e-16  -3.9365081e-16  
-1.3335881e-17  -1.2422542e-16  5.6378513e-17  -1.2316537e-16  4.0150207e-16  -2.0816682e-16  -2.3592239e-16  1.0000000   2.0043292e-16  2.9753303e-17  
-6.7399441e-16  -8.6736174e-18  -1.8450706e-16  -3.7470027e-16  1.5092094e-16  2.1697086e-16  -1.6653345e-16  2.0042918e-16  1.0000000   4.0367557e-16  
4.5797377e-17  1.7000290e-16  1.2143064e-16  -8.1724697e-17  2.9663771e-16  1.2942249e-31  -3.9365180e-16  2.9752456e-17  4.0368235e-16  1.0000000   
