1.0000000   -4.7934247e-17  -1.3650002e-17  -2.9517404e-17  9.9784514e-18  6.0824231e-18  -9.2648464e-17  1.5398031e-16  3.7794108e-18  -2.6640880e-17  
-4.7937422e-17  1.0000000   -1.5523946e-17  6.3291239e-16  4.1826826e-16  1.3877788e-17  2.9143354e-16  -3.8083584e-16  2.1510571e-16  -4.3021142e-16  
-1.3648249e-17  -1.5523038e-17  1.0000000   1.8699777e-16  1.0061396e-16  -3.4501007e-16  -1.5265567e-16  -3.5128150e-17  -1.2930094e-16  3.3306691e-16  
-2.9514016e-17  6.3291234e-16  1.8699692e-16  1.0000000   -2.7755576e-17  -5.6898930e-16  3.2806264e-16  -2.2030988e-16  6.9388939e-17  8.5804774e-17  
9.9749349e-18  4.1826797e-16  1.0061396e-16  -2.7755576e-17  1.0000000   2.7764432e-16  1.9576207e-16  -3.7229994e-16  4.9960036e-16  -3.0531133e-16  
6.0840788e-18  1.3877788e-17  -3.4501036e-16  -5.6898930e-16  2.7764523e-16  1.0000000   3.6076827e-17  1.9081958e-16  -2.9250266e-16  1.1102230e-16  
-9.2648464e-17  2.9143354e-16  -1.5265567e-16  3.2806235e-16  1.9576202e-16  3.6075980e-17  1.0000000   -1.5612511e-16  -6.9388939e-17  3.1812001e-16  
1.5397619e-16  -3.8083656e-16  -3.5128150e-17  -2.2030988e-16  -3.7229943e-16  1.9081958e-16  -1.5612511e-16  1.0000000   -4.4573537e-16  3.6167513e-17  
3.7798917e-18  2.1510571e-16  -1.2930166e-16  6.9388939e-17  4.9960036e-16  -2.9250215e-16  -6.9388939e-17  -4.4573446e-16  1.0000000   -1.3045663e-16  
-2.6637492e-17  -4.3021142e-16  3.3306691e-16  8.5804051e-17  -3.0531133e-16  1.1102230e-16  3.1812051e-16  3.6167460e-17  -1.3045747e-16  1.0000000   
