1.0000000   7.5105429e-17  4.4576371e-16  4.9214210e-16  1.7853743e-16  5.1916567e-17  3.6933190e-16  -3.2804783e-16  4.3880918e-16  2.6203811e-17  
7.5100628e-17  1.0000000   -1.1781228e-16  -2.6306696e-16  -3.7539800e-17  -3.0946275e-16  2.8366537e-16  -2.4947775e-16  9.4981008e-17  -6.6157120e-18  
4.4576167e-16  -1.1781696e-16  1.0000000   -2.1885164e-16  1.7744428e-16  2.3686519e-16  -1.7765891e-16  4.6114463e-16  -4.6914043e-16  -3.0873438e-16  
4.9214497e-16  -2.6307326e-16  -2.1885199e-16  1.0000000   1.1198020e-17  -1.3489023e-16  5.3006617e-17  -2.4567441e-16  -1.4276181e-16  2.9747119e-16  
1.7854038e-16  -3.7540632e-17  1.7744428e-16  1.1198020e-17  1.0000000   1.5355180e-16  3.4421582e-16  -2.0897465e-16  5.2888431e-17  2.1526105e-16  
5.1918050e-17  -3.0946275e-16  2.3685805e-16  -1.3489023e-16  1.5355032e-16  1.0000000   3.5942079e-16  -1.1595854e-16  -2.5039070e-16  -9.2963720e-17  
3.6932263e-16  2.8366537e-16  -1.7765891e-16  5.3006855e-17  3.4421901e-16  3.5942121e-16  1.0000000   3.7505632e-16  -5.5679625e-17  -3.8736384e-16  
-3.2807944e-16  -2.4950148e-16  4.6114463e-16  -2.4567441e-16  -2.0897365e-16  -1.1595854e-16  3.7505633e-16  1.0000000   2.9750078e-16  -3.3602475e-16  
4.3882352e-16  9.4981008e-17  -4.6918106e-16  -1.4276181e-16  5.2888431e-17  -2.5039255e-16  -5.5679625e-17  2.9749751e-16  1.0000000   -6.1710035e-16  
2.6193647e-17  -6.6157122e-18  -3.0873438e-16  2.9747119e-16  2.1526105e-16  -9.2963719e-17  -3.8736172e-16  -3.3603491e-16  -6.1710056e-16  1.0000000   
