1.0000000   -6.0914031e-16  -7.3947469e-16  -1.1432521e-16  -2.7183639e-17  -3.5287629e-16  1.2006584e-16  3.0899368e-16  8.5712930e-17  -1.0950781e-16  
-6.0914873e-16  1.0000000   6.8106714e-16  4.0750538e-16  -5.8169950e-16  -4.4902707e-16  4.1739720e-18  4.9020624e-16  -5.8135639e-16  -1.1678173e-16  
-7.3945993e-16  6.8106892e-16  1.0000000   -1.0291510e-16  3.7456567e-16  9.6468647e-17  -4.9809333e-17  -3.9853308e-16  -5.3221161e-16  -4.1412896e-17  
-1.1432186e-16  4.0750502e-16  -1.0291439e-16  1.0000000   2.6880666e-16  4.6097043e-17  -1.5095613e-16  4.2119933e-16  1.4157363e-15  -1.9757043e-16  
-2.7186822e-17  -5.8169776e-16  3.7456566e-16  2.6880666e-16  1.0000000   5.0186209e-16  3.3545262e-17  -7.1574193e-16  -4.1294579e-17  -2.8399788e-17  
-3.5288087e-16  -4.4902707e-16  9.6471621e-17  4.6097043e-17  5.0185983e-16  1.0000000   4.6007927e-16  3.6659196e-17  1.5883622e-16  4.1266777e-16  
1.2006487e-16  4.1739719e-18  -4.9809333e-17  -1.5095421e-16  3.3545551e-17  4.6008193e-16  1.0000000   6.1635162e-17  -6.8829531e-18  -1.8886124e-16  
3.0900043e-16  4.9020554e-16  -3.9853308e-16  4.2119933e-16  -7.1576651e-16  3.6659197e-17  6.1635162e-17  1.0000000   2.0089843e-17  5.7169769e-16  
8.5709232e-17  -5.8135639e-16  -5.3221756e-16  1.4157363e-15  -4.1294579e-17  1.5884254e-16  -6.8829529e-18  2.0085577e-17  1.0000000   1.1273661e-15  
-1.0950738e-16  -1.1678173e-16  -4.1412896e-17  -1.9757128e-16  -2.8399788e-17  4.1266777e-16  -1.8886802e-16  5.7169769e-16  1.1273644e-15  1.0000000   
