1.0000000   -5.1751946e-17  -2.5767529e-17  -4.2139587e-16  5.3992971e-17  5.7639752e-17  -2.4757717e-16  1.2303586e-16  2.7873101e-16  -2.7010525e-16  
-5.1738808e-17  1.0000000   -2.7107887e-16  6.4225633e-16  2.8590148e-16  5.1461631e-16  -1.0247879e-16  -8.9063614e-17  3.0629616e-17  1.7051789e-16  
-2.5762573e-17  -2.7107613e-16  1.0000000   5.3797905e-16  -1.1520716e-16  -2.7881019e-16  5.6123449e-16  -8.5070242e-17  -4.5533224e-16  -5.3783287e-16  
-4.2142040e-16  6.4225837e-16  5.3797888e-16  1.0000000   -2.2594209e-16  1.4783063e-16  5.2575094e-16  -6.1652140e-16  4.3866112e-16  -2.0489049e-16  
5.3996112e-17  2.8589689e-16  -1.1520716e-16  -2.2594209e-16  1.0000000   -3.0464919e-16  6.7825588e-16  5.1739533e-16  4.5767041e-17  -4.7277302e-16  
5.7634416e-17  5.1461631e-16  -2.7881117e-16  1.4783063e-16  -3.0464855e-16  1.0000000   9.7694222e-17  -6.4061957e-17  -8.2799293e-16  -8.2433691e-17  
-2.4757327e-16  -1.0247879e-16  5.6123449e-16  5.2574584e-16  6.7826781e-16  9.7694182e-17  1.0000000   -1.8342462e-16  2.2895884e-16  4.7408858e-16  
1.2302817e-16  -8.9071651e-17  -8.5070242e-17  -6.1652140e-16  5.1739271e-16  -6.4061957e-17  -1.8342462e-16  1.0000000   1.9616644e-16  9.9189930e-16  
2.7874611e-16  3.0629618e-17  -4.5534095e-16  4.3866112e-16  4.5767042e-17  -8.2799536e-16  2.2895884e-16  1.9616088e-16  1.0000000   3.8094793e-16  
-2.7010187e-16  1.7051789e-16  -5.3783287e-16  -2.0489388e-16  -4.7277302e-16  -8.2433691e-17  4.7408349e-16  9.9188575e-16  3.8094793e-16  1.0000000   
