1.0000000   2.7123031e-16  -2.1974169e-16  3.2557236e-16  -8.1539697e-17  2.0683053e-16  7.9815915e-17  5.6182421e-17  2.8292461e-16  1.1839488e-16  
2.7122686e-16  1.0000000   3.0612974e-16  6.1517462e-17  -7.1927980e-18  7.4940054e-16  -6.6613381e-16  -2.6385516e-16  2.0816682e-16  8.3266727e-17  
-2.1974146e-16  3.0613552e-16  1.0000000   -4.4671078e-16  3.3653635e-16  3.4669079e-16  -2.7755576e-17  -1.1102230e-16  -1.2507728e-16  2.7755576e-17  
3.2557236e-16  6.1517462e-17  -4.4671247e-16  1.0000000   2.6367797e-16  -2.7755576e-16  7.0057438e-16  1.3877788e-17  1.6653345e-16  -1.3895507e-16  
-8.1540659e-17  -7.1970450e-18  3.3653635e-16  2.6367797e-16  1.0000000   2.7143527e-16  -1.4810371e-17  -2.4309579e-16  -2.2204460e-16  -2.9143354e-16  
2.0683227e-16  7.4940054e-16  3.4668654e-16  -2.7755576e-16  2.7144105e-16  1.0000000   3.3738423e-16  4.8572257e-17  5.1807197e-17  3.2612801e-16  
7.9812526e-17  -6.6613381e-16  -2.7755576e-17  7.0057013e-16  -1.4810371e-17  3.3738254e-16  1.0000000   -7.2036726e-32  -3.0531133e-16  3.4324074e-16  
5.6182538e-17  -2.6386287e-16  -1.1102230e-16  1.3877788e-17  -2.4309502e-16  4.8572257e-17  -7.2033201e-32  1.0000000   3.4776311e-16  -4.2420511e-16  
2.8293234e-16  2.0816682e-16  -1.2508499e-16  1.6653345e-16  -2.2204460e-16  5.1807967e-17  -3.0531133e-16  3.4776888e-16  1.0000000   -1.4139945e-16  
1.1839488e-16  8.3266727e-17  2.7755576e-17  -1.3896278e-16  -2.9143354e-16  3.2612801e-16  3.4324151e-16  -4.2420511e-16  -1.4140114e-16  1.0000000   
