1.0000000   -4.4681621e-17  -4.7906090e-16  1.0243782e-15  2.9509925e-17  2.0693459e-17  -3.0979876e-16  -3.5504931e-16  3.6072507e-17  -3.7012290e-16  
-4.4682191e-17  1.0000000   -3.3011756e-17  -5.3416762e-16  -5.4074765e-17  -2.4940818e-17  1.3290914e-16  5.2153879e-16  -1.2863311e-16  3.1252806e-16  
-4.7906485e-16  -3.3011755e-17  1.0000000   6.4327731e-16  -6.4353037e-18  2.0408829e-16  -1.8685219e-16  -3.6563047e-16  -2.9212532e-16  -4.4668068e-16  
1.0243826e-15  -5.3416551e-16  6.4326995e-16  1.0000000   -7.8486964e-16  7.0042086e-16  2.3039502e-16  7.7680982e-17  5.4748310e-17  -4.5909186e-17  
2.9509376e-17  -5.4075346e-17  -6.4353038e-18  -7.8486964e-16  1.0000000   1.9945561e-16  5.2875095e-16  -5.4827735e-16  8.7057613e-17  1.2692139e-16  
2.0692512e-17  -2.4940818e-17  2.0408684e-16  7.0042086e-16  1.9945559e-16  1.0000000   6.9209018e-16  -4.5888527e-17  -4.1561749e-16  5.0045338e-16  
-3.0979301e-16  1.3290915e-16  -1.8685219e-16  2.3039745e-16  5.2874794e-16  6.9209109e-16  1.0000000   -4.4407068e-16  4.0298133e-16  -1.1496363e-15  
-3.5507104e-16  5.2155810e-16  -3.6563047e-16  7.7680982e-17  -5.4827675e-16  -4.5888526e-17  -4.4407068e-16  1.0000000   -1.4855067e-17  -4.4135499e-17  
3.6058431e-17  -1.2863311e-16  -2.9212612e-16  5.4748310e-17  8.7057613e-17  -4.1562038e-16  4.0298133e-16  -1.4855079e-17  1.0000000   4.1415845e-16  
-3.7012629e-16  3.1252806e-16  -4.4668067e-16  -4.5895633e-17  1.2692139e-16  5.0045338e-16  -1.1496346e-15  -4.4135499e-17  4.1414490e-16  1.0000000   
