1.0000240   7.9224590e-05  2.2053098e-05  -3.0510774e-05  4.7787410e-05  -1.2149061e-05  -4.5196507e-06  2.4595089e-05  5.2704496e-05  1.5899887e-05  
7.9224590e-05  1.0000560   -1.0331190e-05  1.4510492e-05  -4.8600089e-07  -9.5742063e-10  -3.6516671e-10  3.9435967e-05  3.7679455e-09  1.8319021e-09  
2.2053098e-05  -1.0331190e-05  1.0000860   1.6829881e-05  1.0588958e-09  -4.9006935e-07  -1.0791283e-10  1.3493846e-10  3.9436364e-05  1.0142926e-09  
-3.0510774e-05  1.4510492e-05  1.6829881e-05  1.0000560   -1.4651037e-09  3.6242544e-10  -4.8964885e-07  -1.7812690e-10  -9.4435716e-10  3.9433534e-05  
4.7787410e-05  -4.8600089e-07  1.0588958e-09  -1.4651037e-09  0.99995399  -1.0332464e-05  1.4511213e-05  5.1111559e-06  2.4657528e-09  8.3395272e-10  
-1.2149061e-05  -9.5742063e-10  -4.9006935e-07  3.6242544e-10  -1.0332464e-05  0.99998399  1.6828892e-05  -3.5159823e-10  5.1094936e-06  -1.0716507e-10  
-4.5196507e-06  -3.6516671e-10  -1.0791283e-10  -4.8964885e-07  1.4511213e-05  1.6828892e-05  0.99995399  -3.7002010e-11  -1.5220121e-10  5.1099088e-06  
2.4595089e-05  3.9435967e-05  1.3493846e-10  -1.7812690e-10  5.1111559e-06  -3.5159823e-10  -3.7002010e-11  1.0000800   -1.0331889e-05  1.4513649e-05  
5.2704496e-05  3.7679455e-09  3.9436364e-05  -9.4435716e-10  2.4657528e-09  5.1094936e-06  -1.5220121e-10  -1.0331889e-05  1.0001100   1.6831796e-05  
1.5899887e-05  1.8319021e-09  1.0142926e-09  3.9433534e-05  8.3395272e-10  -1.0716507e-10  5.1099088e-06  1.4513649e-05  1.6831796e-05  1.0000800   
