1.0000000   6.5487551e-17  2.1494441e-17  -2.4000461e-16  8.0729104e-17  -9.3659444e-16  -4.6643138e-16  -3.8073536e-16  -1.8210038e-16  -5.7321176e-16  
6.5482903e-17  1.0000000   2.4501143e-16  -4.0548334e-16  1.5200310e-16  3.0504255e-16  2.9835266e-16  4.0154192e-18  2.7132746e-16  -1.0422557e-16  
2.1483117e-17  2.4500766e-16  1.0000000   -3.8811441e-16  5.7466032e-18  -6.7917482e-16  3.6236864e-16  5.2254314e-16  -4.9436077e-17  3.0808499e-17  
-2.4000333e-16  -4.0547099e-16  -3.8809637e-16  1.0000000   -2.3340064e-16  -5.9979840e-16  1.6428944e-17  4.9905603e-17  -9.9227746e-17  6.1539294e-16  
8.0728539e-17  1.5200762e-16  5.7466031e-18  -2.3340064e-16  1.0000000   2.0039694e-16  -6.8750349e-17  -7.1018009e-17  -3.7437810e-16  -1.9863517e-16  
-9.3660471e-16  3.0504255e-16  -6.7917593e-16  -5.9979840e-16  2.0039979e-16  1.0000000   1.1445660e-16  -1.0258299e-16  -1.1234367e-16  4.1984699e-16  
-4.6643215e-16  2.9835266e-16  3.6236864e-16  1.6426611e-17  -6.8750468e-17  1.1446377e-16  1.0000000   -3.1503956e-16  -3.6283851e-16  -8.2545055e-17  
-3.8073154e-16  4.0146932e-18  5.2254314e-16  4.9905603e-17  -7.1023603e-17  -1.0258299e-16  -3.1503956e-16  1.0000000   3.8529154e-16  6.9720637e-16  
-1.8210428e-16  2.7132746e-16  -4.9434737e-17  -9.9227746e-17  -3.7437810e-16  -1.1235081e-16  -3.6283851e-16  3.8529137e-16  1.0000000   2.8606674e-16  
-5.7321345e-16  -1.0422557e-16  3.0808499e-17  6.1539336e-16  -1.9863517e-16  4.1984699e-16  -8.2538279e-17  6.9720637e-16  2.8605319e-16  1.0000000   
