1.0000000   4.7765365e-17  -4.4913801e-16  4.0998012e-16  2.4557075e-16  -2.8946825e-16  1.5358795e-16  -1.7229627e-16  -2.5082733e-17  -1.5206613e-16  
4.7763083e-17  1.0000000   -1.5831490e-16  -3.5452722e-16  -7.9189338e-17  -8.3009269e-16  -3.3426413e-16  -5.7215312e-16  1.9501114e-16  8.1132824e-16  
-4.4913862e-16  -1.5831488e-16  1.0000000   -3.7701908e-16  3.9261187e-17  -1.6978455e-16  1.7171560e-16  1.6434989e-16  5.6354230e-16  -3.4127074e-16  
4.0998328e-16  -3.5452630e-16  -3.7701794e-16  1.0000000   -1.2136300e-15  -9.5472280e-16  -2.1397905e-16  6.9381317e-17  -2.2330580e-16  -6.6830053e-16  
2.4556490e-16  -7.9189145e-17  3.9261186e-17  -1.2136300e-15  1.0000000   9.1507711e-17  -6.8545251e-16  -2.4023581e-16  -1.9119493e-16  -2.4151127e-16  
-2.8946292e-16  -8.3009269e-16  -1.6978346e-16  -9.5472280e-16  9.1507753e-17  1.0000000   -2.5857028e-16  -2.0575445e-16  1.0590883e-16  5.8958154e-16  
1.5360100e-16  -3.3426413e-16  1.7171560e-16  -2.1398146e-16  -6.8544700e-16  -2.5856788e-16  1.0000000   1.1904224e-16  2.3624933e-16  -2.1990500e-16  
-1.7229280e-16  -5.7214503e-16  1.6434989e-16  6.9381318e-17  -2.4023843e-16  -2.0575445e-16  1.1904223e-16  1.0000000   -1.6356724e-16  2.6124529e-16  
-2.5082980e-17  1.9501114e-16  5.6354901e-16  -2.2330580e-16  -1.9119493e-16  1.0591407e-16  2.3624932e-16  -1.6356709e-16  1.0000000   -1.2848600e-16  
-1.5205597e-16  8.1132824e-16  -3.4127074e-16  -6.6829883e-16  -2.4151127e-16  5.8958154e-16  -2.1991516e-16  2.6127578e-16  -1.2848727e-16  1.0000000   
