1.0000000   -1.3925118e-16  9.4377587e-17  -7.3617328e-17  6.5799945e-17  -9.9792214e-17  -4.6285268e-17  -5.8706367e-17  4.3116016e-18  6.8067568e-18  
-1.3923745e-16  1.0000000   3.0414939e-16  1.8345209e-16  -4.2101100e-16  1.0408341e-16  1.6653345e-16  2.7245216e-16  3.0184188e-16  -1.1102230e-16  
9.4376398e-17  3.0414300e-16  1.0000000   4.0704338e-16  2.4980018e-16  -9.0673358e-16  2.2204460e-16  6.3837824e-16  -1.2653424e-16  -1.2490009e-16  
-7.3603775e-17  1.8345040e-16  4.0704338e-16  1.0000000   -1.3183898e-16  3.0531133e-16  2.0348945e-16  -4.3021142e-16  4.9960036e-16  1.2326594e-16  
6.5798707e-17  -4.2101328e-16  2.4980018e-16  -1.3183898e-16  1.0000000   -5.3545677e-16  -2.1633221e-18  8.8770796e-17  -1.5080031e-31  -1.9428903e-16  
-9.9791437e-17  1.0408341e-16  -9.0673586e-16  3.0531133e-16  -5.3546316e-16  1.0000000   2.5404212e-17  3.3306691e-16  3.8020434e-16  2.2204460e-16  
-4.6288657e-17  1.6653345e-16  2.2204460e-16  2.0348717e-16  -2.1650162e-18  2.5404212e-17  1.0000000   2.2204460e-16  -1.9428903e-16  2.1367089e-16  
-5.8702304e-17  2.7245788e-16  6.3837824e-16  -4.3021142e-16  8.8776066e-17  3.3306691e-16  2.2204460e-16  1.0000000   -2.0238986e-16  -1.4094120e-16  
4.3128568e-18  3.0184188e-16  -1.2652852e-16  4.9960036e-16  -1.5025197e-31  3.8020961e-16  -1.9428903e-16  -2.0239625e-16  1.0000000   -1.9664039e-16  
6.8033686e-18  -1.1102230e-16  -1.2490009e-16  1.2327166e-16  -1.9428903e-16  2.2204460e-16  2.1367616e-16  -1.4094289e-16  -1.9664039e-16  1.0000000   
