1.0000000   -5.6398037e-16  2.8072439e-16  -3.6932746e-17  6.7753304e-16  -7.2520379e-17  4.3925842e-16  2.3256238e-16  9.8986030e-16  3.9826812e-16  
-5.6397809e-16  1.0000000   2.9642343e-16  -6.0486690e-16  4.2134764e-17  5.3036164e-16  2.0321970e-16  3.4148959e-16  -2.8450315e-16  -1.0612697e-16  
2.8072380e-16  2.9642016e-16  1.0000000   2.1039671e-16  2.3521306e-16  4.9412894e-17  1.4271623e-16  -8.8962815e-17  1.0094835e-15  1.1339896e-17  
-3.6933701e-17  -6.0488775e-16  2.1039653e-16  1.0000000   3.8734666e-16  9.6005742e-16  -1.4992137e-16  -3.8673805e-18  2.6830390e-17  5.2122342e-16  
6.7754147e-16  4.2133471e-17  2.3521306e-16  3.8734666e-16  1.0000000   2.1035600e-16  4.8295692e-17  -3.1888316e-16  3.4812259e-16  1.2529359e-17  
-7.2516610e-17  5.3036164e-16  4.9412922e-17  9.6005742e-16  2.1035124e-16  1.0000000   -2.5395118e-16  9.9772742e-17  2.3002732e-16  -1.0497361e-16  
4.3925286e-16  2.0321970e-16  1.4271623e-16  -1.4991783e-16  4.8296763e-17  -2.5395254e-16  1.0000000   4.3339909e-16  -6.4539684e-16  7.1524817e-16  
2.3257406e-16  3.4149353e-16  -8.8962815e-17  -3.8673805e-18  -3.1886692e-16  9.9772742e-17  4.3339909e-16  1.0000000   -6.6682704e-16  -1.2900989e-16  
9.8986410e-16  -2.8450315e-16  1.0094939e-15  2.6830389e-17  3.4812259e-16  2.3002477e-16  -6.4539684e-16  -6.6681741e-16  1.0000000   2.2534888e-16  
3.9829522e-16  -1.0612697e-16  1.1339897e-17  5.2124036e-16  1.2529360e-17  -1.0497361e-16  7.1525495e-16  -1.2901328e-16  2.2534676e-16  1.0000000   
