1.0000000   6.3380463e-16  3.9377368e-17  5.0555050e-16  -9.6480298e-17  -4.6727163e-16  2.9906115e-16  -4.2239299e-17  4.9094718e-16  1.1666015e-15  
6.3380489e-16  1.0000000   -6.7458067e-16  -9.6827530e-17  -3.3256342e-16  -4.9862365e-16  9.5787704e-17  3.3639651e-16  4.6452521e-16  -3.0623090e-16  
3.9377765e-17  -6.7457980e-16  1.0000000   -4.4060812e-17  6.1322132e-17  3.9034769e-16  -1.1678681e-16  -5.6823957e-16  -1.0030187e-15  6.2286713e-16  
5.0555036e-16  -9.6805025e-17  -4.4056555e-17  1.0000000   3.4906520e-16  7.6027639e-17  -8.3356872e-17  -7.1474849e-17  -2.4233536e-18  9.7713721e-18  
-9.6482666e-17  -3.3256798e-16  6.1322132e-17  3.4906520e-16  1.0000000   1.5034336e-15  5.1557154e-16  3.1402949e-16  -1.2195965e-16  1.8665495e-16  
-4.6726498e-16  -4.9862365e-16  3.9034941e-16  7.6027639e-17  1.5034405e-15  1.0000000   3.8572981e-16  -2.0465628e-16  2.0025162e-16  -8.2613867e-17  
2.9905353e-16  9.5787703e-17  -1.1678681e-16  -8.3359463e-17  5.1555624e-16  3.8572850e-16  1.0000000   2.5585799e-16  4.6876911e-17  4.8590045e-17  
-4.2247356e-17  3.3641378e-16  -5.6823957e-16  -7.1474850e-17  3.1403036e-16  -2.0465628e-16  2.5585799e-16  1.0000000   -4.2597964e-16  -7.2031682e-17  
4.9090371e-16  4.6452521e-16  -1.0030060e-15  -2.4233534e-18  -1.2195965e-16  2.0025201e-16  4.6876911e-17  -4.2596723e-16  1.0000000   6.1253357e-16  
1.1666015e-15  -3.0623090e-16  6.2286713e-16  9.7645958e-18  1.8665495e-16  -8.2613867e-17  4.8590469e-17  -7.2038458e-17  6.1252341e-16  1.0000000   
