1.0000000   1.0219247e-15  3.2021851e-16  -4.1172574e-16  2.8073028e-16  5.2074705e-16  2.6881697e-16  -2.8077170e-17  1.6441855e-16  -5.6551138e-16  
1.0219208e-15  1.0000000   2.0134612e-16  -3.2097465e-16  -3.7938681e-16  -1.8386287e-16  1.3000341e-16  5.2825132e-16  1.5510966e-16  -8.3894164e-17  
3.2023564e-16  2.0136086e-16  1.0000000   -4.2276640e-16  3.0110797e-17  9.3019961e-17  -1.0011639e-16  -1.7809975e-16  1.9842565e-16  -7.3874780e-17  
-4.1172561e-16  -3.2097485e-16  -4.2276530e-16  1.0000000   7.3676046e-16  1.5716969e-16  -1.7089257e-16  4.0024878e-16  2.1914383e-16  2.6373218e-17  
2.8071490e-16  -3.7941128e-16  3.0110797e-17  7.3676046e-16  1.0000000   1.3991037e-16  2.1883341e-16  -3.9973954e-16  2.3025412e-16  8.5144780e-16  
5.2075398e-16  -1.8386287e-16  9.3033149e-17  1.5716969e-16  1.3991301e-16  1.0000000   -8.1240902e-17  1.2772066e-16  -1.4689052e-16  -8.2187631e-16  
2.6881062e-16  1.3000341e-16  -1.0011639e-16  -1.7088952e-16  2.1883329e-16  -8.1243627e-17  1.0000000   -4.5328951e-16  1.8105905e-16  -2.5041851e-16  
-2.8080188e-17  5.2824524e-16  -1.7809974e-16  4.0024878e-16  -3.9973345e-16  1.2772066e-16  -4.5328951e-16  1.0000000   2.8541959e-16  1.9150515e-16  
1.6438493e-16  1.5510966e-16  1.9840917e-16  2.1914383e-16  2.3025412e-16  -1.4688231e-16  1.8105905e-16  2.8543019e-16  1.0000000   6.4035691e-17  
-5.6551477e-16  -8.3894165e-17  -7.3874779e-17  2.6379994e-17  8.5144780e-16  -8.2187631e-16  -2.5040835e-16  1.9150494e-16  6.4030609e-17  1.0000000   
