1.0002480   2.5584566e-05  -8.9730153e-06  -5.7659758e-05  2.8205394e-05  -5.4589102e-06  -0.00011980278  -1.6254694e-05  -5.9855809e-05  7.1251636e-05  
2.5584566e-05  1.0001200   3.7906307e-05  -8.5971625e-05  3.9701348e-06  1.0819438e-11  -3.4055524e-09  2.1842419e-05  -7.0311832e-10  -5.5116292e-11  
-8.9730153e-06  3.7906307e-05  1.0001690   -2.7821621e-05  -1.0257602e-10  3.9696568e-06  9.6430134e-10  9.7370432e-10  2.1844442e-05  -1.2468249e-09  
-5.7659758e-05  -8.5971625e-05  -2.7821621e-05  1.0002180   -1.9671231e-09  2.0425708e-10  3.9767084e-06  -9.4059713e-10  2.8427742e-09  2.1840868e-05  
2.8205394e-05  3.9701348e-06  -1.0257602e-10  -1.9671231e-09  1.0001000   3.7905624e-05  -8.5971809e-05  -3.4134331e-05  -2.9815797e-09  4.9433242e-09  
-5.4589102e-06  1.0819438e-11  3.9696568e-06  2.0425708e-10  3.7905624e-05  1.0001490   -2.7820928e-05  -1.2050307e-09  -3.4135218e-05  5.6070353e-10  
-0.00011980278  -3.4055524e-09  9.6430134e-10  3.9767084e-06  -8.5971809e-05  -2.7820928e-05  1.0001980   4.8810168e-09  8.1186778e-09  -3.4145751e-05  
-1.6254694e-05  2.1842419e-05  9.7370432e-10  -9.4059713e-10  -3.4134331e-05  -1.2050307e-09  4.8810168e-09  1.0001960   3.7910390e-05  -8.5977842e-05  
-5.9855809e-05  -7.0311832e-10  2.1844442e-05  2.8427742e-09  -2.9815797e-09  -3.4135218e-05  8.1186778e-09  3.7910390e-05  1.0002450   -2.7828516e-05  
7.1251636e-05  -5.5116292e-11  -1.2468249e-09  2.1840868e-05  4.9433242e-09  5.6070353e-10  -3.4145751e-05  -8.5977842e-05  -2.7828516e-05  1.0002940   
