1.0000000   5.9263691e-16  3.6599486e-16  1.9880343e-16  -1.5645804e-16  2.2775314e-16  8.9092879e-16  -4.1394196e-16  -7.4614812e-16  1.5766671e-16  
5.9263808e-16  1.0000000   5.5007505e-17  1.9982057e-16  -2.3200499e-16  -4.9786676e-16  4.0903098e-17  -7.6998768e-17  5.6295195e-16  5.0835907e-16  
3.6599395e-16  5.5007550e-17  1.0000000   5.0823649e-17  1.1648625e-16  -1.6461631e-16  1.8529504e-16  5.1802056e-16  1.3605048e-16  -1.4025478e-16  
1.9880278e-16  1.9981317e-16  5.0824242e-17  1.0000000   3.9951929e-16  1.5401714e-16  4.6044523e-16  -4.1609746e-18  2.1098937e-16  4.3518605e-16  
-1.5644662e-16  -2.3201176e-16  1.1648625e-16  3.9951929e-16  1.0000000   6.6094567e-16  2.3271548e-16  8.4843623e-17  -6.7000711e-16  -4.2254351e-16  
2.2775073e-16  -4.9786676e-16  -1.6461583e-16  1.5401714e-16  6.6094619e-16  1.0000000   1.2299804e-17  -8.5504550e-17  2.7417073e-17  -4.0856860e-16  
8.9093156e-16  4.0903098e-17  1.8529504e-16  4.6044356e-16  2.3271352e-16  1.2289351e-17  1.0000000   -3.1652361e-16  1.2870089e-16  -2.1582061e-16  
-4.1394220e-16  -7.6998520e-17  5.1802056e-16  -4.1609749e-18  8.4843855e-17  -8.5504550e-17  -3.1652361e-16  1.0000000   -2.2298449e-16  9.4276461e-16  
-7.4614000e-16  5.6295195e-16  1.3604485e-16  2.1098937e-16  -6.7000711e-16  2.7428771e-17  1.2870089e-16  -2.2298284e-16  1.0000000   7.2194651e-16  
1.5766587e-16  5.0835907e-16  -1.4025478e-16  4.3518520e-16  -4.2254351e-16  -4.0856860e-16  -2.1582399e-16  9.4277478e-16  7.2194990e-16  1.0000000   
