1.0004000   -2.4020581e-05  -1.1135734e-05  4.2277232e-06  -6.8783210e-05  -2.5248367e-05  -3.9882244e-05  8.9640434e-06  3.1253047e-05  2.9021315e-05  
-2.4020581e-05  1.0002630   -1.9547292e-05  1.4250846e-05  5.3891077e-05  -4.4689183e-10  1.7253850e-09  -4.3791633e-05  1.0537411e-10  -1.3207352e-09  
-1.1135734e-05  -1.9547292e-05  1.0002800   -1.3315507e-05  -2.8748455e-10  5.3890623e-05  -2.7343337e-10  7.5600898e-10  -4.3792510e-05  2.5990515e-10  
4.2277232e-06  1.4250846e-05  -1.3315507e-05  1.0001930   4.7709334e-10  -8.2407423e-10  5.3885485e-05  -5.8602276e-10  7.1502594e-10  -4.3788230e-05  
-6.8783210e-05  5.3891077e-05  -2.8748455e-10  4.7709334e-10  1.0003130   -1.9546801e-05  1.4254402e-05  9.9202287e-06  -2.3427026e-09  -1.8540367e-09  
-2.5248367e-05  -4.4689183e-10  5.3890623e-05  -8.2407423e-10  -1.9546801e-05  1.0003300   -1.3315119e-05  -4.2011427e-10  9.9202250e-06  -8.6451368e-10  
-3.9882244e-05  1.7253850e-09  -2.7343337e-10  5.3885485e-05  1.4254402e-05  -1.3315119e-05  1.0002430   -2.1601893e-10  -1.3780091e-09  9.9189936e-06  
8.9640434e-06  -4.3791633e-05  7.5600898e-10  -5.8602276e-10  9.9202287e-06  -4.2011427e-10  -2.1601893e-10  1.0004030   -1.9550016e-05  1.4253202e-05  
3.1253047e-05  1.0537411e-10  -4.3792510e-05  7.1502594e-10  -2.3427026e-09  9.9202250e-06  -1.3780091e-09  -1.9550016e-05  1.0004201   -1.3316417e-05  
2.9021315e-05  -1.3207352e-09  2.5990515e-10  -4.3788230e-05  -1.8540367e-09  -8.6451368e-10  9.9189936e-06  1.4253202e-05  -1.3316417e-05  1.0003330   
