1.0000000   -1.4721610e-16  1.5214875e-16  -1.7162810e-16  5.0517715e-16  -5.6310351e-18  -7.3821431e-18  3.6119075e-16  9.6151170e-17  -5.3754066e-16  
-1.4721742e-16  1.0000000   3.1836045e-16  2.8082758e-16  -4.2542505e-16  3.9264794e-16  -1.8648081e-16  3.7200513e-16  2.4576074e-16  -5.0499574e-16  
1.5215238e-16  3.1835885e-16  1.0000000   9.7051456e-17  2.0052462e-16  -1.4076589e-16  -3.0040183e-16  5.3000000e-16  -4.4858622e-16  -5.2379320e-16  
-1.7163124e-16  2.8084926e-16  9.7037999e-17  1.0000000   1.4383306e-16  -3.5893790e-16  1.5405767e-16  1.0022837e-16  -4.7253928e-16  3.7415478e-16  
5.0518210e-16  -4.2542356e-16  2.0052462e-16  1.4383306e-16  1.0000000   6.3460560e-16  -5.0120007e-16  -3.4152029e-16  -4.0183648e-16  5.5589748e-16  
-5.6233991e-18  3.9264794e-16  -1.4076064e-16  -3.5893790e-16  6.3460749e-16  1.0000000   3.9195278e-16  -9.9730944e-17  -2.3245393e-16  7.1187356e-16  
-7.3975692e-18  -1.8648081e-16  -3.0040183e-16  1.5406062e-16  -5.0118366e-16  3.9196702e-16  1.0000000   7.8384799e-17  4.2936711e-16  -4.5011331e-16  
3.6119137e-16  3.7200372e-16  5.3000000e-16  1.0022838e-16  -3.4153003e-16  -9.9730944e-17  7.8384800e-17  1.0000000   -6.2318485e-16  7.3650531e-16  
9.6152046e-17  2.4576074e-16  -4.4858036e-16  -4.7253928e-16  -4.0183648e-16  -2.3244675e-16  4.2936711e-16  -6.2318570e-16  1.0000000   8.2717849e-16  
-5.3751356e-16  -5.0499574e-16  -5.2379320e-16  3.7415817e-16  5.5589748e-16  7.1187356e-16  -4.5010992e-16  7.3649854e-16  8.2717172e-16  1.0000000   
