1.0000000   -1.0088613e-16  5.9795246e-16  1.4813251e-16  -1.2812105e-16  3.9101024e-16  -4.2192405e-17  2.4398990e-17  -5.8917082e-18  -5.8833214e-17  
-1.0088646e-16  1.0000000   5.7680439e-17  -2.8710351e-16  -3.4610891e-16  -3.2265857e-16  1.2923690e-16  -3.7393056e-16  -1.0625181e-17  -2.4719810e-16  
5.9794637e-16  5.7686007e-17  1.0000000   -1.4327732e-16  -5.2735594e-16  1.5696090e-16  -3.0357661e-17  -9.7144515e-17  -7.2607943e-16  -8.8470897e-17  
1.4813759e-16  -2.8710351e-16  -1.4328409e-16  1.0000000   3.4694470e-16  -1.8735014e-16  3.5471937e-16  -1.6653345e-16  7.1557343e-17  -2.3516418e-17  
-1.2812844e-16  -3.4611353e-16  -5.2735594e-16  3.4694470e-16  1.0000000   -2.2247740e-16  -1.6486649e-17  -3.1467407e-16  -4.7878368e-16  1.9081958e-16  
3.9100381e-16  -3.2265857e-16  1.5695628e-16  -1.8735014e-16  -2.2247183e-16  1.0000000   6.6624223e-17  1.3877788e-17  -1.1097459e-17  1.9428903e-16  
-4.2199181e-17  1.2923690e-16  -3.0357661e-17  3.5471475e-16  -1.6486649e-17  6.6617447e-17  1.0000000   -5.5511151e-17  1.2143064e-16  -3.6107792e-16  
2.4405086e-17  -3.7393354e-16  -9.7144515e-17  -1.6653345e-16  -3.1467405e-16  1.3877788e-17  -5.5511151e-17  1.0000000   -2.0513017e-16  1.2055651e-16  
-5.8914334e-18  -1.0625181e-17  -7.2608240e-16  7.1557343e-17  -4.7878368e-16  -1.1097439e-17  1.2143064e-16  -2.0512460e-16  1.0000000   -1.9553586e-16  
-5.8830673e-17  -2.4719810e-16  -8.8470897e-17  -2.3519393e-17  1.9081958e-16  1.9428903e-16  -3.6107790e-16  1.2055651e-16  -1.9554264e-16  1.0000000   
