1.0000000   7.9721967e-17  3.1088676e-17  -1.0675495e-16  -3.7094239e-17  -7.4481617e-18  -8.6261835e-18  2.2853377e-17  8.0507887e-18  -7.6554838e-18  
7.9720473e-17  1.0000000   -3.1631824e-16  -1.2443930e-16  3.5102624e-16  1.7347235e-17  3.6082248e-16  1.7320413e-17  1.9428903e-16  1.1449175e-16  
3.1088520e-17  -3.1632112e-16  1.0000000   1.6736016e-16  -5.2041704e-17  3.2847483e-16  -2.0816682e-17  -4.7878368e-16  -2.3074504e-16  -2.0513105e-16  
-1.0676003e-16  -1.2444269e-16  1.6735338e-16  1.0000000   -2.0816682e-16  -1.6306401e-16  6.5633757e-16  2.2204460e-16  -6.9388939e-18  -1.0435163e-17  
-3.7096979e-17  3.5102623e-16  -5.2041704e-17  -2.0816682e-16  1.0000000   -3.9438079e-16  3.5155255e-17  3.8138656e-16  1.3530843e-16  -4.1286419e-16  
-7.4378998e-18  1.7347235e-17  3.2847483e-16  -1.6306401e-16  -3.9438368e-16  1.0000000   1.7603378e-16  -2.3245295e-16  3.6664141e-16  -3.1485231e-16  
-8.6126310e-18  3.6082248e-16  -2.0816682e-17  6.5633757e-16  3.5151867e-17  1.7602700e-16  1.0000000   4.8572257e-17  -2.0122792e-16  2.3220034e-16  
2.2856659e-17  1.7323424e-17  -4.7878368e-16  2.2204460e-16  3.8138453e-16  -2.3245295e-16  4.8572257e-17  1.0000000   1.1389319e-16  -2.0250186e-16  
8.0516629e-18  1.9428903e-16  -2.3074203e-16  -6.9388939e-18  1.3530843e-16  3.6663938e-16  -2.0122792e-16  1.1389030e-16  1.0000000   5.3165209e-16  
-7.6554838e-18  1.1449175e-16  -2.0513105e-16  -1.0432152e-17  -4.1286419e-16  -3.1485231e-16  2.3219831e-16  -2.0250525e-16  5.3164531e-16  1.0000000   
