1.0001380   -1.9236380e-05  5.2715371e-06  2.9616410e-05  5.3070522e-05  3.0958786e-05  -5.6510209e-05  -3.3577891e-05  4.7788951e-05  -1.4420884e-05  
-1.9236380e-05  1.0001180   9.7586059e-05  1.1126980e-06  -3.6600361e-05  -4.1666206e-09  1.0461618e-09  3.7687624e-05  2.7581340e-09  3.1931809e-10  
5.2715371e-06  9.7586059e-05  1.0001650   -3.3953163e-05  -3.2914431e-09  -3.6600897e-05  9.4466791e-10  3.5003109e-09  3.7689001e-05  -1.3554568e-09  
2.9616410e-05  1.1126980e-06  -3.3953163e-05  1.0001080   1.5308015e-09  2.1592841e-09  -3.6600647e-05  -9.5236866e-10  1.3569489e-10  3.7686174e-05  
5.3070522e-05  -3.6600361e-05  -3.2914431e-09  1.5308015e-09  0.99994098  9.7570533e-05  1.1100720e-06  -1.3593093e-05  1.2096673e-09  -7.8034727e-10  
3.0958786e-05  -4.1666206e-09  -3.6600897e-05  2.1592841e-09  9.7570533e-05  0.99998798  -3.3949059e-05  -2.3655547e-09  -1.3590470e-05  1.5024197e-11  
-5.6510209e-05  1.0461618e-09  9.4466791e-10  -3.6600647e-05  1.1100720e-06  -3.3949059e-05  0.99993098  1.8821029e-09  -2.2387754e-09  -1.3590360e-05  
-3.3577891e-05  3.7687624e-05  3.5003109e-09  -9.5236866e-10  -1.3593093e-05  -2.3655547e-09  1.8821029e-09  1.0001450   9.7587191e-05  1.1137818e-06  
4.7788951e-05  2.7581340e-09  3.7689001e-05  1.3569489e-10  1.2096673e-09  -1.3590470e-05  -2.2387754e-09  9.7587191e-05  1.0001920   -3.3954924e-05  
-1.4420884e-05  3.1931809e-10  -1.3554568e-09  3.7686174e-05  -7.8034727e-10  1.5024197e-11  -1.3590360e-05  1.1137818e-06  -3.3954924e-05  1.0001350   
