1.0002800   3.6228094e-05  -3.1213741e-06  -2.3825144e-05  4.7644278e-05  1.7751489e-05  4.4410721e-05  1.7489986e-05  -2.9414958e-05  -7.5176124e-06  
3.6228094e-05  1.0001300   2.7845515e-05  3.8288205e-06  1.0445016e-06  6.7195557e-10  1.6124584e-09  2.5072749e-05  -3.6729148e-10  -1.7626674e-10  
-3.1213741e-06  2.7845515e-05  1.0002100   1.1681443e-05  -1.1964101e-10  1.0428040e-06  -1.2640420e-10  6.4348056e-10  2.5074213e-05  3.1629729e-10  
-2.3825144e-05  3.8288205e-06  1.1681443e-05  1.0001600   -1.1308211e-09  -4.1063393e-10  1.0417495e-06  -3.2057901e-10  9.9345801e-10  2.5073047e-05  
4.7644278e-05  1.0445016e-06  -1.1964101e-10  -1.1308211e-09  1.0001800   2.7847866e-05  3.8319903e-06  0.00010617466  1.5550305e-09  4.8488340e-11  
1.7751489e-05  6.7195557e-10  1.0428040e-06  -4.1063393e-10  2.7847866e-05  1.0002600   1.1682741e-05  3.2664790e-09  0.00010618180  1.1066830e-09  
4.4410721e-05  1.6124584e-09  -1.2640420e-10  1.0417495e-06  3.8319903e-06  1.1682741e-05  1.0002100   1.1830848e-09  -6.5879361e-11  0.00010617668  
1.7489986e-05  2.5072749e-05  6.4348056e-10  -3.2057901e-10  0.00010617466  3.2664790e-09  1.1830848e-09  1.0001500   2.7845671e-05  3.8296286e-06  
-2.9414958e-05  -3.6729148e-10  2.5074213e-05  9.9345801e-10  1.5550305e-09  0.00010618180  -6.5879361e-11  2.7845671e-05  1.0002300   1.1681824e-05  
-7.5176124e-06  -1.7626674e-10  3.1629729e-10  2.5073047e-05  4.8488340e-11  1.1066830e-09  0.00010617668  3.8296286e-06  1.1681824e-05  1.0001800   
