1.0002960   2.3167823e-05  -3.2956019e-05  -5.1911643e-05  -8.5902250e-05  -1.9643080e-05  4.1101943e-05  1.3646035e-05  -2.7108020e-05  3.2396027e-06  
2.3167823e-05  1.0002960   4.4797462e-05  -1.6729794e-05  -3.6601199e-05  -2.0940471e-09  1.5640328e-09  1.0304123e-05  -1.6639228e-10  -9.7284843e-11  
-3.2956019e-05  4.4797462e-05  1.0002660   6.9604535e-05  1.1910640e-09  -3.6597464e-05  -3.9008100e-09  1.1869784e-11  1.0304391e-05  6.1022903e-10  
-5.1911643e-05  -1.6729794e-05  6.9604535e-05  1.0001810   5.0700793e-09  -1.5272517e-09  -3.6597134e-05  -8.8049562e-10  2.1237673e-09  1.0302454e-05  
-8.5902250e-05  -3.6601199e-05  1.1910640e-09  5.0700793e-09  1.0003460   4.4802152e-05  -1.6732958e-05  -2.0158562e-05  1.4252027e-09  5.8898150e-11  
-1.9643080e-05  -2.0940471e-09  -3.6597464e-05  -1.5272517e-09  4.4802152e-05  1.0003160   6.9605498e-05  -1.1707189e-09  -2.0156253e-05  -1.4662130e-09  
4.1101943e-05  1.5640328e-09  -3.9008100e-09  -3.6597134e-05  -1.6732958e-05  6.9605498e-05  1.0002310   8.9781751e-10  -2.5164586e-09  -2.0154939e-05  
1.3646035e-05  1.0304123e-05  1.1869784e-11  -8.8049562e-10  -2.0158562e-05  -1.1707189e-09  8.9781751e-10  1.0003981   4.4802425e-05  -1.6730254e-05  
-2.7108020e-05  -1.6639228e-10  1.0304391e-05  2.1237673e-09  1.4252027e-09  -2.0156253e-05  -2.5164586e-09  4.4802425e-05  1.0003680   6.9609837e-05  
3.2396027e-06  -9.7284843e-11  6.1022903e-10  1.0302454e-05  5.8898150e-11  -1.4662130e-09  -2.0154939e-05  -1.6730254e-05  6.9609837e-05  1.0002830   
