1.0002000   9.8816826e-05  1.2448483e-06  -2.5910882e-05  2.3972942e-05  4.4697694e-05  1.7039984e-05  -6.1482435e-05  2.8962190e-05  5.0824094e-05  
9.8816826e-05  1.0001730   4.1708633e-05  3.1778753e-05  6.6031387e-05  7.1694967e-09  3.7816264e-09  5.7377257e-05  5.2543387e-09  6.8446736e-09  
1.2448483e-06  4.1708633e-05  1.0001450   3.9115197e-05  2.7833324e-09  6.6027226e-05  2.6035015e-09  2.3164383e-09  5.7381761e-05  2.3074296e-09  
-2.5910882e-05  3.1778753e-05  3.9115197e-05  1.0002300   1.4770901e-09  1.4243685e-09  6.6032342e-05  3.4161477e-09  1.4938882e-09  5.7385286e-05  
2.3972942e-05  6.6031387e-05  2.7833324e-09  1.4770901e-09  1.0001730   4.1709581e-05  3.1781721e-05  -3.0350507e-05  -5.7142396e-10  2.5379413e-10  
4.4697694e-05  7.1694967e-09  6.6027226e-05  1.4243685e-09  4.1709581e-05  1.0001450   3.9115991e-05  -4.0131676e-09  -3.0346890e-05  1.0843615e-09  
1.7039984e-05  3.7816264e-09  2.6035015e-09  6.6032342e-05  3.1781721e-05  3.9115991e-05  1.0002300   -2.0118155e-09  -6.9348752e-10  -3.0349898e-05  
-6.1482435e-05  5.7377257e-05  2.3164383e-09  3.4161477e-09  -3.0350507e-05  -4.0131676e-09  -2.0118155e-09  1.0001030   4.1703810e-05  3.1775964e-05  
2.8962190e-05  5.2543387e-09  5.7381761e-05  1.4938882e-09  -5.7142396e-10  -3.0346890e-05  -6.9348752e-10  4.1703810e-05  1.0000750   3.9113963e-05  
5.0824094e-05  6.8446736e-09  2.3074296e-09  5.7385286e-05  2.5379413e-10  1.0843615e-09  -3.0349898e-05  3.1775964e-05  3.9113963e-05  1.0001600   
