1.0000000   -5.5658255e-16  -2.2126121e-16  5.1320001e-16  -4.9096418e-16  -2.9542697e-16  -5.6293250e-17  2.2257370e-16  -2.5292440e-18  -4.4094502e-16  
-5.5658156e-16  1.0000000   4.9583913e-16  -5.0613562e-16  -2.8906567e-16  -9.4524436e-16  -3.2778659e-16  -3.4829214e-16  -3.7495167e-16  -2.1239343e-16  
-2.2126211e-16  4.9584214e-16  1.0000000   3.6193761e-16  3.4727163e-16  -1.2056279e-16  -7.7026283e-17  2.3287685e-16  -3.3388520e-16  -5.5695921e-17  
5.1319973e-16  -5.0613257e-16  3.6193610e-16  1.0000000   -5.7202421e-16  -4.1135425e-16  -2.7243730e-16  -9.6926854e-16  1.3997378e-16  -3.6666362e-17  
-4.9095890e-16  -2.8906559e-16  3.4727163e-16  -5.7202421e-16  1.0000000   2.8259154e-16  -7.0845012e-16  5.7933950e-16  -3.9606181e-16  3.9081316e-16  
-2.9542279e-16  -9.4524436e-16  -1.2056396e-16  -4.1135425e-16  2.8259462e-16  1.0000000   3.0810793e-17  1.7788131e-16  8.0549281e-17  1.5249101e-16  
-5.6292118e-17  -3.2778659e-16  -7.7026283e-17  -2.7243758e-16  -7.0845046e-16  3.0804502e-17  1.0000000   -4.2351344e-17  -2.1558961e-17  6.5675547e-17  
2.2257711e-16  -3.4829172e-16  2.3287685e-16  -9.6926854e-16  5.7932919e-16  1.7788131e-16  -4.2351344e-17  1.0000000   -4.9760967e-16  1.2651284e-16  
-2.5292905e-18  -3.7495167e-16  -3.3388353e-16  1.3997378e-16  -3.9606181e-16  8.0538261e-17  -2.1558961e-17  -4.9761146e-16  1.0000000   -2.6826889e-16  
-4.4094502e-16  -2.1239344e-16  -5.5695921e-17  -3.6661280e-17  3.9081316e-16  1.5249101e-16  6.5675547e-17  1.2650606e-16  -2.6827228e-16  1.0000000   
