1.0000000   6.7572120e-16  4.1399362e-16  5.7339931e-17  3.8500399e-16  -2.8438080e-16  -1.2035345e-16  3.0612298e-16  -5.4858268e-16  2.3002027e-17  
6.7572107e-16  1.0000000   -5.0487717e-16  4.0008095e-17  -7.4328657e-16  1.3480627e-15  -2.9948370e-17  -1.7838186e-16  3.8702207e-16  -5.4478621e-16  
4.1397866e-16  -5.0488313e-16  1.0000000   1.5382758e-16  -3.5507357e-16  3.2423242e-16  5.8506592e-16  -2.8226786e-16  2.7019834e-16  9.1171158e-18  
5.7336735e-17  4.0007729e-17  1.5383284e-16  1.0000000   4.8482454e-16  5.2453094e-17  -2.5514596e-17  6.0992041e-18  1.6006685e-16  -1.9859534e-16  
3.8500710e-16  -7.4328634e-16  -3.5507357e-16  4.8482454e-16  1.0000000   4.8602401e-16  3.4175970e-16  3.6809008e-16  1.6428483e-17  -3.6694697e-18  
-2.8437833e-16  1.3480627e-15  3.2423448e-16  5.2453094e-17  4.8602001e-16  1.0000000   -8.3711311e-16  7.5318904e-16  1.3028754e-16  -6.1683591e-17  
-1.2034796e-16  -2.9948370e-17  5.8506592e-16  -2.5510493e-17  3.4176078e-16  -8.3710927e-16  1.0000000   1.5490170e-17  1.6874537e-16  2.2391655e-16  
3.0612157e-16  -1.7840621e-16  -2.8226786e-16  6.0992041e-18  3.6809195e-16  7.5318904e-16  1.5490170e-17  1.0000000   -1.3697947e-16  -2.3234050e-16  
-5.4857889e-16  3.8702207e-16  2.7020693e-16  1.6006685e-16  1.6428483e-17  1.3028348e-16  1.6874537e-16  -1.3696890e-16  1.0000000   -4.1984035e-17  
2.3012191e-17  -5.4478621e-16  9.1171151e-18  -1.9858857e-16  -3.6694701e-18  -6.1683591e-17  2.2391316e-16  -2.3234050e-16  -4.1992505e-17  1.0000000   
