1.0000000   -4.4069598e-18  7.4989491e-17  8.3831007e-17  8.4185007e-16  6.8009304e-16  -2.8225533e-16  -2.3895670e-17  -2.9566038e-16  1.7470902e-16  
-4.4020182e-18  1.0000000   -2.2561406e-17  3.3059416e-16  -4.0005052e-16  -4.7926245e-17  -1.7757488e-16  -2.3003572e-16  -2.0026488e-16  2.7950916e-16  
7.4992802e-17  -2.2544721e-17  1.0000000   -4.3712020e-17  3.5797245e-16  6.8230510e-17  -6.0529719e-16  -2.1783182e-16  2.7727489e-16  -6.0049011e-16  
8.3833490e-17  3.3058994e-16  -4.3703259e-17  1.0000000   9.2413192e-18  -1.6661636e-18  -2.5355291e-16  2.7211605e-16  5.8909440e-16  3.9858321e-16  
8.4185399e-16  -4.0005179e-16  3.5797245e-16  9.2413192e-18  1.0000000   -6.0558679e-16  8.2792284e-16  1.5475861e-16  1.0769836e-15  -4.7088360e-16  
6.8009207e-16  -4.7926245e-17  6.8235043e-17  -1.6661637e-18  -6.0557274e-16  1.0000000   -6.0246844e-16  8.5885513e-16  9.2462153e-16  3.0981326e-16  
-2.8225548e-16  -1.7757488e-16  -6.0529719e-16  -2.5355573e-16  8.2791816e-16  -6.0248503e-16  1.0000000   2.1013558e-16  7.0189394e-16  4.0696884e-16  
-2.3877923e-17  -2.3003806e-16  -2.1783182e-16  2.7211605e-16  1.5476388e-16  8.5885513e-16  2.1013558e-16  1.0000000   -4.9986063e-16  2.3479753e-17  
-2.9568107e-16  -2.0026488e-16  2.7727669e-16  5.8909440e-16  1.0769836e-15  9.2461584e-16  7.0189394e-16  -4.9987042e-16  1.0000000   1.9622026e-16  
1.7470732e-16  2.7950916e-16  -6.0049011e-16  3.9857982e-16  -4.7088360e-16  3.0981326e-16  4.0696884e-16  2.3481447e-17  1.9619316e-16  1.0000000   
