1.0000000   -1.3045470e-16  -6.1540839e-16  -1.2293355e-16  -4.2633980e-16  3.8727239e-17  -2.2881635e-17  -5.3315363e-17  1.5962442e-17  -9.9421339e-17  
-1.3045706e-16  1.0000000   -5.3321056e-16  1.4744068e-16  6.6418338e-16  9.7846235e-17  -1.5161088e-16  7.6438528e-16  7.7119945e-16  -5.5265576e-16  
-6.1542248e-16  -5.3321156e-16  1.0000000   -3.9995690e-16  -6.5758518e-16  -1.5496618e-16  -1.9297787e-16  -4.1272998e-17  1.6833584e-16  1.6999553e-16  
-1.2293690e-16  1.4744036e-16  -3.9995624e-16  1.0000000   2.8484065e-16  -7.9167188e-17  -2.9036713e-16  -1.3912147e-16  1.4720845e-16  -4.8172966e-16  
-4.2635104e-16  6.6418506e-16  -6.5758518e-16  2.8484065e-16  1.0000000   -1.2015589e-16  4.2866241e-16  9.5774065e-17  1.3789434e-16  5.3576988e-16  
3.8729940e-17  9.7846235e-17  -1.5496564e-16  -7.9167188e-17  -1.2015711e-16  1.0000000   -7.9454915e-16  -1.1203517e-16  2.0771107e-16  5.4047942e-16  
-2.2880522e-17  -1.5161088e-16  -1.9297787e-16  -2.9036820e-16  4.2866231e-16  -7.9454570e-16  1.0000000   -4.1849602e-16  1.6878011e-16  -1.1470033e-16  
-5.3333112e-17  7.6438567e-16  -4.1272997e-17  -1.3912147e-16  9.5773553e-17  -1.1203517e-16  -4.1849602e-16  1.0000000   2.6284610e-16  -3.9224243e-16  
1.5963586e-17  7.7119945e-16  1.6832609e-16  1.4720845e-16  1.3789434e-16  2.0771195e-16  1.6878011e-16  2.6284267e-16  1.0000000   4.2700456e-16  
-9.9424727e-17  -5.5265576e-16  1.6999553e-16  -4.8173305e-16  5.3576988e-16  5.4047942e-16  -1.1469906e-16  -3.9224243e-16  4.2700710e-16  1.0000000   
