1.0000000   -2.0078954e-16  -4.4410871e-16  -6.7085033e-16  1.0183019e-16  2.8556554e-16  4.2850928e-16  -2.7676511e-17  -5.4206821e-17  -1.0395042e-16  
-2.0079318e-16  1.0000000   4.9694329e-16  -5.1935804e-17  2.8801190e-16  3.7579603e-16  -8.6933006e-17  2.4005838e-16  -1.2808833e-16  -3.7488788e-16  
-4.4411967e-16  4.9694387e-16  1.0000000   -1.0169672e-16  -4.9655457e-16  1.3371434e-16  -4.5192138e-16  -6.4901937e-16  2.0186200e-16  -5.5463992e-17  
-6.7085036e-16  -5.1935767e-17  -1.0169359e-16  1.0000000   -4.0529086e-16  8.7121748e-16  1.0815658e-16  -3.4075192e-16  -2.7859476e-16  -1.4102082e-16  
1.0183050e-16  2.8801130e-16  -4.9655457e-16  -4.0529086e-16  1.0000000   -1.1073514e-16  -4.0848543e-17  -2.3810733e-16  1.4746401e-16  -2.3032972e-17  
2.8556064e-16  3.7579603e-16  1.3371413e-16  8.7121748e-16  -1.1073363e-16  1.0000000   4.8562203e-16  4.3508503e-16  -2.1876964e-16  7.1145504e-17  
4.2851515e-16  -8.6933005e-17  -4.5192138e-16  1.0815699e-16  -4.0848598e-17  4.8561251e-16  1.0000000   1.3121278e-16  -2.0615955e-18  -2.1906813e-16  
-2.7674816e-17  2.4005694e-16  -6.4901937e-16  -3.4075192e-16  -2.3810693e-16  4.3508503e-16  1.3121278e-16  1.0000000   3.0172757e-16  3.5296286e-16  
-5.4220701e-17  -1.2808833e-16  2.0186833e-16  -2.7859476e-16  1.4746401e-16  -2.1876971e-16  -2.0615956e-18  3.0172927e-16  1.0000000   9.2065705e-17  
-1.0394619e-16  -3.7488788e-16  -5.5463992e-17  -1.4101913e-16  -2.3032972e-17  7.1145504e-17  -2.1906813e-16  3.5296329e-16  9.2041988e-17  1.0000000   
