1.0000000   1.0934957e-16  7.6729368e-16  -8.3219769e-16  -4.8489425e-17  1.9160174e-16  3.7204968e-17  2.7182391e-16  7.7764129e-17  1.2730905e-16  
1.0933338e-16  1.0000000   -1.3847238e-16  5.2045591e-16  -1.4583659e-16  2.0393474e-16  -2.6700721e-16  -7.7178809e-16  1.3502712e-16  2.3952959e-16  
7.6729391e-16  -1.3847902e-16  1.0000000   1.9203396e-16  3.1202011e-16  -4.2451681e-16  2.5782270e-16  1.6218524e-16  7.0978704e-16  -9.3725427e-17  
-8.3220668e-16  5.2045250e-16  1.9202923e-16  1.0000000   -6.1214494e-16  2.8940951e-16  8.9380209e-16  8.8391660e-16  -3.5768295e-17  -4.1317166e-16  
-4.8488779e-17  -1.4583495e-16  3.1202011e-16  -6.1214494e-16  1.0000000   4.3487583e-17  1.9666925e-16  3.0271889e-16  -3.4407614e-16  1.1516281e-16  
1.9159910e-16  2.0393474e-16  -4.2451985e-16  2.8940951e-16  4.3511854e-17  1.0000000   -2.6325695e-16  -3.6507093e-16  -4.4162922e-16  5.6063843e-16  
3.7162946e-17  -2.6700721e-16  2.5782270e-16  8.9380171e-16  1.9667448e-16  -2.6327640e-16  1.0000000   -1.0981600e-16  1.7159897e-16  -5.5416284e-17  
2.7184535e-16  -7.7178557e-16  1.6218524e-16  8.8391660e-16  3.0271112e-16  -3.6507093e-16  -1.0981600e-16  1.0000000   4.8081110e-16  2.1851756e-17  
7.7764868e-17  1.3502712e-16  7.0978742e-16  -3.5768295e-17  -3.4407614e-16  -4.4163891e-16  1.7159897e-16  4.8084154e-16  1.0000000   -1.5983851e-16  
1.2730566e-16  2.3952959e-16  -9.3725427e-17  -4.1317166e-16  1.1516281e-16  5.6063843e-16  -5.5416284e-17  2.1855144e-17  -1.5982834e-16  1.0000000   
