1.0000000   4.1845912e-16  1.2497788e-16  1.3692626e-16  -3.4458873e-16  2.2561218e-16  2.5480784e-16  -2.4790853e-16  4.8251453e-16  -1.3792746e-16  
4.1845686e-16  1.0000000   -6.5838981e-16  4.8219892e-17  -3.3404788e-16  5.2909066e-17  -1.7347235e-18  4.3246204e-16  -7.3725748e-17  -9.0205621e-17  
1.2497763e-16  -6.5837162e-16  1.0000000   -5.0684757e-17  -7.1340503e-17  -1.3715676e-16  4.8138576e-17  -1.3574211e-16  3.3081808e-16  4.5102810e-16  
1.3692711e-16  4.8216503e-17  -5.0686452e-17  1.0000000   3.3653635e-16  5.5511151e-16  -1.1287063e-16  -8.3266727e-17  7.9797280e-17  -1.5096622e-17  
-3.4458741e-16  -3.3404291e-16  -7.1340503e-17  3.3653635e-16  1.0000000   7.8524282e-18  1.1587411e-16  -2.5741581e-16  1.3834420e-16  3.9551695e-16  
2.2561203e-16  5.2909066e-17  -1.3715179e-16  5.5511151e-16  7.8706149e-18  1.0000000   -2.9354604e-16  3.8857806e-16  -6.4861504e-17  5.1347815e-16  
2.5482139e-16  -1.7347235e-18  4.8138576e-17  -1.1286567e-16  1.1587072e-16  -2.9354774e-16  1.0000000   -3.7470027e-16  -4.7271215e-16  -4.6646907e-17  
-2.4790798e-16  4.3245492e-16  -1.3574211e-16  -8.3266727e-17  -2.5742186e-16  3.8857806e-16  -3.7470027e-16  1.0000000   -2.0248279e-16  2.2169224e-16  
4.8251690e-16  -7.3725748e-17  3.3081097e-16  7.9797280e-17  1.3834420e-16  -6.4867555e-17  -4.7271215e-16  -2.0246461e-16  1.0000000   2.2340155e-16  
-1.3792746e-16  -9.0205621e-17  4.5102810e-16  -1.5103734e-17  3.9551695e-16  5.1347815e-16  -4.6652958e-17  2.2168885e-16  2.2339986e-16  1.0000000   
