1.0000000   2.0160980e-17  -1.4027525e-17  2.2022857e-19  2.8186168e-18  6.0415023e-18  -6.9867513e-18  -4.0386117e-17  3.4741275e-18  -7.8181141e-18  
2.0168562e-17  1.0000000   -9.8830072e-17  2.0440980e-16  2.2372900e-16  -4.1633363e-17  -1.0408341e-17  5.1872036e-16  -1.1882856e-16  -1.7173762e-16  
-1.4005097e-17  -9.8830876e-17  1.0000000   -4.0819534e-16  -5.8286709e-16  1.2092732e-17  -2.7061686e-16  -3.1918912e-16  6.4222814e-17  2.3418767e-17  
2.2361670e-19  2.0440959e-16  -4.0819619e-16  1.0000000   -1.2457483e-16  1.4159680e-16  -1.7148980e-16  3.4586049e-17  -7.0147881e-17  2.7115995e-17  
2.8204499e-18  2.2373018e-16  -5.8286709e-16  -1.2457483e-16  1.0000000   -4.0067196e-16  1.8481285e-16  -3.8532141e-16  5.2041704e-17  -2.4546337e-16  
6.0424593e-18  -4.1633363e-17  1.2093914e-17  1.4159680e-16  -4.0067276e-16  1.0000000   3.5069197e-16  2.7755576e-17  -3.0899357e-16  2.0816682e-17  
-6.9863277e-18  -1.0408341e-17  -2.7061686e-16  -1.7148862e-16  1.8481264e-16  3.5069112e-16  1.0000000   -3.4000580e-16  3.6429193e-17  -4.9807843e-16  
-4.0387050e-17  5.1872338e-16  -3.1918912e-16  3.4586049e-17  -3.8533391e-16  2.7755576e-17  -3.4000580e-16  1.0000000   -1.8556625e-16  2.0216008e-16  
3.4587199e-18  -1.1882856e-16  6.4225828e-17  -7.0147881e-17  5.2041704e-17  -3.0900608e-16  3.6429193e-17  -1.8556705e-16  1.0000000   3.8018227e-16  
-7.8265844e-18  -1.7173762e-16  2.3418767e-17  2.7119009e-17  -2.4546337e-16  2.0816682e-17  -4.9809094e-16  2.0215987e-16  3.8018142e-16  1.0000000   
