1.0000000   1.1669273e-16  -3.3592700e-17  -1.9203363e-17  2.2632785e-16  -4.4266293e-17  -1.6954599e-16  -6.0914216e-16  -5.0574500e-16  -1.2968837e-16  
1.1669333e-16  1.0000000   9.0702220e-16  -8.2768784e-17  4.6362652e-16  2.0757481e-16  2.6951665e-16  2.1810518e-16  -4.2506513e-17  -2.4168191e-16  
-3.3580883e-17  9.0703405e-16  1.0000000   3.3000009e-17  6.6386587e-16  1.9068245e-16  -3.1005542e-16  -4.3835518e-16  -6.4608879e-16  5.6257005e-17  
-1.9205926e-17  -8.2771041e-17  3.2999237e-17  1.0000000   5.3653206e-18  4.4920226e-16  5.7647867e-16  -1.3406833e-16  5.1980797e-17  1.6826394e-16  
2.2631658e-16  4.6361999e-16  6.6386587e-16  5.3653202e-18  1.0000000   1.1927052e-16  3.7896798e-16  -6.7484792e-16  -5.2222654e-16  8.2654389e-17  
-4.4267912e-17  2.0757481e-16  1.9068028e-16  4.4920226e-16  1.1928008e-16  1.0000000   -6.2440592e-16  6.5633465e-17  3.3446932e-16  2.9407700e-16  
-1.6954454e-16  2.6951665e-16  -3.1005542e-16  5.7647794e-16  3.7897011e-16  -6.2440429e-16  1.0000000   -3.3922957e-16  -7.2292272e-17  -3.8209169e-16  
-6.0911915e-16  2.1810946e-16  -4.3835518e-16  -1.3406833e-16  -6.7484802e-16  6.5633465e-17  -3.3922957e-16  1.0000000   -4.1775184e-16  -1.0095447e-16  
-5.0574475e-16  -4.2506513e-17  -6.4608734e-16  5.1980797e-17  -5.2222654e-16  3.3446858e-16  -7.2292272e-17  -4.1773699e-16  1.0000000   -1.1933000e-17  
-1.2968837e-16  -2.4168191e-16  5.6257005e-17  1.6826309e-16  8.2654389e-17  2.9407700e-16  -3.8209254e-16  -1.0095447e-16  -1.1933847e-17  1.0000000   
