1.0000000   -5.2155042e-17  8.0684782e-17  -3.3413756e-17  -1.7535378e-17  2.3557052e-17  -1.5006375e-16  1.2789466e-16  -4.6680882e-17  -4.1527908e-17  
-5.2150318e-17  1.0000000   1.8571024e-16  6.2804105e-17  -8.3864826e-17  2.4806546e-16  -4.3021142e-16  -7.7408988e-17  1.2663481e-16  1.6653345e-16  
8.0680261e-17  1.8571002e-16  1.0000000   -3.8929634e-16  4.4408921e-16  8.2234946e-17  4.8572257e-16  9.7144515e-17  -2.4817083e-16  4.3021142e-16  
-3.3413756e-17  6.2804952e-17  -3.8930990e-16  1.0000000   6.3837824e-16  1.0408341e-17  3.0471323e-16  -2.7755576e-16  -3.1485231e-16  6.9974713e-16  
-1.7537101e-17  -8.3868773e-17  4.4408921e-16  6.3837824e-16  1.0000000   -4.1927457e-16  1.8770420e-16  4.6885787e-16  -1.2099696e-16  1.9428903e-16  
2.3575250e-17  2.4806546e-16  8.2231000e-17  1.0408341e-17  -4.1927480e-16  1.0000000   3.7879313e-17  -3.9031278e-17  1.1040030e-16  -1.3357371e-16  
-1.5006375e-16  -4.3021142e-16  4.8572257e-16  3.0470929e-16  1.8770504e-16  3.7865761e-17  1.0000000   -3.4694470e-17  2.2985086e-17  -2.3197042e-16  
1.2788226e-16  -7.7409924e-17  9.7144515e-17  -2.7755576e-16  4.6885885e-16  -3.9031278e-17  -3.4694470e-17  1.0000000   1.0027511e-16  3.5048529e-17  
-4.6662010e-17  1.2663481e-16  -2.4817177e-16  -3.1485231e-16  -1.2099696e-16  1.1040128e-16  2.2985086e-17  1.0027489e-16  1.0000000   2.2154316e-16  
-4.1528014e-17  1.6653345e-16  4.3021142e-16  6.9974619e-16  1.9428903e-16  -1.3357371e-16  -2.3196944e-16  3.5049376e-17  2.2152961e-16  1.0000000   
