1.0000000   1.5095702e-16  -5.3244258e-16  -8.0988208e-17  8.1905603e-17  2.3741160e-16  -4.6699044e-18  5.9361677e-17  9.3093348e-17  -4.3144629e-17  
1.5095991e-16  1.0000000   2.7511523e-16  8.8718231e-17  -1.6886592e-16  1.1102230e-16  -2.7755576e-17  -1.1285401e-16  3.8857806e-16  1.8735014e-16  
-5.3244086e-16  2.7511654e-16  1.0000000   -2.5851784e-16  6.9388939e-17  3.3073444e-16  4.1633363e-17  2.7755576e-16  2.8960184e-16  -5.2041704e-17  
-8.0988208e-17  8.8719925e-17  -2.5851107e-16  1.0000000   2.7755576e-16  -8.3266727e-17  -9.9476979e-17  1.1102230e-16  -3.7816972e-16  -4.6326815e-16  
8.1899840e-17  -1.6886621e-16  6.9388939e-17  2.7755576e-16  1.0000000   -1.1346283e-16  -3.6181859e-17  -1.5825695e-16  8.3266727e-17  9.8879238e-17  
2.3741281e-16  1.1102230e-16  3.3073416e-16  -8.3266727e-17  -1.1346152e-16  1.0000000   -2.2595451e-17  -6.9388939e-17  -4.0111823e-16  2.4633073e-16  
-4.6699044e-18  -2.7755576e-17  4.1633363e-17  -9.9477267e-17  -3.6180165e-17  -2.2588675e-17  1.0000000   -9.7144515e-17  2.3592239e-16  -4.3928215e-16  
5.9364161e-17  -1.1285774e-16  2.7755576e-16  1.1102230e-16  -1.5825765e-16  -6.9388939e-17  -9.7144515e-17  1.0000000   8.0826203e-17  -2.2526672e-16  
9.3091743e-17  3.8857806e-16  2.8959810e-16  -3.7816972e-16  8.3266727e-17  -4.0111894e-16  2.3592239e-16  8.0827513e-17  1.0000000   -3.8207962e-17  
-4.3144523e-17  1.8735014e-16  -5.2041704e-17  -4.6327189e-16  9.8879238e-17  2.4633073e-16  -4.3928286e-16  -2.2526502e-16  -3.8201186e-17  1.0000000   
