1.0000000   -1.9171419e-16  1.6216049e-16  -9.2455804e-16  3.7719308e-16  -8.5601733e-17  -3.5364573e-16  -4.8986114e-18  -3.2616393e-17  5.3979716e-17  
-1.9171087e-16  1.0000000   3.5937866e-16  5.9959293e-17  -2.8685076e-16  1.4987770e-16  -6.5935663e-17  -1.6274531e-16  9.4779471e-17  -2.5067139e-16  
1.6215846e-16  3.5937821e-16  1.0000000   -9.4162512e-16  3.7959616e-16  1.5171793e-16  2.5949219e-16  4.1854311e-16  -1.4367402e-16  4.2804887e-16  
-9.2455789e-16  5.9948168e-17  -9.4163297e-16  1.0000000   3.7653884e-16  5.6416610e-16  -3.4746655e-16  -1.2574009e-16  -3.3263732e-16  -5.3413051e-16  
3.7719905e-16  -2.8685159e-16  3.7959616e-16  3.7653884e-16  1.0000000   4.0602855e-16  -3.8937907e-16  -9.2831018e-17  -1.9258318e-16  4.8672958e-16  
-8.5604602e-17  1.4987770e-16  1.5171768e-16  5.6416610e-16  4.0603773e-16  1.0000000   4.5904897e-17  2.7634614e-16  2.0238094e-16  -1.7813765e-16  
-3.5365596e-16  -6.5935663e-17  2.5949219e-16  -3.4746670e-16  -3.8938089e-16  4.5901304e-17  1.0000000   1.0418491e-16  -6.2437686e-17  1.7445152e-16  
-4.8871971e-18  -1.6273903e-16  4.1854311e-16  -1.2574009e-16  -9.2839706e-17  2.7634614e-16  1.0418491e-16  1.0000000   7.7609042e-17  5.0063035e-17  
-3.2638117e-17  9.4779471e-17  -1.4367338e-16  -3.3263732e-16  -1.9258318e-16  2.0237102e-16  -6.2437685e-17  7.7610372e-17  1.0000000   -2.4327464e-16  
5.4000044e-17  -2.5067139e-16  4.2804887e-16  -5.3412712e-16  4.8672958e-16  -1.7813764e-16  1.7446507e-16  5.0063035e-17  -2.4327803e-16  1.0000000   
