0.99987399  -9.7202524e-06  9.7100530e-06  2.3758271e-05  -8.4993005e-05  -9.2446784e-05  1.4547551e-05  7.0224023e-05  2.1068801e-05  -3.2790226e-06  
-9.7202524e-06  1.0000020   -1.2638480e-05  -4.1082534e-06  -1.4752005e-05  1.0851709e-09  -8.0818841e-11  -3.0862161e-05  1.8521864e-10  1.5865634e-10  
9.7100530e-06  -1.2638480e-05  0.99987298  -1.0585136e-06  -6.3893898e-10  -1.4751826e-05  1.5689474e-10  1.0720034e-09  -3.0857293e-05  8.3085582e-13  
2.3758271e-05  -4.1082534e-06  -1.0585136e-06  0.99993198  -1.9589364e-09  -2.1810331e-09  -1.4751453e-05  1.7953910e-09  5.3329571e-10  -3.0859397e-05  
-8.4993005e-05  -1.4752005e-05  -6.3893898e-10  -1.9589364e-09  0.99994598  -1.2629820e-05  -4.1090290e-06  8.9839901e-05  -2.9264309e-09  -9.0359018e-11  
-9.2446784e-05  1.0851709e-09  -1.4751826e-05  -2.1810331e-09  -1.2629820e-05  0.99981700  -1.0600301e-06  -7.6283078e-09  8.9832333e-05  2.0804968e-10  
1.4547551e-05  -8.0818841e-11  1.5689474e-10  -1.4751453e-05  -4.1090290e-06  -1.0600301e-06  0.99987599  6.5262815e-10  2.1141445e-10  8.9839535e-05  
7.0224023e-05  -3.0862161e-05  1.0720034e-09  1.7953910e-09  8.9839901e-05  -7.6283078e-09  6.5262815e-10  0.99994698  -1.2636211e-05  -4.1080268e-06  
2.1068801e-05  1.8521864e-10  -3.0857293e-05  5.3329571e-10  -2.9264309e-09  8.9832333e-05  2.1141445e-10  -1.2636211e-05  0.99981799  -1.0587552e-06  
-3.2790226e-06  1.5865634e-10  8.3085582e-13  -3.0859397e-05  -9.0359018e-11  2.0804968e-10  8.9839535e-05  -4.1080268e-06  -1.0587552e-06  0.99987699  
