1.0000000   -6.0869546e-16  -1.3190574e-17  -7.0688856e-17  5.7841572e-16  2.6117816e-16  -6.5295169e-16  -5.1411757e-16  -1.2720247e-16  4.8873354e-16  
-6.0869255e-16  1.0000000   6.7843434e-16  3.2120785e-17  -9.2045345e-16  -1.2320910e-16  2.1807341e-16  5.5602479e-16  -4.2572329e-16  -4.4277588e-16  
-1.3183946e-17  6.7843745e-16  1.0000000   -7.2406701e-16  6.0922876e-16  -6.6543190e-16  1.8120512e-16  3.8354035e-16  1.7991186e-16  -4.9042752e-16  
-7.0693094e-17  3.2086089e-17  -7.2406744e-16  1.0000000   -7.8432858e-17  4.3852450e-16  -7.8771541e-16  -3.1618674e-16  -3.0873160e-16  2.0632431e-16  
5.7841596e-16  -9.2044295e-16  6.0922876e-16  -7.8432858e-17  1.0000000   1.0747833e-15  -1.4832051e-15  -5.4837328e-16  -2.2297710e-16  4.1627174e-16  
2.6117727e-16  -1.2320910e-16  -6.6543511e-16  4.3852450e-16  1.0747835e-15  1.0000000   4.0906614e-16  -5.9389473e-16  7.1087819e-17  4.8701638e-16  
-6.5295920e-16  2.1807341e-16  1.8120512e-16  -7.8772260e-16  -1.4832203e-15  4.0906699e-16  1.0000000   3.1420677e-16  -2.5803878e-16  -6.4730597e-16  
-5.1411699e-16  5.5602553e-16  3.8354035e-16  -3.1618674e-16  -5.4837749e-16  -5.9389473e-16  3.1420677e-16  1.0000000   4.3997448e-16  -2.4182452e-16  
-1.2719778e-16  -4.2572329e-16  1.7991177e-16  -3.0873160e-16  -2.2297710e-16  7.1080199e-17  -2.5803878e-16  4.3997346e-16  1.0000000   -2.2227373e-16  
4.8873338e-16  -4.4277588e-16  -4.9042752e-16  2.0632579e-16  4.1627174e-16  4.8701638e-16  -6.4731105e-16  -2.4181774e-16  -2.2227330e-16  1.0000000   
