1.0000000   2.5567889e-16  8.2748007e-17  2.0323167e-16  1.8605776e-16  -9.4885354e-17  4.4019495e-16  -2.8937765e-16  3.0221443e-17  -5.7061899e-16  
2.5568348e-16  1.0000000   -1.7603846e-16  4.5096774e-16  -2.8620001e-16  3.1853659e-16  -5.4691737e-16  -7.5663215e-17  -3.2789010e-16  9.7528479e-17  
8.2749998e-17  -1.7604155e-16  1.0000000   7.2835208e-17  3.0210220e-16  3.2811121e-16  2.8592766e-16  -2.7349326e-16  1.8822801e-16  -2.4402412e-16  
2.0323400e-16  4.5096563e-16  7.2835030e-17  1.0000000   8.4052593e-17  -9.1721886e-16  -8.1714090e-17  2.7048240e-16  7.4720321e-17  -2.9461331e-16  
1.8606753e-16  -2.8621000e-16  3.0210220e-16  8.4052593e-17  1.0000000   3.8609082e-16  1.2501427e-16  -2.7509252e-16  -1.4963657e-16  6.1499302e-16  
-9.4884106e-17  3.1853659e-16  3.2812437e-16  -9.1721886e-16  3.8609033e-16  1.0000000   1.3766870e-16  -2.2594311e-16  2.4004401e-16  -1.7503200e-16  
4.4020324e-16  -5.4691737e-16  2.8592766e-16  -8.1715168e-17  1.2501666e-16  1.3766853e-16  1.0000000   -2.6713290e-16  -6.9163410e-17  1.9863770e-16  
-2.8937776e-16  -7.5659895e-17  -2.7349326e-16  2.7048240e-16  -2.7509247e-16  -2.2594311e-16  -2.6713290e-16  1.0000000   4.8972357e-16  1.0217572e-15  
3.0213385e-17  -3.2789010e-16  1.8823067e-16  7.4720321e-17  -1.4963657e-16  2.4005104e-16  -6.9163410e-17  4.8972208e-16  1.0000000   -5.0225666e-17  
-5.7062916e-16  9.7528479e-17  -2.4402412e-16  -2.9460907e-16  6.1499302e-16  -1.7503200e-16  1.9864447e-16  1.0217504e-15  -5.0239218e-17  1.0000000   
