1.0000000   -3.9794627e-16  -1.4564379e-16  -4.4180828e-16  -3.9235872e-16  -2.7842696e-16  6.1605140e-16  2.3713603e-16  -1.3458471e-16  -2.1092476e-16  
-3.9794607e-16  1.0000000   5.5439031e-16  7.1489956e-18  -4.2457642e-16  -1.4237320e-16  2.1014362e-16  -4.4994604e-16  1.8929952e-16  2.5573866e-16  
-1.4564713e-16  5.5437773e-16  1.0000000   -1.6270303e-15  -2.2847221e-16  1.5690704e-16  -1.3038874e-16  -1.1160509e-16  3.5033568e-16  1.3745339e-16  
-4.4181303e-16  7.1555028e-18  -1.6270380e-15  1.0000000   1.1339080e-16  2.0119337e-16  -8.4516670e-17  -4.8745622e-17  -4.3289307e-17  1.6196202e-16  
-3.9236393e-16  -4.2457609e-16  -2.2847221e-16  1.1339080e-16  1.0000000   -8.2343686e-16  -6.6697989e-16  2.4746541e-16  -4.6815220e-16  -3.9468117e-16  
-2.7842511e-16  -1.4237320e-16  1.5690726e-16  2.0119337e-16  -8.2342609e-16  1.0000000   5.3937282e-16  -2.4618347e-16  -2.5355611e-16  4.2484719e-16  
6.1605092e-16  2.1014362e-16  -1.3038874e-16  -8.4516472e-17  -6.6697585e-16  5.3936997e-16  1.0000000   -4.5432296e-16  -1.2735706e-16  -3.7193217e-18  
2.3713814e-16  -4.4994487e-16  -1.1160509e-16  -4.8745623e-17  2.4746552e-16  -2.4618347e-16  -4.5432296e-16  1.0000000   -3.5978765e-16  1.3410734e-16  
-1.3457419e-16  1.8929952e-16  3.5033418e-16  -4.3289306e-17  -4.6815220e-16  -2.5355606e-16  -1.2735706e-16  -3.5978534e-16  1.0000000   4.5196323e-16  
-2.1093153e-16  2.5573866e-16  1.3745339e-16  1.6196202e-16  -3.9468118e-16  4.2484719e-16  -3.7195334e-18  1.3410226e-16  4.5195645e-16  1.0000000   
