1.0000000   -3.0829667e-16  -6.1626083e-16  4.9732499e-16  -5.8754043e-16  6.2423763e-16  -2.9098871e-16  6.5388422e-16  -3.9590565e-16  5.0660024e-16  
-3.0830018e-16  1.0000000   2.8518038e-16  -6.1774156e-16  -1.0460483e-16  5.3784379e-16  2.9595308e-16  1.4579496e-15  6.4291603e-16  -1.5930547e-16  
-6.1625664e-16  2.8516730e-16  1.0000000   3.4066330e-16  2.0611648e-16  2.1830785e-16  -2.9713887e-16  8.8435095e-17  1.0470572e-15  -2.0513950e-16  
4.9732513e-16  -6.1773492e-16  3.4066315e-16  1.0000000   -2.4733872e-16  -1.0211529e-16  2.6736977e-16  -1.3033010e-16  5.3364929e-16  2.7560419e-16  
-5.8754065e-16  -1.0460142e-16  2.0611648e-16  -2.4733872e-16  1.0000000   5.6985541e-16  -1.2395734e-16  -2.4590283e-16  -8.4857825e-17  -1.3668942e-16  
6.2423764e-16  5.3784379e-16  2.1830315e-16  -1.0211529e-16  5.6987056e-16  1.0000000   2.0095700e-16  2.6742029e-16  7.5841500e-16  -5.3288528e-16  
-2.9098925e-16  2.9595308e-16  -2.9713887e-16  2.6736789e-16  -1.2395807e-16  2.0095726e-16  1.0000000   -3.2344650e-16  -3.8956745e-17  1.8776010e-16  
6.5388134e-16  1.4579224e-15  8.8435095e-17  -1.3033010e-16  -2.4589057e-16  2.6742029e-16  -3.2344650e-16  1.0000000   -1.5511519e-18  -9.6622065e-16  
-3.9589883e-16  6.4291603e-16  1.0470633e-15  5.3364929e-16  -8.4857827e-17  7.5841472e-16  -3.8956745e-17  -1.5645733e-18  1.0000000   -4.5441115e-16  
5.0659685e-16  -1.5930547e-16  -2.0513950e-16  2.7561097e-16  -1.3668942e-16  -5.3288528e-16  1.8776010e-16  -9.6622404e-16  -4.5440777e-16  1.0000000   
