1.0000000   -2.1928972e-17  -2.4765931e-17  -3.2538771e-18  -1.8119093e-17  -2.7022720e-17  -1.8431437e-17  6.7881310e-18  -4.3275956e-18  -3.8895753e-18  
-2.1931629e-17  1.0000000   5.9841328e-17  4.5746555e-17  -2.2484576e-16  -2.4286129e-16  4.7878368e-16  1.7798634e-16  -8.5001450e-17  -2.4502969e-17  
-2.4769292e-17  5.9840692e-17  1.0000000   -2.5491457e-16  -2.8449465e-16  4.9679920e-16  4.4408921e-16  4.1286419e-16  -2.5309244e-16  -4.1936940e-16  
-3.2536653e-18  4.5746555e-17  -2.5491414e-16  1.0000000   3.8163916e-17  -2.7755576e-16  1.8454898e-16  -1.1622647e-16  2.3852448e-16  4.8098919e-17  
-1.8121340e-17  -2.2485281e-16  -2.8449465e-16  3.8163916e-17  1.0000000   -8.6742805e-17  9.8221941e-17  -1.7284287e-16  -7.9797280e-17  1.2706849e-16  
-2.7036372e-17  -2.4286129e-16  4.9679215e-16  -2.7755576e-16  -8.6743441e-17  1.0000000   -4.9083696e-16  9.7144515e-17  4.5732283e-17  -1.1622647e-16  
-1.8438213e-17  4.7878368e-16  4.4408921e-16  1.8454193e-16  9.8221941e-17  -4.9083653e-16  1.0000000   2.3592239e-16  -5.5511151e-17  -4.5746975e-18  
6.7899645e-18  1.7797910e-16  4.1286419e-16  -1.1622647e-16  -1.7284284e-16  9.7144515e-17  2.3592239e-16  1.0000000   -3.8684997e-16  7.6609048e-16  
-4.3281946e-18  -8.5001450e-17  -2.5309968e-16  2.3852448e-16  -7.9797280e-17  4.5732316e-17  -5.5511151e-17  -3.8685060e-16  1.0000000   -1.9615081e-16  
-3.8895753e-18  -2.4502969e-17  -4.1936940e-16  4.8091684e-17  1.2706849e-16  -1.1622647e-16  -4.5746651e-18  7.6609048e-16  -1.9615038e-16  1.0000000   
