1.0000000   4.1048837e-16  4.3873030e-17  5.7295413e-18  7.5317018e-16  -5.2872604e-16  -3.8742164e-17  -3.4097064e-16  -5.1505026e-17  -6.9022343e-16  
4.1049754e-16  1.0000000   8.0758690e-17  3.5828084e-16  2.8463775e-16  2.3257288e-16  -2.0510604e-16  -6.3381580e-17  9.6197025e-16  2.0115255e-16  
4.3872634e-17  8.0759331e-17  1.0000000   -6.5746126e-17  2.6401796e-16  4.0930211e-16  9.9636296e-17  2.9433823e-16  -1.8344992e-16  2.2019837e-16  
5.7279771e-18  3.5828061e-16  -6.5747800e-17  1.0000000   -6.5013880e-17  8.6123254e-17  -6.8356663e-17  -1.4298585e-16  6.3698632e-17  3.2637874e-17  
7.5317988e-16  2.8463714e-16  2.6401796e-16  -6.5013880e-17  1.0000000   -8.0926262e-16  -8.6850383e-16  5.1472940e-16  -3.1173811e-16  -1.6635858e-16  
-5.2873356e-16  2.3257288e-16  4.0929879e-16  8.6123254e-17  -8.0926302e-16  1.0000000   -1.4185635e-17  9.6326548e-16  1.5286893e-16  1.4700235e-17  
-3.8742322e-17  -2.0510604e-16  9.9636296e-17  -6.8355131e-17  -8.6850641e-16  -1.4188029e-17  1.0000000   -2.5081628e-16  1.3958709e-16  3.4607733e-16  
-3.4096447e-16  -6.3381988e-17  2.9433823e-16  -1.4298585e-16  5.1472630e-16  9.6326548e-16  -2.5081628e-16  1.0000000   -7.4916835e-17  5.3503683e-17  
-5.1496669e-17  9.6197025e-16  -1.8344279e-16  6.3698632e-17  -3.1173811e-16  1.5288771e-16  1.3958709e-16  -7.4916223e-17  1.0000000   4.5167185e-17  
-6.9022343e-16  2.0115255e-16  2.2019837e-16  3.2639568e-17  -1.6635858e-16  1.4700236e-17  3.4608411e-16  5.3503683e-17  4.5170573e-17  1.0000000   
