1.0000000   -1.8754575e-17  -3.2823533e-17  -1.3732098e-17  -4.0688931e-17  1.7541495e-16  1.3455203e-16  -9.1379400e-17  -4.0576317e-17  3.7120372e-17  
-1.8765683e-17  1.0000000   1.2646821e-16  -2.3721412e-16  -8.8576652e-18  -1.3183898e-16  6.5052130e-16  -1.7200787e-16  9.3675068e-17  4.9873300e-16  
-3.2822945e-17  1.2646116e-16  1.0000000   2.9657673e-16  6.4531713e-16  1.6114524e-16  4.2934406e-16  3.8163916e-17  -4.7107784e-17  -3.5908776e-16  
-1.3725322e-17  -2.3721751e-16  2.9656995e-16  1.0000000   1.9428903e-16  2.0816682e-17  8.3082679e-17  4.5102810e-17  3.1225023e-16  -7.2711939e-16  
-4.0688464e-17  -8.8469003e-18  6.4531713e-16  1.9428903e-16  1.0000000   -9.4709036e-17  -5.6681158e-16  2.8623380e-16  -9.7144515e-17  -8.6736174e-17  
1.7540786e-16  -1.3183898e-16  1.6115600e-16  2.0816682e-17  -9.4716080e-17  1.0000000   -1.6052291e-16  4.9960036e-16  7.8066986e-17  -1.3183898e-16  
1.3455203e-16  6.5052130e-16  4.2934406e-16  8.3093444e-17  -5.6681497e-16  -1.6052968e-16  1.0000000   4.1633363e-17  9.7144515e-17  7.4940497e-16  
-9.1376424e-17  -1.7200742e-16  3.8163916e-17  4.5102810e-17  2.8623538e-16  4.9960036e-16  4.1633363e-17  1.0000000   5.7946630e-17  -4.7611722e-18  
-4.0578936e-17  9.3675068e-17  -4.7107333e-17  3.1225023e-16  -9.7144515e-17  7.8068560e-17  9.7144515e-17  5.7939586e-17  1.0000000   2.4540239e-16  
3.7118678e-17  4.9873300e-16  -3.5908776e-16  -7.2711894e-16  -8.6736174e-17  -1.3183898e-16  7.4940655e-16  -4.7645603e-18  2.4539561e-16  1.0000000   
