1.0000000   -2.5611520e-16  4.3937819e-16  6.0029693e-16  -6.0936941e-16  -8.1463975e-17  1.3151499e-16  3.5345301e-16  3.2560430e-16  6.0003814e-16  
-2.5611758e-16  1.0000000   -5.2994671e-17  -6.3070983e-17  -6.5253480e-16  -2.0071400e-16  2.8375028e-16  -2.5603064e-16  -3.0827898e-16  7.2739788e-17  
4.3937716e-16  -5.2993835e-17  1.0000000   -2.0257236e-16  -2.7034624e-16  2.7141117e-16  5.8456196e-16  -8.3040925e-17  -5.1647650e-16  -7.4360001e-19  
6.0029774e-16  -6.3074013e-17  -2.0257160e-16  1.0000000   -1.8148273e-16  7.1779429e-16  -4.3725642e-17  1.0387565e-16  2.0560917e-16  2.8667830e-16  
-6.0938150e-16  -6.5253950e-16  -2.7034624e-16  -1.8148273e-16  1.0000000   -1.1678756e-17  1.7149391e-16  -1.4313216e-16  -5.9176164e-17  9.9584433e-17  
-8.1454668e-17  -2.0071400e-16  2.7140543e-16  7.1779429e-16  -1.1677849e-17  1.0000000   -8.9271975e-16  2.6259686e-16  4.5234587e-16  -7.9417656e-16  
1.3152088e-16  2.8375028e-16  5.8456196e-16  -4.3721130e-17  1.7148732e-16  -8.9271252e-16  1.0000000   1.1734088e-17  3.8407604e-16  -3.8748030e-16  
3.5346124e-16  -2.5602613e-16  -8.3040925e-17  1.0387565e-16  -1.4313526e-16  2.6259686e-16  1.1734089e-17  1.0000000   1.6312320e-16  -3.1577388e-17  
3.2560366e-16  -3.0827898e-16  -5.1647921e-16  2.0560917e-16  -5.9176164e-17  4.5235447e-16  3.8407604e-16  1.6312176e-16  1.0000000   -1.4788179e-16  
6.0002459e-16  7.2739788e-17  -7.4360011e-19  2.8668000e-16  9.9584433e-17  -7.9417656e-16  -3.8750402e-16  -3.1574000e-17  -1.4787840e-16  1.0000000   
