1.0000000   5.1421847e-17  -2.3042525e-17  9.7478414e-17  -3.3945278e-16  5.4158595e-16  -5.3726423e-16  -5.8164363e-16  -3.3442608e-16  1.6076939e-16  
5.1440768e-17  1.0000000   -3.1343123e-16  7.5666297e-17  2.6976986e-16  4.5249704e-18  7.4435018e-18  -7.6815209e-16  2.9891416e-16  1.1656737e-16  
-2.3041618e-17  -3.1342448e-16  1.0000000   5.7189239e-18  4.2916707e-16  -1.3903693e-16  3.7255279e-16  -2.5318904e-16  -1.3130307e-15  3.0041873e-16  
9.7479938e-17  7.5667464e-17  5.7099535e-18  1.0000000   -3.6063738e-16  1.8469269e-17  -2.9742634e-16  -2.4347295e-16  -4.2273269e-16  1.9064340e-16  
-3.3946022e-16  2.6977099e-16  4.2916707e-16  -3.6063738e-16  1.0000000   6.5951540e-16  -5.7077006e-16  1.5864675e-16  6.7313740e-17  -3.0067497e-16  
5.4158643e-16  4.5249703e-18  -1.3903940e-16  1.8469269e-17  6.5951755e-16  1.0000000   2.6392193e-16  7.5682112e-17  5.3614233e-16  -2.6321242e-16  
-5.3726368e-16  7.4435018e-18  3.7255279e-16  -2.9743864e-16  -5.7076931e-16  2.6392943e-16  1.0000000   2.5343830e-16  -2.2777565e-16  -9.5850248e-18  
-5.8164957e-16  -7.6811472e-16  -2.5318904e-16  -2.4347295e-16  1.5863586e-16  7.5682112e-17  2.5343830e-16  1.0000000   1.2296757e-16  -1.3955080e-16  
-3.3442556e-16  2.9891416e-16  -1.3130094e-15  -4.2273269e-16  6.7313739e-17  5.3614899e-16  -2.2777565e-16  1.2296576e-16  1.0000000   5.3383404e-17  
1.6076431e-16  1.1656737e-16  3.0041873e-16  1.9065695e-16  -3.0067497e-16  -2.6321242e-16  -9.5918011e-18  -1.3954995e-16  5.3386793e-17  1.0000000   
