1.0000000   -5.0738424e-16  -2.5011692e-16  5.0623031e-16  -7.9358393e-16  3.3791803e-16  -4.5715583e-16  -8.3410029e-18  -3.6096367e-16  -3.2699876e-16  
-5.0737513e-16  1.0000000   -6.1649051e-16  5.2037880e-16  1.6115582e-16  -3.1518974e-16  1.3958009e-16  2.3654107e-16  3.0635461e-16  2.4177272e-17  
-2.5010784e-16  -6.1648987e-16  1.0000000   -4.5949831e-16  -3.0376521e-17  -1.9465251e-16  -5.2660613e-16  2.8102544e-16  1.7662400e-16  1.8021949e-17  
5.0622213e-16  5.2037037e-16  -4.5949800e-16  1.0000000   3.4080100e-16  2.5999339e-16  5.3423331e-16  2.5663476e-16  -7.7401192e-16  -1.1226236e-16  
-7.9359873e-16  1.6115599e-16  -3.0376521e-17  3.4080100e-16  1.0000000   -4.1358875e-16  1.0595384e-15  4.3600919e-16  -4.1852559e-16  -4.2904557e-16  
3.3792462e-16  -3.1518974e-16  -1.9465685e-16  2.5999339e-16  -4.1358794e-16  1.0000000   1.8790060e-16  1.9252576e-16  9.1304468e-17  -3.7465769e-16  
-4.5715438e-16  1.3958009e-16  -5.2660613e-16  5.3424376e-16  1.0595377e-15  1.8789695e-16  1.0000000   3.4236504e-16  8.5857662e-17  -2.3950386e-17  
-8.3394312e-18  2.3654000e-16  2.8102544e-16  2.5663476e-16  4.3600934e-16  1.9252576e-16  3.4236504e-16  1.0000000   6.5157076e-16  -5.4521139e-16  
-3.6096496e-16  3.0635461e-16  1.7663847e-16  -7.7401192e-16  -4.1852559e-16  9.1303583e-17  8.5857662e-17  6.5156597e-16  1.0000000   -5.5700378e-16  
-3.2699707e-16  2.4177271e-17  1.8021950e-17  -1.1225897e-16  -4.2904557e-16  -3.7465769e-16  -2.3950068e-17  -5.4520461e-16  -5.5700209e-16  1.0000000   
