1.0000000   1.3909966e-16  -2.2404441e-16  1.8066112e-16  -7.0355184e-17  -4.8198706e-16  -2.0632367e-16  8.8514694e-17  5.3169364e-16  -8.5777333e-17  
1.3909424e-16  1.0000000   2.2181353e-16  -3.7306889e-16  5.2184700e-16  -1.0408341e-16  9.2157185e-17  2.3182649e-16  -1.9428903e-16  -1.0061396e-16  
-2.2403819e-16  2.2181342e-16  1.0000000   4.5672017e-18  3.8857806e-16  -5.4081194e-17  -1.7358077e-16  2.8796410e-16  2.8429890e-18  8.3266727e-17  
1.8066196e-16  -3.7307143e-16  4.5739779e-18  1.0000000   3.6082248e-16  -1.0408341e-16  -4.8700312e-16  1.7260499e-16  1.3097162e-16  2.3442857e-16  
-7.0354116e-17  5.2184797e-16  3.8857806e-16  3.6082248e-16  1.0000000   -1.4108858e-17  -2.2908684e-16  3.7415656e-16  6.9388939e-18  2.7755576e-17  
-4.8198725e-16  -1.0408341e-16  -5.4080224e-17  -1.0408341e-16  -1.4108974e-17  1.0000000   4.0236098e-16  -9.7144515e-17  1.3216264e-16  -2.1684043e-17  
-2.0632367e-16  9.2157185e-17  -1.7358077e-16  -4.8700215e-16  -2.2908938e-16  4.0236776e-16  1.0000000   -1.7864941e-16  -5.8845073e-17  -2.2350988e-16  
8.8519388e-17  2.3182144e-16  2.8796410e-16  1.7260499e-16  3.7415834e-16  -9.7144515e-17  -1.7864941e-16  1.0000000   3.5330761e-17  3.4250455e-16  
5.3169831e-16  -1.9428903e-16  2.8379408e-18  1.3097162e-16  6.9388939e-18  1.3216442e-16  -5.8845073e-17  3.5330645e-17  1.0000000   -8.6072100e-17  
-8.5784109e-17  -1.0061396e-16  8.3266727e-17  2.3442352e-16  2.7755576e-17  -2.1684043e-17  -2.2350810e-16  3.4250201e-16  -8.6065324e-17  1.0000000   
