1.0000000   6.0722902e-16  -4.2314226e-16  1.2614849e-16  2.9392019e-16  -2.1942685e-16  3.5480727e-16  -6.6342273e-16  1.5769520e-17  7.3569894e-17  
6.0722900e-16  1.0000000   -4.1309323e-16  -8.0866328e-17  1.7541102e-16  -7.7835564e-16  -1.4478467e-16  1.3367506e-16  -1.1855066e-16  4.0771695e-16  
-4.2314288e-16  -4.1309369e-16  1.0000000   7.7123349e-17  -1.0837752e-16  7.3574405e-16  4.4718082e-17  -1.4376587e-16  9.5132668e-16  -3.0349394e-16  
1.2614659e-16  -8.0867808e-17  7.7122512e-17  1.0000000   4.3283855e-16  -4.1013413e-16  -1.5045102e-16  -1.1834467e-16  1.1743585e-16  -6.7045707e-16  
2.9391302e-16  1.7542474e-16  -1.0837752e-16  4.3283855e-16  1.0000000   1.9196525e-16  2.0615719e-16  -9.9063457e-17  7.7235011e-16  -5.8050566e-17  
-2.1942721e-16  -7.7835564e-16  7.3576586e-16  -4.1013413e-16  1.9196762e-16  1.0000000   -2.2850587e-16  -1.2655893e-16  1.8848179e-16  -8.4756026e-17  
3.5479821e-16  -1.4478467e-16  4.4718082e-17  -1.5045316e-16  2.0615726e-16  -2.2850595e-16  1.0000000   -9.5912670e-17  1.2362594e-16  -6.9605779e-17  
-6.6341011e-16  1.3366301e-16  -1.4376587e-16  -1.1834467e-16  -9.9053974e-17  -1.2655893e-16  -9.5912669e-17  1.0000000   -4.4596072e-16  1.3068787e-16  
1.5748602e-17  -1.1855066e-16  9.5132472e-16  1.1743585e-16  7.7235011e-16  1.8848725e-16  1.2362594e-16  -4.4595861e-16  1.0000000   -4.9495777e-16  
7.3552953e-17  4.0771695e-16  -3.0349394e-16  -6.7046385e-16  -5.8050566e-17  -8.4756025e-17  -6.9626108e-17  1.3067940e-16  -4.9495862e-16  1.0000000   
