1.0000000   -2.1492099e-16  6.7706917e-16  -8.3106744e-17  -3.0893003e-16  -9.6562609e-19  1.1881707e-16  -3.2699491e-16  2.4875880e-16  1.1276719e-16  
-2.1492557e-16  1.0000000   1.3867689e-17  3.6485174e-16  -1.9154296e-17  -4.3775787e-16  -2.8396424e-16  4.8185922e-17  -3.0895495e-16  -2.8309912e-16  
6.7706218e-16  1.3877183e-17  1.0000000   7.7498435e-16  -1.8733119e-16  3.3334011e-16  -7.4070040e-16  -1.6290830e-16  3.3840164e-16  -2.5013365e-16  
-8.3106765e-17  3.6485199e-16  7.7498356e-16  1.0000000   -3.4013287e-16  -1.3475422e-16  -1.0461221e-16  -4.3651738e-16  -8.8597054e-16  -1.7402800e-16  
-3.0893299e-16  -1.9156724e-17  -1.8733119e-16  -3.4013287e-16  1.0000000   -4.7992543e-17  3.3691714e-16  -2.0898477e-16  6.3645945e-16  4.4402035e-17  
-9.6174889e-19  -4.3775787e-16  3.3335051e-16  -1.3475422e-16  -4.7977550e-17  1.0000000   -1.8222391e-16  4.5926995e-16  2.2211670e-16  -1.1474902e-16  
1.1884426e-16  -2.8396424e-16  -7.4070040e-16  -1.0460552e-16  3.3691868e-16  -1.8222179e-16  1.0000000   -1.5653239e-16  6.5282196e-16  2.3761307e-16  
-3.2698675e-16  4.8176805e-17  -1.6290830e-16  -4.3651738e-16  -2.0901133e-16  4.5926996e-16  -1.5653239e-16  1.0000000   -1.8840773e-16  6.9373269e-17  
2.4873455e-16  -3.0895495e-16  3.3840193e-16  -8.8597054e-16  6.3645945e-16  2.2211343e-16  6.5282196e-16  -1.8839947e-16  1.0000000   -4.1316319e-16  
1.1276380e-16  -2.8309912e-16  -2.5013365e-16  -1.7402122e-16  4.4402035e-17  -1.1474902e-16  2.3760629e-16  6.9372845e-17  -4.1315980e-16  1.0000000   
