0.99984400  6.1596549e-06  4.9302840e-05  2.4214985e-05  -3.3814496e-05  -4.2199900e-05  -1.5285387e-05  -7.9722977e-05  -4.3647865e-05  3.6535597e-05  
6.1596549e-06  0.99977500  -6.2887423e-05  1.1091076e-05  6.3483900e-05  -4.2532471e-09  6.1008868e-10  -3.1794607e-05  1.7310119e-09  -1.2762380e-10  
4.9302840e-05  -6.2887423e-05  0.99989099  -1.9386743e-05  -5.6606806e-09  6.3489392e-05  -1.9848334e-09  -1.9312728e-09  -3.1799957e-05  2.4181508e-09  
2.4214985e-05  1.1091076e-05  -1.9386743e-05  0.99984700  -1.1468920e-10  -2.2531323e-09  6.3488310e-05  -2.2834975e-09  -4.4053627e-10  -3.1795521e-05  
-3.3814496e-05  6.3483900e-05  -5.6606806e-09  -1.1468920e-10  0.99971802  -6.2882715e-05  1.1090812e-05  1.0528350e-05  8.1407743e-10  -1.1188600e-09  
-4.2199900e-05  -4.2532471e-09  6.3489392e-05  -2.2531323e-09  -6.2882715e-05  0.99983400  -1.9386187e-05  2.7027432e-09  1.0528717e-05  -1.7461558e-09  
-1.5285387e-05  6.1008868e-10  -1.9848334e-09  6.3488310e-05  1.1090812e-05  -1.9386187e-05  0.99979001  1.3355522e-09  4.6316195e-10  1.0525853e-05  
-7.9722977e-05  -3.1794607e-05  -1.9312728e-09  -2.2834975e-09  1.0528350e-05  2.7027432e-09  1.3355522e-09  0.99979900  -6.2885756e-05  1.1088280e-05  
-4.3647865e-05  1.7310119e-09  -3.1799957e-05  -4.4053627e-10  8.1407743e-10  1.0528717e-05  4.6316195e-10  -6.2885756e-05  0.99991499  -1.9389997e-05  
3.6535597e-05  -1.2762380e-10  2.4181508e-09  -3.1795521e-05  -1.1188600e-09  -1.7461558e-09  1.0525853e-05  1.1088280e-05  -1.9389997e-05  0.99987099  
