1.0000000   -9.7858143e-17  -2.9918216e-17  -2.2297577e-16  2.4167912e-16  1.6352072e-16  -2.2335022e-16  -2.4561978e-16  1.5323051e-16  -9.6555615e-17  
-9.7857391e-17  1.0000000   3.1017991e-16  2.1765839e-16  -1.2573821e-16  2.5204477e-16  3.9714904e-16  1.4398475e-16  6.3137473e-17  -2.0249980e-16  
-2.9913569e-17  3.1017890e-16  1.0000000   -4.9699424e-19  2.5333340e-16  -5.0001966e-16  4.2493747e-17  1.0140779e-16  9.8527607e-16  -1.1727832e-16  
-2.2297896e-16  2.1766129e-16  -4.9870825e-19  1.0000000   -4.2154961e-17  1.2415308e-16  2.9126843e-16  -2.6438309e-16  -3.2809507e-16  3.0592670e-16  
2.4167922e-16  -1.2573321e-16  2.5333340e-16  -4.2154961e-17  1.0000000   -5.9980804e-16  -5.5202057e-16  3.6850565e-16  1.1608854e-16  -4.3088244e-16  
1.6349302e-16  2.5204477e-16  -5.0002301e-16  1.2415308e-16  -5.9980854e-16  1.0000000   -3.6089836e-16  2.7138700e-16  5.0914788e-16  -6.8022954e-17  
-2.2333417e-16  3.9714904e-16  4.2493747e-17  2.9125160e-16  -5.5202113e-16  -3.6089672e-16  1.0000000   -1.5715516e-16  2.4837005e-16  -2.1914860e-16  
-2.4561897e-16  1.4398417e-16  1.0140779e-16  -2.6438309e-16  3.6850697e-16  2.7138700e-16  -1.5715516e-16  1.0000000   -6.3904399e-16  -2.5612921e-16  
1.5322879e-16  6.3137473e-17  9.8527529e-16  -3.2809507e-16  1.1608854e-16  5.0914845e-16  2.4837005e-16  -6.3904150e-16  1.0000000   -1.3289439e-16  
-9.6557944e-17  -2.0249980e-16  -1.1727832e-16  3.0592755e-16  -4.3088244e-16  -6.8022955e-17  -2.1914987e-16  -2.5611566e-16  -1.3289947e-16  1.0000000   
