1.0000000   -2.8446244e-16  -1.0634716e-16  -6.5773802e-17  1.2348922e-16  -3.4003990e-16  -6.5067716e-16  -2.6750988e-16  9.4343041e-17  1.3458506e-16  
-2.8445611e-16  1.0000000   -3.1368216e-17  1.4110891e-16  1.3852109e-17  4.1633363e-17  5.5511151e-17  -1.1735254e-16  -4.0072112e-16  -1.8041124e-16  
-1.0634716e-16  -3.1374023e-17  1.0000000   -2.4383029e-16  4.5796700e-16  1.2487441e-16  -2.7755576e-17  2.6367797e-16  2.5908246e-16  -1.1102230e-16  
-6.5773802e-17  1.4112924e-16  -2.4383029e-16  1.0000000   5.5511151e-17  -4.5796700e-16  9.7118836e-17  -6.9388939e-17  3.7816972e-16  3.1285889e-16  
1.2348912e-16  1.3853106e-17  4.5796700e-16  5.5511151e-17  1.0000000   -4.3382406e-16  -1.9195799e-16  -2.4030777e-16  -1.2143064e-17  9.0205621e-17  
-3.4003940e-16  4.1633363e-17  1.2487541e-16  -4.5796700e-16  -4.3382987e-16  1.0000000   7.5358827e-17  2.5673907e-16  2.2502840e-17  5.5511151e-17  
-6.5067546e-16  5.5511151e-17  -2.7755576e-17  9.7119833e-17  -1.9193767e-16  7.5358827e-17  1.0000000   1.1102230e-16  -1.8041124e-16  -1.4316325e-16  
-2.6751241e-16  -1.1735336e-16  2.6367797e-16  -6.9388939e-17  -2.4030546e-16  2.5673907e-16  1.1102230e-16  1.0000000   6.6643660e-17  3.3539794e-16  
9.4347748e-17  -4.0072112e-16  2.5908163e-16  3.7816972e-16  -1.2143064e-17  2.2505151e-17  -1.8041124e-16  6.6637853e-17  1.0000000   -8.5271823e-16  
1.3458337e-16  -1.8041124e-16  -1.1102230e-16  3.1285806e-16  9.0205621e-17  5.5511151e-17  -1.4316094e-16  3.3541827e-16  -8.5271823e-16  1.0000000   
