1.0000000   -7.9523162e-17  2.5132458e-16  2.5050491e-16  2.6956691e-17  1.2232488e-16  -5.1260570e-16  4.1692133e-16  -2.1370966e-16  -3.7457491e-17  
-7.9524896e-17  1.0000000   -3.1729675e-16  -1.6299624e-16  -2.5774962e-16  -2.1163626e-16  3.1918912e-16  2.4091783e-16  3.6082248e-16  2.6367797e-16  
2.5132595e-16  -3.1728863e-16  1.0000000   -3.4096803e-16  -5.2041704e-16  -2.5296678e-17  -1.4398205e-16  2.8275993e-16  2.4785672e-16  -1.7780916e-16  
2.5050830e-16  -1.6300302e-16  -3.4097481e-16  1.0000000   -4.0245585e-16  -1.1969592e-16  -3.1673022e-16  4.6143644e-16  -2.8449465e-16  4.6628798e-17  
2.6955312e-17  -2.5772987e-16  -5.2041704e-16  -4.0245585e-16  1.0000000   -2.9332655e-17  -1.3524067e-16  3.6540245e-16  -1.9428903e-16  6.9388939e-18  
1.2232604e-16  -2.1163626e-16  -2.5276926e-17  -1.1969592e-16  -2.9324537e-17  1.0000000   1.6385005e-17  1.1470859e-16  1.8932802e-16  -2.8622937e-17  
-5.1260232e-16  3.1918912e-16  -1.4398205e-16  -3.1671047e-16  -1.3524744e-16  1.6378229e-17  1.0000000   6.9388939e-17  3.8163916e-17  -2.8338413e-16  
4.1692123e-16  2.4091562e-16  2.8275993e-16  4.6143644e-16  3.6540529e-16  1.1470859e-16  6.9388939e-17  1.0000000   -2.4530573e-16  -1.6845791e-17  
-2.1371420e-16  3.6082248e-16  2.4785451e-16  -2.8449465e-16  -1.9428903e-16  1.8933086e-16  3.8163916e-17  -2.4529761e-16  1.0000000   -2.3341518e-16  
-3.7458338e-17  2.6367797e-16  -1.7780916e-16  4.6626591e-17  6.9388939e-18  -2.8622937e-17  -2.8338129e-16  -1.6852568e-17  -2.3342195e-16  1.0000000   
