1.0000000   3.1033940e-16  8.8712440e-17  -2.7836611e-16  8.7122432e-17  -1.8012902e-16  1.1901012e-16  1.9951383e-17  -1.0989750e-17  2.0484528e-16  
3.1035081e-16  1.0000000   -4.3730589e-16  1.4678303e-16  -8.4674781e-17  -3.2480167e-16  6.7597094e-16  1.0154047e-15  2.4627930e-16  2.5765496e-17  
8.8716927e-17  -4.3729261e-16  1.0000000   -6.7305388e-16  4.3933231e-16  1.1050214e-16  5.7968692e-16  5.1955255e-16  2.9404346e-16  -3.0643412e-16  
-2.7836750e-16  1.4678921e-16  -6.7305187e-16  1.0000000   3.2109727e-16  -3.0247530e-16  2.4596017e-17  1.8775515e-16  2.6616560e-16  -2.6297493e-16  
8.7126809e-17  -8.4682170e-17  4.3933231e-16  3.2109727e-16  1.0000000   3.7312377e-16  1.2423072e-16  -9.9243151e-17  -1.0525647e-17  -1.3749470e-16  
-1.8012948e-16  -3.2480167e-16  1.1049987e-16  -3.0247530e-16  3.7312020e-16  1.0000000   -2.9037042e-16  -4.2270318e-16  -6.0758126e-16  1.8738109e-16  
1.1901033e-16  6.7597094e-16  5.7968692e-16  2.4598854e-17  1.2422808e-16  -2.9037364e-16  1.0000000   -2.0494714e-16  2.6015059e-16  1.6507656e-16  
1.9956253e-17  1.0153987e-15  5.1955255e-16  1.8775515e-16  -9.9237432e-17  -4.2270318e-16  -2.0494714e-16  1.0000000   -1.7685291e-16  3.8008062e-17  
-1.0994148e-17  2.4627929e-16  2.9405450e-16  2.6616560e-16  -1.0525648e-17  -6.0758166e-16  2.6015059e-16  -1.7683678e-16  1.0000000   2.3364557e-17  
2.0484550e-16  2.5765496e-17  -3.0643412e-16  -2.6298679e-16  -1.3749470e-16  1.8738109e-16  1.6507317e-16  3.8006368e-17  2.3351004e-17  1.0000000   
