1.0000000   1.6743896e-17  -1.0416452e-16  -2.7271920e-17  -4.1175741e-18  -1.6135304e-16  -1.4968766e-17  1.7629048e-17  -2.4594178e-17  -2.6163154e-17  
1.6743946e-17  1.0000000   -9.7371151e-17  -2.4802988e-16  -4.9116712e-18  -2.6237693e-16  -1.8041124e-16  -3.0703585e-16  -8.5348395e-16  1.3877788e-16  
-1.0416345e-16  -9.7365534e-17  1.0000000   5.4858597e-16  3.6385825e-16  -1.1788554e-16  3.7123082e-16  -4.5081126e-16  3.2093405e-16  1.3183898e-16  
-2.7272343e-17  -2.4803158e-16  5.4859952e-16  1.0000000   1.2143064e-16  -4.5623227e-16  -1.0118882e-16  1.1709383e-16  7.6327833e-16  -2.0642189e-16  
-4.1176487e-18  -4.9096527e-18  3.6385825e-16  1.2143064e-16  1.0000000   -3.8533525e-16  1.9605933e-16  5.9547575e-16  -4.6664062e-16  -1.2490009e-16  
-1.6135194e-16  -2.6237693e-16  -1.1788352e-16  -4.5623227e-16  -3.8532963e-16  1.0000000   -5.3561620e-16  -2.0881734e-16  6.0848618e-16  -2.3939184e-16  
-1.4982319e-17  -1.8041124e-16  3.7123082e-16  -1.0118681e-16  1.9605763e-16  -5.3560265e-16  1.0000000   4.5796700e-16  -2.2204460e-16  -5.7979940e-16  
1.7642551e-17  -3.0703058e-16  -4.5081126e-16  1.1709383e-16  5.9548307e-16  -2.0881734e-16  4.5796700e-16  1.0000000   2.5304299e-16  8.8506473e-17  
-2.4593161e-17  -8.5348395e-16  3.2093931e-16  7.6327833e-16  -4.6664062e-16  6.0849350e-16  -2.2204460e-16  2.5304861e-16  1.0000000   -2.9076947e-17  
-2.6169930e-17  1.3877788e-16  1.3183898e-16  -2.0641662e-16  -1.2490009e-16  -2.3939184e-16  -5.7979208e-16  8.8504779e-17  -2.9063394e-17  1.0000000   
