1.0000000   1.2101276e-16  -1.2026607e-18  -6.2290803e-18  2.3559526e-18  1.2174977e-18  5.9122900e-19  1.0301954e-17  -3.4573670e-17  2.5834505e-18  
1.2102231e-16  1.0000000   4.5432313e-16  -4.3307101e-17  2.4479782e-16  -1.4918622e-16  -2.2204460e-16  9.0405030e-17  1.6653345e-16  7.9797280e-17  
-1.2031099e-18  4.5432833e-16  1.0000000   -1.6975811e-17  -6.9388939e-17  -1.7912523e-16  -3.2526065e-18  7.3725748e-17  5.5964773e-16  7.7628876e-17  
-6.2307744e-18  -4.3302018e-17  -1.6975811e-17  1.0000000   -2.7061686e-16  9.5409791e-17  2.0305604e-16  -6.2883726e-17  1.8388069e-16  1.8581482e-16  
2.3552305e-18  2.4479339e-16  -6.9388939e-17  -2.7061686e-16  1.0000000   1.7329792e-16  2.8368827e-16  2.5071032e-17  -3.1918912e-16  -4.1633363e-17  
1.2162455e-18  -1.4918622e-16  -1.7912966e-16  9.5409791e-17  1.7330313e-16  1.0000000   2.0537584e-17  -1.1622647e-16  -4.3463069e-16  -2.3115190e-16  
5.9122900e-19  -2.2204460e-16  -3.2526065e-18  2.0305161e-16  2.8369336e-16  2.0537584e-17  1.0000000   -5.6270093e-17  -4.4625761e-16  1.8565819e-17  
1.0299360e-17  9.0414577e-17  7.3725748e-17  -6.2883726e-17  2.5071740e-17  -1.1622647e-16  -5.6270093e-17  1.0000000   5.8806173e-17  2.8108619e-16  
-3.4578010e-17  1.6653345e-16  5.5965728e-16  1.8388069e-16  -3.1918912e-16  -4.3462998e-16  -4.4625761e-16  5.8811382e-17  1.0000000   -2.2427527e-16  
2.5783683e-18  7.9797280e-17  7.7628876e-17  1.8582437e-16  -4.1633363e-17  -2.3115190e-16  1.8566527e-17  2.8109127e-16  -2.2427527e-16  1.0000000   
