1.0000000   -1.1040161e-16  1.8308094e-16  -4.5700275e-16  -5.3130854e-16  1.0714679e-15  -1.3208795e-16  6.7200409e-16  2.6672238e-16  -1.3760389e-16  
-1.1039983e-16  1.0000000   4.9202769e-16  5.6415616e-16  -4.1302175e-16  3.5673275e-17  -4.2978192e-16  -7.5863236e-17  2.2772560e-17  1.1011411e-16  
1.8308116e-16  4.9201680e-16  1.0000000   4.1698713e-17  4.6281158e-16  3.1579782e-18  1.3011644e-16  -1.9490886e-16  -1.7583162e-17  1.0724834e-17  
-4.5700176e-16  5.6415539e-16  4.1697569e-17  1.0000000   -4.7120456e-16  -5.0576161e-16  -1.6053030e-16  -3.2834222e-16  -6.7636341e-17  2.0135815e-16  
-5.3131136e-16  -4.1302489e-16  4.6281158e-16  -4.7120456e-16  1.0000000   1.0748629e-16  3.5610586e-16  2.8425345e-16  -3.3902423e-16  4.2888579e-17  
1.0714749e-15  3.5673275e-17  3.1651674e-18  -5.0576161e-16  1.0748759e-16  1.0000000   7.4528882e-17  -6.0029845e-16  -1.6709031e-16  6.6059742e-17  
-1.3207505e-16  -4.2978192e-16  1.3011644e-16  -1.6053464e-16  3.5610543e-16  7.4530679e-17  1.0000000   1.4565353e-16  -1.8543142e-16  3.5255375e-16  
6.7200336e-16  -7.5863598e-17  -1.9490886e-16  -3.2834222e-16  2.8425597e-16  -6.0029845e-16  1.4565353e-16  1.0000000   -1.2175940e-16  -7.3041769e-16  
2.6672937e-16  2.2772560e-17  -1.7583071e-17  -6.7636341e-17  -3.3902423e-16  -1.6709452e-16  -1.8543142e-16  -1.2175589e-16  1.0000000   3.6538503e-16  
-1.3760220e-16  1.1011411e-16  1.0724834e-17  2.0135900e-16  4.2888579e-17  6.6059742e-17  3.5255544e-16  -7.3041769e-16  3.6538630e-16  1.0000000   
