1.0000000   -1.0021465e-16  -1.1834928e-16  1.0699228e-16  5.0023877e-16  1.7129083e-16  -7.8816805e-17  2.5320308e-16  3.4970680e-16  -1.0988453e-16  
-1.0021497e-16  1.0000000   5.8894304e-16  2.4017748e-16  5.1616260e-16  1.6676443e-16  -4.5796285e-16  2.2552244e-16  3.1021175e-16  1.7866705e-16  
-1.1834882e-16  5.8895194e-16  1.0000000   -9.1587201e-17  -3.3206582e-16  -1.4871224e-16  -5.2384648e-16  4.3687407e-17  -2.7880952e-16  2.1490588e-16  
1.0699002e-16  2.4017540e-16  -9.1591635e-17  1.0000000   6.5678828e-16  -1.5917940e-16  6.9937407e-16  1.1175177e-16  3.3465369e-16  7.3485233e-16  
5.0024132e-16  5.1614889e-16  -3.3206582e-16  6.5678828e-16  1.0000000   -3.8800132e-18  6.0790753e-18  3.7640621e-16  -6.4188363e-16  5.0449193e-16  
1.7128641e-16  1.6676443e-16  -1.4872040e-16  -1.5917940e-16  -3.8692699e-18  1.0000000   5.3929534e-16  -4.9320109e-17  -1.8753853e-16  6.1023765e-16  
-7.8822832e-17  -4.5796285e-16  -5.2384648e-16  6.9937984e-16  6.0728159e-18  5.3929293e-16  1.0000000   -2.1071258e-16  -1.5107647e-16  4.8929282e-17  
2.5319104e-16  2.2552234e-16  4.3687407e-17  1.1175177e-16  3.7640675e-16  -4.9320110e-17  -2.1071258e-16  1.0000000   1.2152414e-16  -7.1294763e-17  
3.4970810e-16  3.1021175e-16  -2.7880830e-16  3.3465369e-16  -6.4188363e-16  -1.8753861e-16  -1.5107647e-16  1.2153104e-16  1.0000000   -4.4275090e-16  
-1.0988347e-16  1.7866705e-16  2.1490588e-16  7.3485148e-16  5.0449193e-16  6.1023765e-16  4.8928858e-17  -7.1294763e-17  -4.4274412e-16  1.0000000   
