1.0000000   -3.8004141e-16  4.9154668e-16  4.9035134e-17  -1.4976831e-17  3.7157958e-16  -3.5782560e-16  6.7332426e-16  -2.9512758e-16  4.3479895e-16  
-3.8004119e-16  1.0000000   -1.7004963e-15  3.1241140e-16  -5.0547316e-16  -1.6217857e-16  5.0988448e-16  -3.6865631e-16  1.0975944e-15  -8.7201237e-16  
4.9155226e-16  -1.7005114e-15  1.0000000   4.5384276e-16  -3.3368033e-17  -4.7609504e-16  2.6059740e-16  -2.9743200e-16  4.7849868e-16  4.7888817e-16  
4.9016336e-17  3.1239047e-16  4.5384372e-16  1.0000000   -6.2250065e-16  -4.4485054e-16  -1.4170827e-16  1.8814141e-16  4.3955705e-16  1.7488096e-16  
-1.4974119e-17  -5.0549875e-16  -3.3368034e-17  -6.2250065e-16  1.0000000   -1.2387054e-15  2.6877880e-16  4.1315877e-16  -3.5544036e-16  -4.4576508e-16  
3.7158087e-16  -1.6217857e-16  -4.7609811e-16  -4.4485054e-16  -1.2387158e-15  1.0000000   2.2085387e-17  -1.2672122e-16  -3.7129390e-17  1.3939350e-17  
-3.5782121e-16  5.0988448e-16  2.6059740e-16  -1.4169991e-16  2.6878511e-16  2.2084017e-17  1.0000000   -3.2317923e-16  5.4436231e-17  4.4480241e-16  
6.7332420e-16  -3.6865621e-16  -2.9743200e-16  1.8814141e-16  4.1314210e-16  -1.2672122e-16  -3.2317923e-16  1.0000000   -5.4352129e-16  2.1100607e-16  
-2.9511510e-16  1.0975944e-15  4.7849971e-16  4.3955705e-16  -3.5544036e-16  -3.7128751e-17  5.4436231e-17  -5.4352604e-16  1.0000000   -7.7456420e-16  
4.3477185e-16  -8.7201237e-16  4.7888818e-16  1.7487800e-16  -4.4576508e-16  1.3939351e-17  4.4480580e-16  2.1097897e-16  -7.7455064e-16  1.0000000   
