1.0002600   -9.3361806e-05  6.2498647e-05  9.0180431e-06  1.4494666e-05  -1.4011612e-06  -2.5582477e-05  -2.8168333e-05  -2.3812379e-05  -5.1223682e-05  
-9.3361806e-05  1.0001880   -3.0988705e-05  4.3090129e-05  -2.3560657e-05  8.6057866e-10  1.3728029e-09  -9.9535590e-05  5.3059891e-09  4.9270004e-10  
6.2498647e-05  -3.0988705e-05  1.0001800   -5.2484897e-05  1.6354593e-09  -2.3559204e-05  -3.6216602e-10  1.3233752e-09  -9.9538912e-05  2.0227488e-09  
9.0180431e-06  4.3090129e-05  -5.2484897e-05  1.0002410   -8.8432296e-10  1.2236561e-09  -2.3560784e-05  -4.5423496e-09  5.0086422e-09  -9.9543958e-05  
1.4494666e-05  -2.3560657e-05  1.6354593e-09  -8.8432296e-10  1.0000580   -3.0978865e-05  4.3084998e-05  -2.0709264e-05  2.9643647e-10  -1.6344742e-09  
-1.4011612e-06  8.6057866e-10  -2.3559204e-05  1.2236561e-09  -3.0978865e-05  1.0000500   -5.2478602e-05  6.8095735e-10  -2.0708657e-05  1.1584635e-09  
-2.5582477e-05  1.3728029e-09  -3.6216602e-10  -2.3560784e-05  4.3084998e-05  -5.2478602e-05  1.0001110   -1.7176857e-10  1.6957308e-09  -2.0708643e-05  
-2.8168333e-05  -9.9535590e-05  1.3233752e-09  -4.5423496e-09  -2.0709264e-05  6.8095735e-10  -1.7176857e-10  1.0001880   -3.0982201e-05  4.3092413e-05  
-2.3812379e-05  5.3059891e-09  -9.9538912e-05  5.0086422e-09  2.9643647e-10  -2.0708657e-05  1.6957308e-09  -3.0982201e-05  1.0001800   -5.2484241e-05  
-5.1223682e-05  4.9270004e-10  2.0227488e-09  -9.9543958e-05  -1.6344742e-09  1.1584635e-09  -2.0708643e-05  4.3092413e-05  -5.2484241e-05  1.0002410   
