1.0000000   1.0308669e-16  -1.5511795e-16  1.9401036e-16  2.0453050e-16  2.1961026e-16  -8.1735604e-16  1.0976123e-16  -3.9568965e-17  -4.5116532e-16  
1.0309211e-16  1.0000000   5.4879473e-16  -7.5402735e-16  5.4214682e-16  2.9568877e-16  1.4824101e-16  -9.4388658e-17  -1.1998985e-16  4.5706349e-16  
-1.5510271e-16  5.4879659e-16  1.0000000   -4.6245151e-16  -2.6177041e-16  3.6409299e-16  2.0766714e-16  -4.5846828e-16  1.7382193e-16  7.1874248e-17  
1.9400696e-16  -7.5403500e-16  -4.6245070e-16  1.0000000   2.9953340e-16  2.1839995e-16  -1.1164525e-15  5.3164100e-16  3.1596448e-16  -1.9255092e-16  
2.0453113e-16  5.4214419e-16  -2.6177041e-16  2.9953340e-16  1.0000000   -3.6355842e-16  -7.9571748e-16  2.1997748e-16  1.7662428e-16  5.0911252e-16  
2.1961088e-16  2.9568877e-16  3.6409250e-16  2.1839995e-16  -3.6355739e-16  1.0000000   -5.0440643e-16  -2.7759808e-16  -3.5112757e-16  1.3155607e-16  
-8.1735166e-16  1.4824101e-16  2.0766714e-16  -1.1164575e-15  -7.9571013e-16  -5.0440892e-16  1.0000000   7.0636785e-16  5.1920181e-16  4.2545279e-16  
1.0976055e-16  -9.4413749e-17  -4.5846828e-16  5.3164100e-16  2.1997420e-16  -2.7759808e-16  7.0636785e-16  1.0000000   -2.6740888e-16  -3.3169810e-16  
-3.9568520e-17  -1.1998985e-16  1.7379840e-16  3.1596448e-16  1.7662428e-16  -3.5113494e-16  5.1920181e-16  -2.6741428e-16  1.0000000   1.1241821e-17  
-4.5117210e-16  4.5706349e-16  7.1874249e-17  -1.9256108e-16  5.0911252e-16  1.3155607e-16  4.2544771e-16  -3.3169810e-16  1.1248598e-17  1.0000000   
