1.0000000   -2.7369494e-17  -1.6570043e-16  7.0856436e-16  9.1616019e-16  -2.7172666e-16  -2.9523684e-16  1.5776975e-16  4.2272413e-16  -3.1956097e-16  
-2.7367069e-17  1.0000000   -2.2954103e-16  3.7396502e-16  1.1389796e-16  -5.4442275e-16  1.1912813e-16  1.8917416e-16  -7.9875754e-17  -1.5482499e-16  
-1.6570667e-16  -2.2954268e-16  1.0000000   -2.2429218e-16  7.0221098e-17  -2.1388721e-16  2.7211880e-16  1.9151142e-16  6.1480376e-17  3.6819893e-16  
7.0856001e-16  3.7396558e-16  -2.2429074e-16  1.0000000   3.1833504e-17  -1.9685813e-16  2.6701519e-16  3.0575012e-17  -1.4670691e-16  2.6766241e-18  
9.1615634e-16  1.1389660e-16  7.0221099e-17  3.1833504e-17  1.0000000   -1.0543790e-16  3.8168263e-16  -3.9349161e-17  5.6197880e-16  -2.3333265e-17  
-2.7172670e-16  -5.4442275e-16  -2.1387482e-16  -1.9685813e-16  -1.0543984e-16  1.0000000   -8.2316975e-16  -3.7651827e-17  -3.4580612e-16  3.0183454e-16  
-2.9522970e-16  1.1912813e-16  2.7211880e-16  2.6700416e-16  3.8168401e-16  -8.2316648e-16  1.0000000   3.6037911e-17  -2.5027694e-16  -1.7215945e-18  
1.5776952e-16  1.8918855e-16  1.9151142e-16  3.0575012e-17  -3.9347221e-17  -3.7651827e-17  3.6037911e-17  1.0000000   -2.3336756e-16  -5.0815201e-17  
4.2273721e-16  -7.9875753e-17  6.1467654e-17  -1.4670691e-16  5.6197880e-16  -3.4580744e-16  -2.5027694e-16  -2.3336738e-16  1.0000000   6.2129867e-16  
-3.1956224e-16  -1.5482499e-16  3.6819893e-16  2.6732360e-18  -2.3333265e-17  3.0183454e-16  -1.7224415e-18  -5.0812659e-17  6.2129358e-16  1.0000000   
