0.99980400  -3.3762520e-05  -1.5886605e-05  -8.5858121e-05  1.8106729e-05  3.2685008e-05  -7.2046828e-05  6.9912012e-05  4.6007866e-05  -4.4312088e-05  
-3.3762520e-05  0.99990299  1.9693492e-05  3.8479132e-05  -3.1741155e-05  -1.7288703e-09  1.2115843e-09  4.9022339e-05  -5.8811112e-10  3.3828498e-09  
-1.5886605e-05  1.9693492e-05  0.99986299  -3.3951396e-06  -9.1283657e-10  -3.1739793e-05  1.2526212e-09  -1.4534733e-10  4.9022008e-05  5.3757789e-10  
-8.5858121e-05  3.8479132e-05  -3.3951396e-06  0.99988299  -2.7762895e-09  -2.6990062e-09  -3.1733721e-05  -4.1172219e-09  -4.1174520e-09  4.9027525e-05  
1.8106729e-05  -3.1741155e-05  -9.1283657e-10  -2.7762895e-09  0.99991298  1.9693744e-05  3.8475312e-05  -2.9216871e-05  2.5776797e-10  -1.9268172e-09  
3.2685008e-05  -1.7288703e-09  -3.1739793e-05  -2.6990062e-09  1.9693744e-05  0.99987299  -3.3988931e-06  1.7100753e-09  -2.9215464e-05  -1.3493757e-09  
-7.2046828e-05  1.2115843e-09  1.2526212e-09  -3.1733721e-05  3.8475312e-05  -3.3988931e-06  0.99989298  -6.1622390e-09  -3.2161215e-09  -2.9214359e-05  
6.9912012e-05  4.9022339e-05  -1.4534733e-10  -4.1172219e-09  -2.9216871e-05  1.7100753e-09  -6.1622390e-09  0.99981400  1.9694420e-05  3.8469709e-05  
4.6007866e-05  -5.8811112e-10  4.9022008e-05  -4.1174520e-09  2.5776797e-10  -2.9215464e-05  -3.2161215e-09  1.9694420e-05  0.99977401  -3.3982407e-06  
-4.4312088e-05  3.3828498e-09  5.3757789e-10  4.9027525e-05  -1.9268172e-09  -1.3493757e-09  -2.9214359e-05  3.8469709e-05  -3.3982407e-06  0.99979399  
