1.0000000   8.5873839e-17  8.9454170e-17  2.7231628e-17  -2.0020981e-16  -4.9928578e-17  -1.9402651e-16  -4.1490736e-17  1.8094655e-16  -4.0174349e-16  
8.5875094e-17  1.0000000   -2.0067841e-16  -3.1313729e-16  -5.5962612e-17  -2.2147830e-16  4.0602497e-16  7.1842552e-17  -2.2736927e-16  2.9058393e-16  
8.9443473e-17  -2.0067866e-16  1.0000000   -1.6119117e-16  9.1809665e-17  -7.1009601e-17  3.6397626e-17  -3.6896508e-16  -1.0934060e-16  -1.2408375e-16  
2.7229837e-17  -3.1312540e-16  -1.6119460e-16  1.0000000   -4.1752688e-16  -2.6675459e-16  6.7163836e-16  -1.5181287e-16  6.8453491e-18  1.4655195e-16  
-2.0020417e-16  -5.5970924e-17  9.1809665e-17  -4.1752688e-16  1.0000000   2.2152918e-16  8.4754078e-18  -2.6023596e-16  -3.4387163e-16  3.0698686e-16  
-4.9928400e-17  -2.2147830e-16  -7.1003794e-17  -2.6675459e-16  2.2153114e-16  1.0000000   -3.1649941e-16  2.9040437e-16  -2.2096788e-16  -4.9817800e-16  
-1.9402581e-16  4.0602497e-16  3.6397626e-17  6.7163627e-16  8.4634895e-18  -3.1649593e-16  1.0000000   4.0147876e-16  2.3403867e-16  6.6515295e-16  
-4.1486566e-17  7.1844154e-17  -3.6896508e-16  -1.5181287e-16  -2.6024246e-16  2.9040437e-16  4.0147877e-16  1.0000000   -9.8964755e-17  -7.0673719e-16  
1.8094506e-16  -2.2736927e-16  -1.0934177e-16  6.8453492e-18  -3.4387163e-16  -2.2096429e-16  2.3403867e-16  -9.8965879e-17  1.0000000   1.8374855e-16  
-4.0174222e-16  2.9058393e-16  -1.2408375e-16  1.4655703e-16  3.0698686e-16  -4.9817800e-16  6.6515973e-16  -7.0672363e-16  1.8375363e-16  1.0000000   
