1.0000000   -3.3180431e-16  1.9700304e-16  -1.3600977e-16  -1.4613797e-16  5.1749624e-17  -1.2240304e-16  5.4352832e-17  -2.4484132e-16  -2.1934342e-16  
-3.3180882e-16  1.0000000   -3.6081686e-16  -1.3673483e-16  1.7685808e-16  6.5919492e-16  -7.6327833e-17  1.9032690e-16  4.8572257e-17  -5.5511151e-17  
1.9700493e-16  -3.6081406e-16  1.0000000   2.7888052e-16  4.1633363e-16  -1.3018798e-16  -3.2265857e-16  2.4980018e-16  -3.9621303e-18  2.4980018e-16  
-1.3601994e-16  -1.3673822e-16  2.7887882e-16  1.0000000   4.9960036e-16  7.6327833e-17  -7.8764818e-16  -2.7755576e-17  5.8286709e-16  3.9849372e-16  
-1.4613884e-16  1.7685625e-16  4.1633363e-16  4.9960036e-16  1.0000000   3.8169537e-17  -1.2112232e-16  8.2681351e-17  -3.5041414e-16  1.3877788e-16  
5.1748655e-17  6.5919492e-16  -1.3018981e-16  7.6327833e-17  3.8172344e-17  1.0000000   -4.6130431e-16  2.4286129e-17  4.1481668e-17  2.9056618e-16  
-1.2240643e-16  -7.6327833e-17  -3.2265857e-16  -7.8765000e-16  -1.2112571e-16  -4.6130600e-16  1.0000000   -2.5673907e-16  -1.1666015e-16  -5.8698613e-17  
5.4349089e-17  1.9032844e-16  2.4980018e-16  -2.7755576e-17  8.2681414e-17  2.4286129e-17  -2.5673907e-16  1.0000000   3.2613363e-16  -2.4775714e-16  
-2.4485737e-16  4.8572257e-17  -3.9605887e-18  5.8286709e-16  -3.5041414e-16  4.1481731e-17  -1.1666015e-16  3.2613644e-16  1.0000000   6.5011134e-16  
-2.1934426e-16  -5.5511151e-17  2.4980018e-16  3.9849526e-16  1.3877788e-16  2.9056618e-16  -5.8698550e-17  -2.4776053e-16  6.5010965e-16  1.0000000   
