1.0000000   -1.8052439e-16  -1.0723540e-16  -3.0895443e-16  1.5291538e-16  4.6485964e-16  -4.2987838e-16  2.0407894e-16  1.1537822e-16  2.4427753e-16  
-1.8052445e-16  1.0000000   7.4005919e-16  -2.2932980e-17  -9.3523787e-17  8.4218355e-16  1.0779737e-15  6.5858834e-16  2.0178105e-16  3.3438928e-16  
-1.0723542e-16  7.4006265e-16  1.0000000   3.5201168e-16  1.5354505e-16  5.2649260e-17  5.8459678e-16  -3.5550582e-16  3.9196733e-16  -3.4348275e-16  
-3.0894607e-16  -2.2938626e-17  3.5201238e-16  1.0000000   2.1246441e-16  -5.7678868e-16  3.1999811e-16  1.3922739e-16  -3.4870561e-16  -1.6729240e-16  
1.5291493e-16  -9.3514085e-17  1.5354505e-16  2.1246441e-16  1.0000000   1.1987376e-16  -4.7449870e-16  -6.9152644e-16  6.9974855e-17  8.9469164e-17  
4.6487008e-16  8.4218355e-16  5.2656708e-17  -5.7678868e-16  1.1987074e-16  1.0000000   -3.2740095e-16  1.6394518e-16  -1.1979708e-16  -1.8316638e-16  
-4.2987217e-16  1.0779737e-15  5.8459678e-16  3.1998115e-16  -4.7450057e-16  -3.2740377e-16  1.0000000   5.0073160e-16  2.2045771e-16  -5.7887079e-16  
2.0407246e-16  6.5858989e-16  -3.5550582e-16  1.3922739e-16  -6.9152993e-16  1.6394518e-16  5.0073160e-16  1.0000000   6.3991781e-16  -9.0107365e-18  
1.1537852e-16  2.0178105e-16  3.9197168e-16  -3.4870561e-16  6.9974855e-17  -1.1980497e-16  2.2045771e-16  6.3991693e-16  1.0000000   -5.9520497e-16  
2.4425720e-16  3.3438928e-16  -3.4348275e-16  -1.6731272e-16  8.9469163e-17  -1.8316638e-16  -5.7888264e-16  -9.0141246e-18  -5.9520243e-16  1.0000000   
