1.0000000   7.7178824e-16  -2.6877312e-16  2.9503852e-17  7.4843317e-17  -9.1403651e-17  2.2159737e-16  4.9001500e-17  -1.7301198e-17  7.6893651e-18  
7.7178864e-16  1.0000000   -7.3049567e-16  7.8316666e-17  -2.0692521e-16  -1.3877788e-17  -5.2735594e-16  1.1900100e-16  -5.5511151e-17  9.8879238e-17  
-2.6877471e-16  -7.3049081e-16  1.0000000   -3.2482019e-16  5.5511151e-16  -3.1718140e-17  -2.9143354e-16  9.0205621e-17  1.8318577e-16  -3.3350059e-16  
2.9504275e-17  7.8320054e-17  -3.2481681e-16  1.0000000   2.4980018e-16  1.4571677e-16  -8.8964015e-17  2.2551405e-16  -6.9388939e-17  -3.7366046e-16  
7.4845229e-17  -2.0692723e-16  5.5511151e-16  2.4980018e-16  1.0000000   1.9584667e-16  1.2688892e-16  -3.1607734e-16  -4.4408921e-16  1.8214596e-17  
-9.1400024e-17  -1.3877788e-17  -3.1720157e-17  1.4571677e-16  1.9585153e-16  1.0000000   -2.0685900e-16  -2.4459601e-16  -1.9464669e-16  -1.3899472e-16  
2.2159060e-16  -5.2735594e-16  -2.9143354e-16  -8.8966031e-17  1.2689231e-16  -2.0685561e-16  1.0000000   1.3877788e-17  -1.1102230e-16  -7.2965572e-18  
4.9002511e-17  1.1899995e-16  9.0205621e-17  2.2551405e-16  -3.1607962e-16  -2.4459601e-16  1.3877788e-17  1.0000000   3.3462455e-16  1.8543584e-16  
-1.7302420e-17  -5.5511151e-17  1.8318472e-16  -6.9388939e-17  -4.4408921e-16  -1.9464898e-16  -1.1102230e-16  3.3462941e-16  1.0000000   1.0886067e-16  
7.6894710e-18  9.8879238e-17  -3.3350059e-16  -3.7366152e-16  1.8214596e-17  -1.3899472e-16  -7.2988425e-18  1.8543923e-16  1.0886406e-16  1.0000000   
