1.0000000   -4.5893257e-16  -4.6806557e-17  5.5202934e-16  -3.1833023e-16  -2.1212278e-16  4.7477765e-16  4.8967345e-16  -2.5396967e-16  -2.0383001e-16  
-4.5893094e-16  1.0000000   8.5242426e-18  -2.9311375e-16  1.1969543e-16  1.3032687e-16  -2.8457204e-16  -3.1766085e-17  4.5147868e-16  1.6001605e-16  
-4.6807364e-17  8.5157293e-18  1.0000000   -1.0020484e-17  1.6987819e-16  -3.4314573e-17  1.9769231e-16  1.6252624e-16  -1.8810020e-16  -1.7672175e-16  
5.5202767e-16  -2.9311382e-16  -1.0025344e-17  1.0000000   -1.6733535e-16  2.0684951e-17  -4.7765322e-18  4.4451456e-16  3.3703527e-16  -4.4324895e-16  
-3.1832553e-16  1.1970217e-16  1.6987819e-16  -1.6733535e-16  1.0000000   -4.4406025e-16  -2.4098680e-16  1.1517611e-16  -1.7760818e-16  8.2673714e-17  
-2.1212134e-16  1.3032687e-16  -3.4311647e-17  2.0684951e-17  -4.4405677e-16  1.0000000   4.5366284e-16  -1.1986208e-16  3.8669728e-16  8.9032138e-17  
4.7477651e-16  -2.8457204e-16  1.9769231e-16  -4.7822830e-18  -2.4098508e-16  4.5365125e-16  1.0000000   -1.5391331e-16  -2.0367270e-16  -1.2343726e-16  
4.8967097e-16  -3.1763071e-17  1.6252624e-16  4.4451456e-16  1.1517438e-16  -1.1986208e-16  -1.5391331e-16  1.0000000   -1.4045195e-16  1.0473418e-15  
-2.5395043e-16  4.5147868e-16  -1.8810305e-16  3.3703528e-16  -1.7760818e-16  3.8669701e-16  -2.0367270e-16  -1.4045333e-16  1.0000000   -5.6963305e-16  
-2.0382323e-16  1.6001605e-16  -1.7672175e-16  -4.4324557e-16  8.2673714e-17  8.9032138e-17  -1.2343981e-16  1.0473444e-15  -5.6962627e-16  1.0000000   
