1.0002000   4.4413741e-05  -1.9898673e-05  -8.0407287e-06  4.3346116e-05  -5.9394933e-05  9.5262703e-05  2.5006237e-05  5.6962897e-05  4.8793969e-05  
4.4413741e-05  1.0001170   3.2717387e-06  2.8019695e-05  -9.2308747e-05  -2.9394863e-09  1.6438797e-09  -1.0066676e-05  2.4964853e-09  1.8846225e-09  
-1.9898673e-05  3.2717387e-06  1.0001620   3.3534812e-06  -1.1644203e-09  -9.2313644e-05  -2.2047334e-09  -5.3043565e-10  -1.0069373e-05  -1.0044977e-09  
-8.0407287e-06  2.8019695e-05  3.3534812e-06  1.0002900   -2.9347120e-09  1.6797192e-10  -9.2327407e-05  -4.8309508e-10  -4.9168820e-10  -1.0069921e-05  
4.3346116e-05  -9.2308747e-05  -1.1644203e-09  -2.9347120e-09  1.0001270   3.2700811e-06  2.8024461e-05  7.9246527e-05  2.7279367e-09  4.3348079e-09  
-5.9394933e-05  -2.9394863e-09  -9.2313644e-05  1.6797192e-10  3.2700811e-06  1.0001720   3.3476978e-06  -1.2256367e-09  7.9245627e-05  -2.6318307e-09  
9.5262703e-05  1.6438797e-09  -2.2047334e-09  -9.2327407e-05  2.8024461e-05  3.3476978e-06  1.0003000   4.6018872e-09  5.6910589e-09  7.9263801e-05  
2.5006237e-05  -1.0066676e-05  -5.3043565e-10  -4.8309508e-10  7.9246527e-05  -1.2256367e-09  4.6018872e-09  1.0000670   3.2738828e-06  2.8019871e-05  
5.6962897e-05  2.4964853e-09  -1.0069373e-05  -4.9168820e-10  2.7279367e-09  7.9245627e-05  5.6910589e-09  3.2738828e-06  1.0001120   3.3559325e-06  
4.8793969e-05  1.8846225e-09  -1.0044977e-09  -1.0069921e-05  4.3348079e-09  -2.6318307e-09  7.9263801e-05  2.8019871e-05  3.3559325e-06  1.0002400   
