1.0000000   -1.5101865e-16  3.9575956e-16  3.3638985e-18  -5.6294971e-16  -1.7070692e-16  8.7260798e-17  3.7622096e-16  -7.2233133e-17  -5.1307496e-16  
-1.5104851e-16  1.0000000   -3.3792570e-16  -4.5228627e-16  -3.3331715e-17  3.4909765e-16  -6.5983173e-16  -1.8227982e-16  2.9453895e-16  7.9795607e-16  
3.9575237e-16  -3.3792995e-16  1.0000000   2.8493588e-16  -2.9521036e-16  5.1223547e-16  2.5480929e-16  6.2767550e-16  -6.2405004e-16  -4.7989929e-16  
3.3697560e-18  -4.5228928e-16  2.8493782e-16  1.0000000   3.3474326e-16  5.5299826e-16  -3.1320789e-16  -1.4190943e-16  4.0133061e-16  6.1265046e-17  
-5.6294397e-16  -3.3353003e-17  -2.9521036e-16  3.3474326e-16  1.0000000   -4.6183376e-17  -4.0366248e-16  -1.3745274e-16  6.2752033e-16  -2.2746087e-16  
-1.7071651e-16  3.4909765e-16  5.1224151e-16  5.5299826e-16  -4.6200592e-17  1.0000000   -7.0195973e-16  -2.8899782e-17  -3.7162748e-16  9.6229194e-17  
8.7260977e-17  -6.5983173e-16  2.5480929e-16  -3.1322349e-16  -4.0365192e-16  -7.0196057e-16  1.0000000   -1.9636407e-16  1.3978387e-16  8.7566901e-17  
3.7623805e-16  -1.8227756e-16  6.2767550e-16  -1.4190943e-16  -1.3745258e-16  -2.8899782e-17  -1.9636407e-16  1.0000000   -2.9510142e-16  -1.0716661e-16  
-7.2233724e-17  2.9453895e-16  -6.2404853e-16  4.0133061e-16  6.2752033e-16  -3.7162876e-16  1.3978387e-16  -2.9508753e-16  1.0000000   8.3767408e-16  
-5.1307835e-16  7.9795607e-16  -4.7989929e-16  6.1259117e-17  -2.2746087e-16  9.6229194e-17  8.7567113e-17  -1.0717000e-16  8.3767916e-16  1.0000000   
