0.99984399  3.3101929e-05  -1.9740270e-05  4.1321316e-05  8.8332897e-05  3.0055517e-05  -1.0021128e-05  -1.4278113e-05  -1.9990874e-05  6.8848325e-05  
3.3101929e-05  0.99991698  3.6932515e-05  3.9866964e-05  -3.0955777e-05  -1.4844702e-10  -1.5660600e-09  8.8429588e-05  2.6044338e-09  5.8049778e-09  
-1.9740270e-05  3.6932515e-05  0.99995698  -2.8034873e-05  -2.8874852e-09  -3.0960533e-05  1.0658207e-09  3.5481713e-09  8.8433993e-05  -3.8385559e-09  
4.1321316e-05  3.9866964e-05  -2.8034873e-05  0.99979700  2.4163115e-09  2.1100974e-09  -3.0955400e-05  2.9355273e-09  -3.3054374e-09  8.8422295e-05  
8.8332897e-05  -3.0955777e-05  -2.8874852e-09  2.4163115e-09  0.99985398  3.6933497e-05  3.9862199e-05  -2.4882232e-05  -2.6851367e-09  5.0905439e-09  
3.0055517e-05  -1.4844702e-10  -3.0960533e-05  2.1100974e-09  3.6933497e-05  0.99989398  -2.8032592e-05  -1.3482124e-09  -2.4882567e-05  2.7671674e-09  
-1.0021128e-05  -1.5660600e-09  1.0658207e-09  -3.0955400e-05  3.9862199e-05  -2.8032592e-05  0.99973400  -8.4887195e-10  8.9793485e-10  -2.4878675e-05  
-1.4278113e-05  8.8429588e-05  3.5481713e-09  2.9355273e-09  -2.4882232e-05  -1.3482124e-09  -8.4887195e-10  0.99995898  3.6935005e-05  3.9866287e-05  
-1.9990874e-05  2.6044338e-09  8.8433993e-05  -3.3054374e-09  -2.6851367e-09  -2.4882567e-05  8.9793485e-10  3.6935005e-05  0.99999898  -2.8036612e-05  
6.8848325e-05  5.8049778e-09  -3.8385559e-09  8.8422295e-05  5.0905439e-09  2.7671674e-09  -2.4878675e-05  3.9866287e-05  -2.8036612e-05  0.99983899  
