0.99995598  -2.5807073e-05  -1.5777238e-05  8.3928936e-05  6.1103958e-06  6.4588158e-05  -9.0483123e-06  1.3241202e-05  -2.2417360e-05  2.6958390e-05  
-2.5807073e-05  0.99989599  3.9614989e-05  2.2616893e-05  4.5685045e-06  -1.4859002e-09  3.3687032e-10  -2.2749365e-05  -3.2273491e-10  -1.2103628e-09  
-1.5777238e-05  3.9614989e-05  0.99982900  -1.8226551e-05  8.4595056e-11  4.5673370e-06  5.9490098e-11  -1.1102056e-09  -2.2747146e-05  -1.0698424e-11  
8.3928936e-05  2.2616893e-05  -1.8226551e-05  0.99993599  6.1621118e-10  5.3377804e-09  4.5680854e-06  5.9675389e-10  -1.4668987e-09  -2.2747671e-05  
6.1103958e-06  4.5685045e-06  8.4595056e-11  6.1621118e-10  1.0000080   3.9619414e-05  2.2621538e-05  4.4343435e-05  1.6198412e-09  1.1678430e-09  
6.4588158e-05  -1.4859002e-09  4.5673370e-06  5.3377804e-09  3.9619414e-05  0.99994099  -1.8227852e-05  2.6120887e-09  4.4338935e-05  9.3301765e-10  
-9.0483123e-06  3.3687032e-10  5.9490098e-11  4.5680854e-06  2.2621538e-05  -1.8227852e-05  1.0000480   8.8329349e-10  -6.0540353e-10  4.4344884e-05  
1.3241202e-05  -2.2749365e-05  -1.1102056e-09  5.9675389e-10  4.4343435e-05  2.6120887e-09  8.8329349e-10  1.0000460   3.9620228e-05  2.2622810e-05  
-2.2417360e-05  -3.2273491e-10  -2.2747146e-05  -1.4668987e-09  1.6198412e-09  4.4338935e-05  -6.0540353e-10  3.9620228e-05  0.99997898  -1.8228565e-05  
2.6958390e-05  -1.2103628e-09  -1.0698424e-11  -2.2747671e-05  1.1678430e-09  9.3301765e-10  4.4344884e-05  2.2622810e-05  -1.8228565e-05  1.0000860   
