1.0000000   -3.9857093e-17  -5.2194068e-16  -3.6806523e-16  4.9841245e-16  4.1286724e-16  -5.9918516e-16  1.2211431e-15  3.2785103e-16  -2.1537846e-16  
-3.9858239e-17  1.0000000   -6.2606905e-16  -5.1809436e-16  -3.9881116e-20  -1.7810992e-16  2.4566752e-16  -2.2363974e-16  -3.9935668e-16  3.8961517e-16  
-5.2194009e-16  -6.2607380e-16  1.0000000   -5.2168925e-16  5.5778394e-16  -1.0644506e-17  2.2565185e-16  4.8956382e-17  -2.0892977e-16  -2.9912063e-16  
-3.6806600e-16  -5.1810057e-16  -5.2169649e-16  1.0000000   -2.4827164e-16  -1.9687325e-16  -9.4136829e-17  1.6545469e-16  2.2616105e-17  -4.5053852e-16  
4.9841700e-16  -4.4986856e-20  5.5778394e-16  -2.4827164e-16  1.0000000   7.3183225e-16  -4.5252240e-17  -1.9553025e-16  1.5259115e-16  -4.8318601e-16  
4.1286013e-16  -1.7810992e-16  -1.0644415e-17  -1.9687325e-16  7.3183374e-16  1.0000000   9.2571689e-17  -1.0053821e-16  4.6659728e-16  -7.6427983e-16  
-5.9918573e-16  2.4566752e-16  2.2565185e-16  -9.4131922e-17  -4.5259255e-17  9.2579257e-17  1.0000000   -2.7881435e-16  -6.0335851e-16  -1.0447813e-15  
1.2211427e-15  -2.2363811e-16  4.8956382e-17  1.6545469e-16  -1.9553619e-16  -1.0053821e-16  -2.7881435e-16  1.0000000   -8.3643814e-17  -1.3123657e-15  
3.2786036e-16  -3.9935668e-16  -2.0893059e-16  2.2616105e-17  1.5259115e-16  4.6658827e-16  -6.0335851e-16  -8.3640832e-17  1.0000000   -1.1948247e-15  
-2.1537930e-16  3.8961517e-16  -2.9912063e-16  -4.5053894e-16  -4.8318601e-16  -7.6427983e-16  -1.0447745e-15  -1.3123454e-15  -1.1948281e-15  1.0000000   
