1.0000000   -3.1179663e-16  2.2743558e-16  3.3587912e-16  2.6090404e-16  6.1589270e-16  -3.3959049e-16  -1.9208991e-16  6.4263268e-16  6.6252715e-16  
-3.1179050e-16  1.0000000   -4.9964607e-16  -3.0935597e-16  -9.2593800e-17  1.1202597e-16  -2.0374376e-16  5.9613415e-17  7.6444793e-16  1.6954560e-16  
2.2744100e-16  -4.9964315e-16  1.0000000   -1.6435967e-16  -5.1328641e-17  -2.0612353e-16  2.6867784e-16  -3.2360143e-16  -2.0816085e-16  -3.2952048e-16  
3.3586886e-16  -3.0935725e-16  -1.6435951e-16  1.0000000   2.0071595e-19  -2.9503291e-16  -3.4676641e-16  2.8846548e-16  9.1295794e-17  1.3139853e-16  
2.6090469e-16  -9.2592935e-17  -5.1328641e-17  2.0071581e-19  1.0000000   -9.2682567e-16  5.8553788e-16  2.4516214e-16  5.0620143e-17  2.0779372e-16  
6.1588661e-16  1.1202597e-16  -2.0612300e-16  -2.9503291e-16  -9.2682648e-16  1.0000000   2.0120023e-16  -7.5156938e-17  7.6375762e-16  -1.2386561e-16  
-3.3959531e-16  -2.0374376e-16  2.6867784e-16  -3.4676573e-16  5.8554057e-16  2.0120013e-16  1.0000000   -5.9658479e-17  -4.9807616e-17  2.5110969e-16  
-1.9209312e-16  5.9592551e-17  -3.2360143e-16  2.8846548e-16  2.4515067e-16  -7.5156938e-17  -5.9658479e-17  1.0000000   -1.6128754e-16  9.5453837e-17  
6.4263012e-16  7.6444793e-16  -2.0816786e-16  9.1295795e-17  5.0620143e-17  7.6374769e-16  -4.9807616e-17  -1.6128574e-16  1.0000000   2.2584334e-16  
6.6252884e-16  1.6954560e-16  -3.2952048e-16  1.3139514e-16  2.0779372e-16  -1.2386561e-16  2.5110800e-16  9.5443672e-17  2.2584312e-16  1.0000000   
