0.99985599  5.1793474e-05  -3.5181843e-05  -2.2327216e-05  -4.5505611e-06  -2.6899232e-05  -2.5118845e-05  3.1206944e-05  5.5159012e-05  -1.9557417e-05  
5.1793474e-05  0.99975101  -7.4007043e-06  -1.9896439e-05  -9.1193255e-06  -1.3259175e-09  -1.1197076e-09  4.5179078e-05  2.5229424e-09  -1.9121347e-09  
-3.5181843e-05  -7.4007043e-06  0.99973001  4.9112839e-05  2.2760806e-10  -9.1179518e-06  4.3588578e-10  -1.4324219e-09  4.5174571e-05  2.9074755e-09  
-2.2327216e-05  -1.9896439e-05  4.9112839e-05  0.99980300  2.8308805e-10  1.5270270e-10  -9.1190031e-06  -1.5959067e-09  9.8758591e-10  4.5180247e-05  
-4.5505611e-06  -9.1193255e-06  2.2760806e-10  2.8308805e-10  0.99987299  -7.3996622e-06  -1.9897596e-05  -7.5093750e-06  -1.9546685e-10  2.3844556e-10  
-2.6899232e-05  -1.3259175e-09  -9.1179518e-06  1.5270270e-10  -7.3996622e-06  0.99985199  4.9118721e-05  -7.8398998e-10  -7.5105592e-06  1.5726957e-10  
-2.5118845e-05  -1.1197076e-09  4.3588578e-10  -9.1190031e-06  -1.9897596e-05  4.9118721e-05  0.99992499  -6.3455978e-10  -1.7546160e-09  -7.5091322e-06  
3.1206944e-05  4.5179078e-05  -1.4324219e-09  -1.5959067e-09  -7.5093750e-06  -7.8398998e-10  -6.3455978e-10  0.99973101  -7.3970123e-06  -1.9895495e-05  
5.5159012e-05  2.5229424e-09  4.5174571e-05  9.8758591e-10  -1.9546685e-10  -7.5105592e-06  -1.7546160e-09  -7.3970123e-06  0.99971002  4.9109992e-05  
-1.9557417e-05  -1.9121347e-09  2.9074755e-09  4.5180247e-05  2.3844556e-10  1.5726957e-10  -7.5091322e-06  -1.9895495e-05  4.9109992e-05  0.99978301  
