1.0000000   -5.8796166e-17  1.7451876e-17  2.4787572e-17  2.0783946e-17  -2.6582858e-17  2.8611079e-17  9.5972100e-18  3.6693136e-17  -1.9170050e-17  
-5.8782959e-17  1.0000000   2.0277103e-16  -9.1570360e-16  4.9892340e-16  5.5511151e-17  -2.7061686e-16  1.0087342e-17  3.0531133e-16  -2.3852448e-16  
1.7442957e-17  2.0277077e-16  1.0000000   -2.4168349e-16  -1.9428903e-16  -1.1863816e-16  -1.3877788e-16  7.2164497e-16  -3.7904463e-18  -2.9837244e-16  
2.4790960e-17  -9.1570699e-16  -2.4168349e-16  1.0000000   2.3245295e-16  2.9490299e-16  -4.6558286e-16  -1.0824674e-15  1.9428903e-16  -1.9916368e-16  
2.0795007e-17  4.9891057e-16  -1.9428903e-16  2.3245295e-16  1.0000000   -2.6212466e-17  -1.7116842e-17  2.2654907e-16  3.4694470e-18  -1.8127860e-16  
-2.6578314e-17  5.5511151e-17  -1.1865099e-16  2.9490299e-16  -2.6212728e-17  1.0000000   -2.0005012e-16  -3.1918912e-16  -4.7537235e-17  -3.9421591e-16  
2.8605997e-17  -2.7061686e-16  -1.3877788e-16  -4.6559568e-16  -1.7120230e-17  -2.0005012e-16  1.0000000   2.0816682e-16  -1.6653345e-16  -4.4501469e-17  
9.5982674e-18  1.0089568e-17  7.2164497e-16  -1.0824674e-15  2.2655052e-16  -3.1918912e-16  2.0816682e-16  1.0000000   5.6359352e-16  -4.2737894e-16  
3.6698002e-17  3.0531133e-16  -3.7882198e-18  1.9428903e-16  3.4694470e-18  -4.7535792e-17  -1.6653345e-16  5.6359325e-16  1.0000000   -1.3868428e-16  
-1.9176826e-17  -2.3852448e-16  -2.9837244e-16  -1.9916145e-16  -1.8127860e-16  -3.9421591e-16  -4.4500026e-17  -4.2738233e-16  -1.3868428e-16  1.0000000   
