0.99992198  3.1607618e-05  1.0687128e-05  -3.8737016e-05  1.8681787e-05  -3.5558393e-05  -6.8230072e-06  2.3666697e-05  -2.8907159e-05  1.0660284e-05  
3.1607618e-05  0.99990199  3.2878126e-05  1.1228774e-05  7.4548912e-05  1.3272204e-09  6.2158380e-10  -2.8577428e-05  -1.8534370e-09  1.6008145e-11  
1.0687128e-05  3.2878126e-05  0.99985000  5.8234358e-05  2.6508944e-09  7.4544065e-05  4.2688060e-09  -6.8673057e-10  -2.8576999e-05  -1.5504700e-09  
-3.8737016e-05  1.1228774e-05  5.8234358e-05  0.99995199  1.1352648e-10  5.7192635e-09  7.4552313e-05  -1.2378131e-09  -5.4454224e-10  -2.8580018e-05  
1.8681787e-05  7.4548912e-05  2.6508944e-09  1.1352648e-10  0.99999099  3.2880050e-05  1.1230871e-05  -1.6941366e-05  -1.0971433e-09  8.8935625e-12  
-3.5558393e-05  1.3272204e-09  7.4544065e-05  5.7192635e-09  3.2880050e-05  0.99993899  5.8240198e-05  -1.3986792e-09  -1.6939900e-05  -1.3657912e-09  
-6.8230072e-06  6.2158380e-10  4.2688060e-09  7.4552313e-05  1.1230871e-05  5.8240198e-05  1.0000410   -3.5176578e-10  -7.8944992e-10  -1.6942728e-05  
2.3666697e-05  -2.8577428e-05  -6.8673057e-10  -1.2378131e-09  -1.6941366e-05  -1.3986792e-09  -3.5176578e-10  0.99991199  3.2877433e-05  1.1230364e-05  
-2.8907159e-05  -1.8534370e-09  -2.8576999e-05  -5.4454224e-10  -1.0971433e-09  -1.6939900e-05  -7.8944992e-10  3.2877433e-05  0.99985999  5.8235046e-05  
1.0660284e-05  1.6008145e-11  -1.5504700e-09  -2.8580018e-05  8.8935625e-12  -1.3657912e-09  -1.6942728e-05  1.1230364e-05  5.8235046e-05  0.99996198  
