1.0001780   -2.0568741e-06  -3.2341082e-05  9.6002293e-06  5.4068489e-05  3.9997604e-06  -1.9203638e-05  3.7033425e-05  1.0599457e-05  -1.4284001e-06  
-2.0568741e-06  1.0000780   4.3721926e-05  4.7443842e-05  1.1806702e-05  5.0795002e-10  5.9960954e-10  7.0405315e-05  3.0562167e-09  3.3429807e-09  
-3.2341082e-05  4.3721926e-05  1.0001180   -1.6490864e-05  -1.2321467e-09  1.1807156e-05  4.2627020e-10  1.8805267e-09  7.0407864e-05  -1.1147456e-09  
9.6002293e-06  4.7443842e-05  -1.6490864e-05  1.0000240   1.0790946e-09  -1.5629391e-10  1.1805991e-05  3.6955092e-09  -1.0591942e-09  7.0401576e-05  
5.4068489e-05  1.1806702e-05  -1.2321467e-09  1.0790946e-09  1.0002200   4.3728284e-05  4.7449560e-05  -6.2051374e-05  -2.1398828e-09  -3.0210399e-09  
3.9997604e-06  5.0795002e-10  1.1807156e-05  -1.5629391e-10  4.3728284e-05  1.0002600   -1.6492972e-05  -2.5647790e-09  -6.2055815e-05  1.0175025e-09  
-1.9203638e-05  5.9960954e-10  4.2627020e-10  1.1805991e-05  4.7449560e-05  -1.6492972e-05  1.0001660   -3.6548721e-09  8.1970282e-10  -6.2049998e-05  
3.7033425e-05  7.0405315e-05  1.8805267e-09  3.6955092e-09  -6.2051374e-05  -2.5647790e-09  -3.6548721e-09  1.0002070   4.3727892e-05  4.7449929e-05  
1.0599457e-05  3.0562167e-09  7.0407864e-05  -1.0591942e-09  -2.1398828e-09  -6.2055815e-05  8.1970282e-10  4.3727892e-05  1.0002470   -1.6492696e-05  
-1.4284001e-06  3.3429807e-09  -1.1147456e-09  7.0401576e-05  -3.0210399e-09  1.0175025e-09  -6.2049998e-05  4.7449929e-05  -1.6492696e-05  1.0001530   
