1.0000000   7.6504406e-18  1.3522919e-19  -7.9959910e-18  3.9180251e-17  -8.5603279e-17  -4.7327966e-18  6.3239503e-17  -3.2152100e-17  1.6161389e-18  
7.6477221e-18  1.0000000   -9.9550652e-17  1.7471918e-16  -2.4560285e-16  -2.9143354e-16  3.1918912e-16  -6.0106367e-17  -2.5673907e-16  8.3266727e-17  
1.3019992e-19  -9.9550827e-17  1.0000000   1.0836310e-16  -3.0531133e-16  -5.9948644e-16  -2.7755576e-16  2.1310215e-32  9.2825722e-18  -2.3592239e-16  
-7.9942970e-18  1.7472596e-16  1.0836317e-16  1.0000000   4.1633363e-17  1.5265567e-16  4.0665318e-16  -1.6653345e-16  -1.6653345e-16  1.6193824e-16  
3.9175448e-17  -2.4561178e-16  -3.0531133e-16  4.1633363e-17  1.0000000   1.2943285e-16  1.3308582e-16  2.8766610e-16  -2.7755576e-16  8.3266727e-17  
-8.5606272e-17  -2.9143354e-16  -5.9949537e-16  1.5265567e-16  1.2943267e-16  1.0000000   4.9694115e-16  -4.1633363e-16  7.6029840e-17  -2.7755576e-17  
-4.7327966e-18  3.1918912e-16  -2.7755576e-16  4.0664425e-16  1.3309259e-16  4.9694123e-16  1.0000000   5.5511151e-17  4.5102810e-17  -2.2581205e-16  
6.3239413e-17  -6.0110136e-17  1.7474895e-32  -1.6653345e-16  2.8766814e-16  -4.1633363e-16  5.5511151e-17  1.0000000   3.9227226e-17  -3.2488118e-16  
-3.2151363e-17  -2.5673907e-16  9.2788032e-18  -1.6653345e-16  -2.7755576e-16  7.6031874e-17  4.5102810e-17  3.9227051e-17  1.0000000   4.8306337e-16  
1.6296914e-18  8.3266727e-17  -2.3592239e-16  1.6193447e-16  8.3266727e-17  -2.7755576e-17  -2.2581001e-16  -3.2487440e-16  4.8306345e-16  1.0000000   
