1.0000000   2.2334423e-16  4.7855041e-17  6.3058236e-16  -1.9573692e-16  2.7565893e-16  -2.0805117e-16  6.4215165e-16  5.8580378e-16  5.5113385e-16  
2.2334334e-16  1.0000000   2.4411670e-16  3.9538860e-16  8.1004807e-16  -3.5657734e-16  3.5240865e-16  1.3029825e-16  4.1142651e-16  1.5420852e-16  
4.7859683e-17  2.4412138e-16  1.0000000   8.7234791e-17  -3.6414618e-16  -4.1361066e-16  3.6750982e-17  4.9811284e-16  -1.7979970e-16  7.8382316e-16  
6.3058087e-16  3.9539860e-16  8.7243135e-17  1.0000000   -5.2398620e-16  2.5897705e-16  3.5049955e-16  -6.4888142e-16  5.3584458e-16  -2.5616182e-16  
-1.9573726e-16  8.1005188e-16  -3.6414618e-16  -5.2398620e-16  1.0000000   -8.5698755e-16  3.1589749e-16  2.3686441e-16  6.3391637e-17  1.2397093e-16  
2.7565746e-16  -3.5657734e-16  -4.1360778e-16  2.5897705e-16  -8.5698205e-16  1.0000000   2.6828620e-16  1.2374614e-16  4.3003731e-16  -6.8375047e-17  
-2.0805265e-16  3.5240865e-16  3.6750982e-17  3.5049795e-16  3.1589707e-16  2.6829612e-16  1.0000000   -9.0514826e-16  -2.2135162e-16  3.6973327e-16  
6.4216113e-16  1.3029796e-16  4.9811284e-16  -6.4888142e-16  2.3685620e-16  1.2374614e-16  -9.0514826e-16  1.0000000   -1.1823987e-15  3.6442068e-16  
5.8582904e-16  4.1142651e-16  -1.7979783e-16  5.3584458e-16  6.3391638e-17  4.3003662e-16  -2.2135162e-16  -1.1824008e-15  1.0000000   -4.6119589e-16  
5.5113723e-16  1.5420852e-16  7.8382316e-16  -2.5616267e-16  1.2397093e-16  -6.8375047e-17  3.6972649e-16  3.6441729e-16  -4.6120266e-16  1.0000000   
