1.0000000   -1.5312871e-16  -8.6628781e-17  7.9089370e-17  3.8521077e-18  8.3263107e-16  -4.8777507e-16  6.1225376e-16  3.1056505e-16  -1.0164734e-16  
-1.5312989e-16  1.0000000   7.7356910e-16  -1.4518571e-16  3.3701337e-16  5.9696506e-16  -3.3247500e-16  9.0710469e-16  1.4599376e-16  4.3942293e-16  
-8.6642025e-17  7.7357810e-16  1.0000000   3.7162563e-16  5.5957242e-17  -1.7147108e-16  1.5789347e-16  -5.2800788e-17  -4.5591363e-16  -6.8672775e-17  
7.9089361e-17  -1.4519592e-16  3.7162872e-16  1.0000000   -2.8472534e-17  -4.9220562e-16  -1.2644642e-16  3.7119224e-16  2.3188561e-16  -1.4790042e-16  
3.8598402e-18  3.3701200e-16  5.5957242e-17  -2.8472533e-17  1.0000000   -5.7090850e-16  3.8225237e-17  -1.8209237e-16  3.4345551e-16  2.4972272e-16  
8.3261498e-16  5.9696506e-16  -1.7147372e-16  -4.9220562e-16  -5.7091395e-16  1.0000000   1.5277940e-16  8.6321760e-17  -2.4394053e-16  -4.5680983e-17  
-4.8777950e-16  -3.3247500e-16  1.5789347e-16  -1.2643546e-16  3.8219877e-17  1.5277829e-16  1.0000000   4.0908236e-16  -4.4219306e-16  6.6730272e-16  
6.1225209e-16  9.0710549e-16  -5.2800788e-17  3.7119224e-16  -1.8209543e-16  8.6321761e-17  4.0908236e-16  1.0000000   3.6014638e-17  -1.4816639e-16  
3.1056878e-16  1.4599376e-16  -4.5591839e-16  2.3188561e-16  3.4345551e-16  -2.4393441e-16  -4.4219306e-16  3.6016482e-17  1.0000000   4.9716599e-17  
-1.0164057e-16  4.3942293e-16  -6.8672776e-17  -1.4789365e-16  2.4972272e-16  -4.5680983e-17  6.6729933e-16  -1.4816639e-16  4.9716599e-17  1.0000000   
