1.0000000   -1.5988179e-16  -3.1341572e-16  2.6893635e-16  -6.3461809e-17  2.0358511e-16  -6.1608941e-17  8.0262813e-17  -8.2423967e-17  8.2506303e-17  
-1.5988024e-16  1.0000000   -5.3386468e-18  1.5672778e-16  6.5856248e-17  3.0531133e-16  7.6327833e-17  4.1020588e-16  -6.1062266e-16  1.6653345e-16  
-3.1341644e-16  -5.3382245e-18  1.0000000   1.1128626e-16  5.4210109e-16  3.5715427e-17  -1.1844909e-16  5.5511151e-17  -2.0735567e-16  -2.5326963e-16  
2.6893804e-16  1.5672735e-16  1.1128584e-16  1.0000000   -2.7755576e-17  -2.9143354e-16  -8.6799418e-17  2.2204460e-16  -4.4408921e-16  2.9918358e-16  
-6.3432716e-17  6.5853093e-17  5.4210109e-16  -2.7755576e-17  1.0000000   1.5946008e-16  -8.6133510e-17  3.0013776e-16  4.1633363e-16  2.7755576e-17  
2.0357855e-16  3.0531133e-16  3.5712272e-17  -2.9143354e-16  1.5946051e-16  1.0000000   1.2516405e-16  -6.2450045e-17  8.1562602e-17  -9.7144515e-17  
-6.1608094e-17  7.6327833e-17  -1.1844909e-16  -8.6802573e-17  -8.6133933e-17  1.2516362e-16  1.0000000   1.1882856e-16  1.3444107e-16  5.0917194e-16  
8.0238308e-17  4.1021148e-16  5.5511151e-17  2.2204460e-16  3.0012634e-16  -6.2450045e-17  1.1882856e-16  1.0000000   2.3578792e-16  -1.2082798e-16  
-8.2428930e-17  -6.1062266e-16  -2.0735008e-16  -4.4408921e-16  4.1633363e-16  8.1551186e-17  1.3444107e-16  2.3578834e-16  1.0000000   -8.8206941e-17  
8.2506303e-17  1.6653345e-16  -2.5326963e-16  2.9918918e-16  2.7755576e-17  -9.7144515e-17  5.0916052e-16  -1.2082840e-16  -8.8207364e-17  1.0000000   
