1.0000000   9.6620275e-17  4.3388909e-16  1.0042309e-16  -6.5126881e-16  4.1661451e-16  2.4393957e-18  -2.7346905e-16  -1.3738036e-16  -2.2030988e-16  
9.6620645e-17  1.0000000   2.1891603e-16  8.3532592e-16  2.0929695e-16  3.3312976e-16  -3.3030229e-16  -6.0101930e-17  1.7013476e-16  -3.6099248e-16  
4.3388844e-16  2.1891790e-16  1.0000000   -1.5058931e-16  -4.6249998e-16  -4.4746348e-16  2.6930124e-16  6.9263712e-16  -1.8575996e-16  5.7479404e-16  
1.0042308e-16  8.3532784e-16  -1.5059478e-16  1.0000000   2.1510938e-16  1.5669291e-16  5.0164885e-16  -4.6196191e-16  2.4676487e-16  -2.6052023e-16  
-6.5127196e-16  2.0929542e-16  -4.6249998e-16  2.1510938e-16  1.0000000   1.1538994e-16  -6.3653573e-18  5.1119217e-17  7.0135004e-17  1.7284974e-16  
4.1661005e-16  3.3312976e-16  -4.4745883e-16  1.5669290e-16  1.1538946e-16  1.0000000   4.4874678e-16  1.8739896e-16  7.2879675e-16  7.5708912e-17  
2.4342822e-18  -3.3030229e-16  2.6930124e-16  5.0164927e-16  -6.3694743e-18  4.4874836e-16  1.0000000   8.3142963e-16  2.6975345e-16  -8.2006342e-17  
-2.7346962e-16  -6.0094033e-17  6.9263712e-16  -4.6196191e-16  5.1119264e-17  1.8739896e-16  8.3142963e-16  1.0000000   -1.4831247e-16  4.9161792e-18  
-1.3738006e-16  1.7013476e-16  -1.8576123e-16  2.4676487e-16  7.0135004e-17  7.2879194e-16  2.6975346e-16  -1.4830610e-16  1.0000000   6.0888794e-16  
-2.2032343e-16  -3.6099248e-16  5.7479404e-16  -2.6052023e-16  1.7284973e-16  7.5708911e-17  -8.2006342e-17  4.9297318e-18  6.0888794e-16  1.0000000   
