1.0000000   -6.0112593e-16  -2.7804429e-16  2.3680686e-16  2.7181136e-16  -3.4284891e-17  -1.6809251e-16  4.3503862e-16  2.6365368e-16  -1.8045868e-16  
-6.0112641e-16  1.0000000   8.2805812e-16  3.8018992e-16  4.4836800e-16  4.6677837e-16  -2.2026894e-16  -2.0980812e-16  1.0251129e-16  5.0207645e-16  
-2.7804331e-16  8.2805904e-16  1.0000000   1.2723098e-16  -6.1852948e-16  -1.1530061e-15  4.0468119e-17  2.9015518e-17  2.4051148e-16  -1.4067081e-16  
2.3680506e-16  3.8018642e-16  1.2723007e-16  1.0000000   -4.5634938e-16  -4.3251938e-17  1.3698120e-16  -4.9133460e-16  -5.1285463e-16  -4.8550065e-16  
2.7181191e-16  4.4838344e-16  -6.1852948e-16  -4.5634938e-16  1.0000000   -6.5386574e-16  5.3817396e-16  1.4230983e-17  -1.2334392e-16  5.2610019e-16  
-3.4282262e-17  4.6677837e-16  -1.1530073e-15  -4.3251938e-17  -6.5385568e-16  1.0000000   -1.0466180e-16  -7.5623666e-17  7.6052656e-17  -2.1093351e-16  
-1.6808863e-16  -2.2026894e-16  4.0468119e-17  1.3699708e-16  5.3817424e-16  -1.0466243e-16  1.0000000   -1.5801977e-16  2.3027214e-17  8.0617208e-17  
4.3505590e-16  -2.0978269e-16  2.9015518e-17  -4.9133460e-16  1.4226730e-17  -7.5623666e-17  -1.5801977e-16  1.0000000   1.3614848e-16  3.8270643e-16  
2.6363129e-16  1.0251129e-16  2.4049730e-16  -5.1285463e-16  -1.2334392e-16  7.6054817e-17  2.3027214e-17  1.3616779e-16  1.0000000   2.1095610e-16  
-1.8045190e-16  5.0207645e-16  -1.4067081e-16  -4.8550404e-16  5.2610019e-16  -2.1093351e-16  8.0616361e-17  3.8271998e-16  2.1095737e-16  1.0000000   
