1.0000000   1.5793216e-17  -1.9394438e-16  -3.4336852e-16  -3.6486905e-16  -2.7859793e-17  -5.6482190e-16  2.9618699e-16  2.5342186e-16  -1.3434959e-16  
1.5792941e-17  1.0000000   8.2303769e-16  1.4623177e-17  -4.1397462e-16  -5.5511151e-17  2.2898350e-16  -9.3386633e-17  -1.8388069e-16  -3.2265857e-16  
-1.9394416e-16  8.2303972e-16  1.0000000   -7.1711165e-16  6.1008056e-16  -1.8457668e-17  -2.8232625e-16  1.5699247e-16  5.1896458e-17  -3.6646033e-17  
-3.4336683e-16  1.4626565e-17  -7.1711165e-16  1.0000000   -1.0408341e-16  2.2204460e-16  -1.8152167e-16  2.7755576e-16  -1.1102230e-16  2.4661917e-16  
-3.6485614e-16  -4.1398014e-16  6.1008056e-16  -1.0408341e-16  1.0000000   1.0399480e-16  -1.0333802e-16  4.4560274e-16  4.9439619e-17  -2.6367797e-16  
-2.7865495e-17  -5.5511151e-17  -1.8463190e-17  2.2204460e-16  1.0399684e-16  1.0000000   -4.0052461e-16  3.8857806e-16  2.9988596e-16  -1.3575994e-31  
-5.6481851e-16  2.2898350e-16  -2.8232625e-16  -1.8152720e-16  -1.0333463e-16  -4.0052461e-16  1.0000000   -1.3877788e-17  5.9847960e-16  3.0335541e-16  
2.9618655e-16  -9.3388043e-17  1.5699247e-16  2.7755576e-16  4.4561029e-16  3.8857806e-16  -1.3877788e-17  1.0000000   4.3012282e-16  -1.2415470e-16  
2.5342125e-16  -1.8388069e-16  5.1895048e-17  -1.1102230e-16  4.9439619e-17  2.9989352e-16  5.9847960e-16  4.3012485e-16  1.0000000   -4.7685244e-16  
-1.3435637e-16  -3.2265857e-16  -3.6646033e-17  2.4661776e-16  -2.6367797e-16  -1.3576323e-31  3.0336297e-16  -1.2415131e-16  -4.7685244e-16  1.0000000   
