1.0000000   2.1212516e-16  6.3849793e-17  2.0310183e-16  -1.0080087e-16  4.3123691e-16  1.1663563e-17  3.5787283e-16  -6.8563352e-17  -6.1493576e-16  
2.1212579e-16  1.0000000   -5.3903895e-16  -7.5041043e-16  3.5274547e-16  7.8088050e-16  -6.3440612e-16  8.9961728e-16  -1.0297130e-16  2.2596966e-16  
6.3861135e-17  -5.3904920e-16  1.0000000   -1.7643378e-16  -7.7147211e-16  6.2297269e-16  -2.5931127e-16  -3.8324272e-18  -3.9956907e-16  -5.9825928e-16  
2.0310216e-16  -7.5041040e-16  -1.7643118e-16  1.0000000   -1.9478713e-16  -4.8974788e-16  2.5055127e-16  -3.4048751e-16  -1.4386842e-16  -1.2589620e-16  
-1.0081032e-16  3.5274329e-16  -7.7147211e-16  -1.9478713e-16  1.0000000   2.1900899e-16  2.9228376e-16  3.0070098e-16  -2.9169385e-17  -4.2417276e-17  
4.3123456e-16  7.8088050e-16  6.2296043e-16  -4.8974788e-16  2.1900608e-16  1.0000000   -1.3097103e-16  2.0521307e-16  2.7552206e-16  3.0968345e-16  
1.1653716e-17  -6.3440612e-16  -2.5931127e-16  2.5054908e-16  2.9228377e-16  -1.3097003e-16  1.0000000   -7.5578152e-16  -6.7202962e-17  3.0979722e-16  
3.5788264e-16  8.9962322e-16  -3.8324264e-18  -3.4048751e-16  3.0069685e-16  2.0521307e-16  -7.5578152e-16  1.0000000   -3.3089308e-16  3.3740898e-16  
-6.8562318e-17  -1.0297130e-16  -3.9955847e-16  -1.4386842e-16  -2.9169384e-17  2.7553053e-16  -6.7202961e-17  -3.3088339e-16  1.0000000   -2.7536872e-16  
-6.1493745e-16  2.2596966e-16  -5.9825928e-16  -1.2588265e-16  -4.2417276e-17  3.0968345e-16  3.0980399e-16  3.3740902e-16  -2.7536702e-16  1.0000000   
