0.99993198  4.3153639e-05  2.2676400e-05  7.2591405e-05  -4.3301046e-05  -2.6128026e-05  3.1932387e-05  -7.6363255e-05  1.1684271e-06  3.6161814e-05  
4.3153639e-05  0.99980799  -1.2019503e-05  -2.6955107e-06  2.6473291e-05  -1.4459014e-09  1.3066317e-09  -4.0713137e-06  9.9334241e-11  1.5716003e-09  
2.2676400e-05  -1.2019503e-05  0.99988199  1.9508295e-05  -1.3002839e-09  2.6476527e-05  1.2407017e-09  -1.6828526e-09  -4.0682927e-06  7.4070691e-10  
7.2591405e-05  -2.6955107e-06  1.9508295e-05  0.99980300  -3.2149583e-09  -1.3802583e-09  2.6477346e-05  -5.5327128e-09  5.4548972e-12  -4.0653725e-06  
-4.3301046e-05  2.6473291e-05  -1.3002839e-09  -3.2149583e-09  0.99988598  -1.2020288e-05  -2.7002368e-06  5.7021031e-05  -7.3610971e-10  -1.7198509e-09  
-2.6128026e-05  -1.4459014e-09  2.6476527e-05  -1.3802583e-09  -1.2020288e-05  0.99995999  1.9507336e-05  1.3098447e-09  5.7021914e-05  1.6753721e-10  
3.1932387e-05  1.3066317e-09  1.2407017e-09  2.6477346e-05  -2.7002368e-06  1.9507336e-05  0.99988098  -2.5925269e-09  1.1497515e-09  5.7018594e-05  
-7.6363255e-05  -4.0713137e-06  -1.6828526e-09  -5.5327128e-09  5.7021031e-05  1.3098447e-09  -2.5925269e-09  0.99994398  -1.2022206e-05  -2.7017722e-06  
1.1684271e-06  9.9334241e-11  -4.0682927e-06  5.4548972e-12  -7.3610971e-10  5.7021914e-05  1.1497515e-09  -1.2022206e-05  1.0000180   1.9509344e-05  
3.6161814e-05  1.5716003e-09  7.4070691e-10  -4.0653725e-06  -1.7198509e-09  1.6753721e-10  5.7018594e-05  -2.7017722e-06  1.9509344e-05  0.99993898  
