1.0000000   2.1937656e-16  5.0219830e-16  -5.9514861e-16  -4.1571130e-16  3.6978098e-16  5.9974454e-16  -4.6051122e-17  -8.1175076e-17  -5.5890791e-16  
2.1937412e-16  1.0000000   3.6677554e-16  3.1863159e-16  4.6739319e-16  -7.6704099e-18  -5.4935294e-16  9.1516710e-17  -1.9133873e-16  1.4985274e-16  
5.0219956e-16  3.6680195e-16  1.0000000   -1.3858869e-16  -2.3932326e-16  -1.6394737e-16  -1.8285729e-16  1.2972130e-16  2.8239936e-16  7.4099281e-16  
-5.9514319e-16  3.1864527e-16  -1.3858817e-16  1.0000000   -5.9832251e-16  -3.5222903e-17  6.3326196e-16  -5.7620931e-18  5.3465419e-16  -2.7500280e-16  
-4.1570293e-16  4.6738844e-16  -2.3932326e-16  -5.9832251e-16  1.0000000   -4.3678900e-17  5.5919765e-16  2.4606917e-16  2.2957709e-17  5.4715742e-16  
3.6977172e-16  -7.6704104e-18  -1.6395258e-16  -3.5222902e-17  -4.3660677e-17  1.0000000   -4.6134096e-16  -4.1701217e-16  3.2904940e-16  1.1918756e-16  
5.9974379e-16  -5.4935294e-16  -1.8285729e-16  6.3326038e-16  5.5918768e-16  -4.6134256e-16  1.0000000   3.8073988e-16  -1.1214855e-16  2.9807428e-16  
-4.6040272e-17  9.1512332e-17  1.2972130e-16  -5.7620932e-18  2.4607495e-16  -4.1701217e-16  3.8073988e-16  1.0000000   1.4561127e-16  2.8351887e-16  
-8.1181298e-17  -1.9133873e-16  2.8239811e-16  5.3465419e-16  2.2957708e-17  3.2905130e-16  -1.1214855e-16  1.4557472e-16  1.0000000   5.0969106e-16  
-5.5890961e-16  1.4985274e-16  7.4099281e-16  -2.7500619e-16  5.4715742e-16  1.1918756e-16  2.9807428e-16  2.8349854e-16  5.0969106e-16  1.0000000   
