1.0000000   -1.7478379e-16  -9.9606551e-17  2.0451737e-17  -3.3626033e-16  2.1049901e-17  -1.1127204e-16  -1.8353835e-16  -1.4668201e-16  -2.9473697e-16  
-1.7478222e-16  1.0000000   8.3988459e-16  -3.4845919e-16  2.8581494e-17  -2.3689512e-17  -1.5188133e-16  2.7598805e-17  -4.4510393e-16  -3.6775237e-16  
-9.9622170e-17  8.3988489e-16  1.0000000   1.1193204e-16  5.5447514e-16  1.1370935e-16  -1.2608316e-16  5.9751252e-17  -6.2737569e-17  9.7427468e-17  
2.0459933e-17  -3.4845748e-16  1.1193277e-16  1.0000000   -3.6930422e-16  3.2789026e-17  -2.3484555e-16  -4.4280839e-16  -1.9443933e-16  -2.5935471e-16  
-3.3626983e-16  2.8582851e-17  5.5447514e-16  -3.6930422e-16  1.0000000   1.3466316e-16  5.4091540e-16  -1.7659824e-17  1.5620801e-16  -1.9251710e-16  
2.1037824e-17  -2.3689512e-17  1.1370906e-16  3.2789025e-17  1.3466559e-16  1.0000000   2.0291114e-16  3.1164615e-16  4.5439177e-16  -4.4748091e-17  
-1.1128612e-16  -1.5188133e-16  -1.2608317e-16  -2.3484524e-16  5.4091467e-16  2.0291102e-16  1.0000000   -1.7020430e-16  1.4935823e-16  2.2578256e-16  
-1.8353713e-16  2.7597396e-17  5.9751252e-17  -4.4280839e-16  -1.7661160e-17  3.1164615e-16  -1.7020430e-16  1.0000000   -7.9768836e-16  -1.8592034e-16  
-1.4668420e-16  -4.4510393e-16  -6.2738678e-17  -1.9443933e-16  1.5620801e-16  4.5439018e-16  1.4935823e-16  -7.9768291e-16  1.0000000   1.6282366e-16  
-2.9473020e-16  -3.6775237e-16  9.7427468e-17  -2.5935725e-16  -1.9251710e-16  -4.4748091e-17  2.2578256e-16  -1.8592373e-16  1.6282303e-16  1.0000000   
