1.0000000   4.2453219e-16  -3.8094900e-16  4.9844725e-17  5.9253530e-16  -7.4954609e-17  -1.1049301e-17  -9.4006661e-17  1.0062534e-16  -3.5895901e-16  
4.2453251e-16  1.0000000   6.5216699e-16  3.5100840e-16  7.3438187e-17  -1.1714282e-16  -2.2896005e-16  1.8902656e-16  -9.6050003e-17  -3.4197022e-16  
-3.8094866e-16  6.5217342e-16  1.0000000   -2.5907794e-16  2.7931843e-16  6.6414220e-16  -6.8983610e-16  7.6494095e-17  -2.7509433e-16  4.5176835e-16  
4.9846048e-17  3.5100869e-16  -2.5907779e-16  1.0000000   -4.1051303e-16  -2.0501645e-16  -4.0361624e-17  5.4535289e-17  -1.3552951e-16  6.5470565e-16  
5.9253289e-16  7.3439208e-17  2.7931843e-16  -4.1051303e-16  1.0000000   -8.3058662e-16  3.0330113e-16  2.9063447e-16  7.6711674e-17  -2.8856888e-16  
-7.4960744e-17  -1.1714282e-16  6.6414275e-16  -2.0501645e-16  -8.3059963e-16  1.0000000   -2.7639370e-17  -1.8851666e-17  -9.3786879e-17  2.7968660e-18  
-1.1045868e-17  -2.2896005e-16  -6.8983610e-16  -4.0361181e-17  3.0330255e-16  -2.7639418e-17  1.0000000   -4.7568255e-16  -1.1194666e-16  -9.5834155e-17  
-9.4017027e-17  1.8903824e-16  7.6494095e-17  5.4535289e-17  2.9063400e-16  -1.8851666e-17  -4.7568255e-16  1.0000000   -2.9379521e-16  -2.4729593e-16  
1.0061072e-16  -9.6050004e-17  -2.7510004e-16  -1.3552951e-16  7.6711674e-17  -9.3786812e-17  -1.1194666e-16  -2.9378988e-16  1.0000000   5.4348599e-16  
-3.5895223e-16  -3.4197022e-16  4.5176835e-16  6.5471412e-16  -2.8856888e-16  2.7968666e-18  -9.5832037e-17  -2.4729466e-16  5.4348556e-16  1.0000000   
