1.0000000   -2.0787692e-17  5.6609387e-17  -3.6444192e-17  -3.4444490e-16  -2.6929237e-16  -3.7768460e-16  4.5567664e-16  -2.6073466e-16  1.5736178e-16  
-2.0796496e-17  1.0000000   3.4158788e-16  -2.9997023e-17  3.8872133e-16  -3.9007507e-17  -1.6849225e-16  -2.7983933e-16  2.6675702e-16  -2.3577073e-16  
5.6607228e-17  3.4158583e-16  1.0000000   -2.8796111e-16  6.7747790e-17  -3.5653240e-16  -3.4540573e-16  8.0751153e-16  7.0403599e-16  3.7913480e-16  
-3.6442420e-17  -2.9998003e-17  -2.8796146e-16  1.0000000   -7.4469472e-17  -4.2329777e-16  -1.6222305e-16  3.7998844e-16  1.4678989e-16  -5.2012905e-16  
-3.4443212e-16  3.8872082e-16  6.7747790e-17  -7.4469472e-17  1.0000000   -1.2506126e-16  6.0382748e-16  -9.1380302e-17  4.1366346e-17  -6.4003833e-16  
-2.6929223e-16  -3.9007507e-17  -3.5653332e-16  -4.2329777e-16  -1.2506591e-16  1.0000000   7.8335170e-16  1.2705075e-16  1.1599901e-19  7.1038127e-16  
-3.7769945e-16  -1.6849225e-16  -3.4540573e-16  -1.6222323e-16  6.0381201e-16  7.8334897e-16  1.0000000   -3.1373205e-17  6.4018439e-16  -3.1712151e-16  
4.5567668e-16  -2.7984368e-16  8.0751153e-16  3.7998844e-16  -9.1378568e-17  1.2705075e-16  -3.1373205e-17  1.0000000   1.8191308e-16  3.4961793e-16  
-2.6072991e-16  2.6675702e-16  7.0404435e-16  1.4678989e-16  4.1366346e-17  1.1517858e-19  6.4018439e-16  1.8191174e-16  1.0000000   -1.1083612e-15  
1.5735500e-16  -2.3577073e-16  3.7913480e-16  -5.2014260e-16  -6.4003833e-16  7.1038127e-16  -3.1711897e-16  3.4960099e-16  -1.1083629e-15  1.0000000   
