1.0005441   -4.3030674e-06  -3.8072680e-05  -3.1043898e-05  -1.5477356e-05  -1.7980372e-05  -3.3735938e-05  4.9517009e-06  -3.9631926e-06  -8.0458871e-05  
-4.3030674e-06  1.0005821   1.5658538e-05  -5.2669713e-05  5.9738605e-05  1.0121929e-09  -2.9995001e-09  5.5300187e-05  8.8245223e-10  -2.5649273e-09  
-3.8072680e-05  1.5658538e-05  1.0006922   -4.1764387e-05  1.5238082e-09  5.9745794e-05  -1.2098434e-09  6.7698561e-10  5.5306442e-05  7.5331815e-10  
-3.1043898e-05  -5.2669713e-05  -4.1764387e-05  1.0005401   -2.6643729e-09  -1.9356852e-09  5.9737076e-05  -3.0645955e-09  -2.1853349e-09  5.5300382e-05  
-1.5477356e-05  5.9738605e-05  1.5238082e-09  -2.6643729e-09  1.0004741   1.5656962e-05  -5.2663636e-05  -1.5240951e-05  -1.7720209e-10  2.0468809e-09  
-1.7980372e-05  1.0121929e-09  5.9745794e-05  -1.9356852e-09  1.5656962e-05  1.0005841   -4.1760452e-05  -3.2749349e-10  -1.5242479e-05  2.0820672e-09  
-3.3735938e-05  -2.9995001e-09  -1.2098434e-09  5.9737076e-05  -5.2663636e-05  -4.1760452e-05  1.0004320   6.3530805e-10  7.6980276e-10  -1.5237521e-05  
4.9517009e-06  5.5300187e-05  6.7698561e-10  -3.0645955e-09  -1.5240951e-05  -3.2749349e-10  6.3530805e-10  1.0003640   1.5654942e-05  -5.2658764e-05  
-3.9631926e-06  8.8245223e-10  5.5306442e-05  -2.1853349e-09  -1.7720209e-10  -1.5242479e-05  7.6980276e-10  1.5654942e-05  1.0004741   -4.1756146e-05  
-8.0458871e-05  -2.5649273e-09  7.5331815e-10  5.5300382e-05  2.0468809e-09  2.0820672e-09  -1.5237521e-05  -5.2658764e-05  -4.1756146e-05  1.0003220   
