1.0000000   -3.4432801e-16  1.4225413e-16  1.9748404e-16  4.1698641e-16  -3.8872846e-17  1.8226116e-16  9.3144173e-17  5.3141629e-17  3.2404770e-16  
-3.4433854e-16  1.0000000   -1.4372752e-16  -4.1602193e-16  -2.2353561e-16  3.8857806e-16  -1.3877788e-16  -4.2271678e-16  4.8528889e-16  9.7144515e-17  
1.4225045e-16  -1.4372771e-16  1.0000000   2.9078980e-16  -1.7347235e-16  3.9055650e-16  3.5561831e-16  1.8106176e-16  -1.5459358e-16  -4.4408921e-16  
1.9747387e-16  -4.1602531e-16  2.9078980e-16  1.0000000   3.6082248e-16  6.9388939e-17  7.8306274e-17  -6.3816140e-16  1.5542038e-16  -2.2148886e-16  
4.1697438e-16  -2.2352093e-16  -1.7347235e-16  3.6082248e-16  1.0000000   2.2805936e-17  -6.9077231e-17  -9.1022526e-17  1.9255431e-16  -1.3877788e-16  
-3.8873625e-17  3.8857806e-16  3.9057118e-16  6.9388939e-17  2.2805746e-17  1.0000000   1.2252162e-16  -3.1528599e-16  -1.8272560e-17  3.2265857e-16  
1.8226074e-16  -1.3877788e-16  3.5561831e-16  7.8320950e-17  -6.9080619e-17  1.2252162e-16  1.0000000   4.3715032e-16  -1.0842022e-18  -1.7949342e-16  
9.3144509e-17  -4.2272348e-16  1.8106176e-16  -6.3816140e-16  -9.1015648e-17  -3.1528599e-16  4.3715032e-16  1.0000000   -4.8344832e-17  -1.0637379e-16  
5.3143315e-17  4.8528889e-16  -1.5460029e-16  1.5542038e-16  1.9255431e-16  -1.8265682e-17  -1.0842022e-18  -4.8345022e-17  1.0000000   4.3108556e-16  
3.2404770e-16  9.7144515e-17  -4.4408921e-16  -2.2149556e-16  -1.3877788e-16  3.2265857e-16  -1.7948654e-16  -1.0637717e-16  4.3108556e-16  1.0000000   
