0.99996596  2.4364836e-05  -5.8226217e-05  -8.9290303e-06  -2.6691105e-05  3.7444477e-06  1.5698905e-06  -4.4037186e-05  1.0628045e-05  1.4638660e-05  
2.4364836e-05  0.99983498  -6.9428007e-08  -2.0558203e-05  0.00010842204  8.3860992e-11  -2.1910684e-09  2.1650016e-05  2.5748665e-10  -8.8495551e-11  
-5.8226217e-05  -6.9428007e-08  0.99991098  4.4837416e-05  1.5468000e-09  0.00010843071  4.7707272e-09  2.5627333e-09  2.1652116e-05  1.1854506e-10  
-8.9290303e-06  -2.0558203e-05  4.4837416e-05  0.99998597  -1.9909861e-09  4.8287037e-09  0.00010843905  -5.1953477e-11  8.7602649e-10  2.1654228e-05  
-2.6691105e-05  0.00010842204  1.5468000e-09  -1.9909861e-09  0.99994197  -6.8116511e-08  -2.0560227e-05  5.2977800e-05  -2.8728740e-10  -1.4800077e-09  
3.7444477e-06  8.3860992e-11  0.00010843071  4.8287037e-09  -6.8116511e-08  1.0000180   4.4841700e-05  -1.6850405e-10  5.2980691e-05  2.4305150e-09  
1.5698905e-06  -2.1910684e-09  4.7707272e-09  0.00010843905  -2.0560227e-05  4.4841700e-05  1.0000930   -1.1584083e-09  2.3923849e-09  5.2984648e-05  
-4.4037186e-05  2.1650016e-05  2.5627333e-09  -5.1953477e-11  5.2977800e-05  -1.6850405e-10  -1.1584083e-09  0.99980498  -6.8475291e-08  -2.0558013e-05  
1.0628045e-05  2.5748665e-10  2.1652116e-05  8.7602649e-10  -2.8728740e-10  5.2980691e-05  2.3923849e-09  -6.8475291e-08  0.99988097  4.4835706e-05  
1.4638660e-05  -8.8495551e-11  1.1854506e-10  2.1654228e-05  -1.4800077e-09  2.4305150e-09  5.2984648e-05  -2.0558013e-05  4.4835706e-05  0.99995596  
