1.0000000   -8.7073725e-17  -1.5987467e-17  8.0806943e-18  9.3750707e-17  -4.7997295e-18  3.6388535e-18  -5.8933147e-18  5.7014825e-18  1.4629106e-17  
-8.7083254e-17  1.0000000   4.0712718e-16  4.9649302e-16  6.9299835e-16  3.4694470e-16  4.9960036e-16  1.2657131e-16  -2.7755576e-17  -2.4286129e-16  
-1.5995350e-17  4.0713029e-16  1.0000000   1.8901710e-16  8.3266727e-17  -2.0905785e-16  -1.6653345e-16  -1.2490009e-16  1.8208246e-16  -2.2204460e-16  
8.0976350e-18  4.9649260e-16  1.8901625e-16  1.0000000   -4.4408921e-16  -3.7470027e-16  1.6217297e-16  -6.8695050e-16  1.1102230e-16  -2.0996504e-16  
9.3747897e-17  6.9299847e-16  8.3266727e-17  -4.4408921e-16  1.0000000   1.9896036e-16  1.4239894e-17  5.7177682e-16  3.1918912e-16  -6.9388939e-18  
-4.8017254e-18  3.4694470e-16  -2.0905774e-16  -3.7470027e-16  1.9896347e-16  1.0000000   1.5432263e-16  1.7694179e-16  1.0340148e-16  -1.6566609e-16  
3.6388535e-18  4.9960036e-16  -1.6653345e-16  1.6217308e-16  1.4239471e-17  1.5432178e-16  1.0000000   2.3245295e-16  2.4286129e-17  4.0951439e-17  
-5.8997626e-18  1.2657659e-16  -1.2490009e-16  -6.8695050e-16  5.7177557e-16  1.7694179e-16  2.3245295e-16  1.0000000   1.0875474e-16  2.2067199e-16  
5.7269767e-18  -2.7755576e-17  1.8208775e-16  1.1102230e-16  3.1918912e-16  1.0340023e-16  2.4286129e-17  1.0875785e-16  1.0000000   -1.3711092e-16  
1.4626565e-17  -2.4286129e-16  -2.2204460e-16  -2.0995976e-16  -6.9388939e-18  -1.6566609e-16  4.0950188e-17  2.2067156e-16  -1.3711176e-16  1.0000000   
