1.0000000   -8.6751635e-17  -3.4249430e-16  -1.4039935e-16  1.6968354e-16  -1.5411170e-16  5.0150491e-16  3.9999321e-17  -3.5103073e-17  5.8050217e-16  
-8.6756639e-17  1.0000000   -8.9049631e-17  5.4760574e-16  -7.2486389e-17  -1.6863402e-16  -3.4956355e-16  -3.3448330e-16  -1.1634947e-15  1.4743224e-16  
-3.4249547e-16  -8.9054172e-17  1.0000000   4.2745904e-16  -1.6213115e-16  -1.5430402e-16  -2.0782866e-16  -4.3795284e-16  9.3678132e-18  -4.0905630e-16  
-1.4040295e-16  5.4760482e-16  4.2746554e-16  1.0000000   -9.5132165e-17  2.0812155e-16  7.1175455e-16  2.2924884e-16  3.9529250e-16  3.2555881e-16  
1.6968330e-16  -7.2488798e-17  -1.6213115e-16  -9.5132166e-17  1.0000000   1.7191504e-17  8.4831333e-17  3.6142799e-16  7.0127345e-16  -4.3020362e-17  
-1.5411402e-16  -1.6863402e-16  -1.5430259e-16  2.0812155e-16  1.7187582e-17  1.0000000   -2.5146688e-16  2.8750127e-16  -4.7144003e-17  8.8326257e-17  
5.0150871e-16  -3.4956355e-16  -2.0782866e-16  7.1174124e-16  8.4831118e-17  -2.5144621e-16  1.0000000   -1.7884602e-16  -1.1239724e-17  3.3742828e-16  
3.9998660e-17  -3.3449095e-16  -4.3795284e-16  2.2924884e-16  3.6142593e-16  2.8750127e-16  -1.7884602e-16  1.0000000   5.0523321e-16  4.5149524e-16  
-3.5128451e-17  -1.1634947e-15  9.3816422e-18  3.9529249e-16  7.0127345e-16  -4.7143503e-17  -1.1239725e-17  5.0523880e-16  1.0000000   -3.2763234e-17  
5.8052250e-16  1.4743224e-16  -4.0905630e-16  3.2559946e-16  -4.3020362e-17  8.8326257e-17  3.3742701e-16  4.5149651e-16  -3.2770011e-17  1.0000000   
