1.0000000   -4.1171748e-16  -1.1738140e-16  1.9577150e-16  7.2953294e-16  -7.3662977e-16  -4.7683424e-17  4.7577412e-16  -3.1860699e-16  -1.2481369e-16  
-4.1172610e-16  1.0000000   3.9208328e-16  4.7013639e-16  -1.4639690e-16  2.2464301e-16  -1.8533876e-16  4.3953952e-17  2.7295140e-16  -4.4494926e-16  
-1.1737769e-16  3.9211047e-16  1.0000000   5.7541714e-16  3.2295218e-16  4.0262038e-16  -2.1794233e-16  -3.8423979e-16  1.0436993e-15  9.2000151e-16  
1.9576954e-16  4.7013565e-16  5.7541590e-16  1.0000000   -4.7251042e-16  4.2822520e-16  8.5784306e-17  -2.7204700e-16  4.7368762e-16  4.0296661e-16  
7.2953283e-16  -1.4639574e-16  3.2295218e-16  -4.7251042e-16  1.0000000   1.7335337e-16  -1.3648491e-17  -1.3702263e-17  -3.2142406e-16  -2.3098102e-17  
-7.3666189e-16  2.2464301e-16  4.0261755e-16  4.2822520e-16  1.7334456e-16  1.0000000   6.4149964e-16  -3.8178814e-16  1.4643379e-16  2.7253012e-16  
-4.7684686e-17  -1.8533876e-16  -2.1794233e-16  8.5773560e-17  -1.3648842e-17  6.4149282e-16  1.0000000   -5.8580082e-16  1.1503865e-16  2.6603272e-16  
4.7577194e-16  4.3956538e-17  -3.8423980e-16  -2.7204700e-16  -1.3702454e-17  -3.8178814e-16  -5.8580082e-16  1.0000000   -5.5764563e-17  -2.7106304e-16  
-3.1861375e-16  2.7295140e-16  1.0437056e-15  4.7368762e-16  -3.2142406e-16  1.4643016e-16  1.1503865e-16  -5.5756977e-17  1.0000000   4.7878707e-16  
-1.2480861e-16  -4.4494926e-16  9.2000151e-16  4.0296322e-16  -2.3098102e-17  2.7253012e-16  2.6603103e-16  -2.7106261e-16  4.7878368e-16  1.0000000   
