1.0000000   9.5938242e-17  -4.2302965e-16  -9.4506970e-17  8.2023105e-16  1.6032172e-16  5.0763086e-16  -2.5513782e-16  -3.6330292e-16  -2.2321012e-16  
9.5936446e-17  1.0000000   1.9547998e-16  -1.6727192e-16  -1.1433066e-17  -5.1389675e-17  -1.3958090e-17  -1.1118803e-15  -4.2086620e-17  1.7756436e-16  
-4.2302652e-16  1.9547821e-16  1.0000000   1.1642039e-16  2.1023360e-16  -4.9482271e-17  2.5501334e-16  -2.2547453e-16  3.6418511e-19  8.6967703e-17  
-9.4498239e-17  -1.6727502e-16  1.1642182e-16  1.0000000   -1.1088851e-16  4.7496525e-16  -6.0305639e-16  4.9734094e-16  -1.1402653e-16  1.0290502e-15  
8.2023100e-16  -1.1435954e-17  2.1023360e-16  -1.1088851e-16  1.0000000   2.8049191e-16  8.1738456e-16  -4.4348936e-16  -2.2441348e-17  5.5346581e-16  
1.6031652e-16  -5.1389675e-17  -4.9479682e-17  4.7496525e-16  2.8049383e-16  1.0000000   -1.9855058e-17  4.3357080e-16  -9.6787773e-17  5.7943758e-16  
5.0763314e-16  -1.3958090e-17  2.5501334e-16  -6.0305785e-16  8.1738197e-16  -1.9852624e-17  1.0000000   1.4966308e-16  3.7905274e-16  7.7334108e-16  
-2.5515251e-16  -1.1118730e-15  -2.2547453e-16  4.9734094e-16  -4.4349197e-16  4.3357080e-16  1.4966308e-16  1.0000000   6.5820831e-16  9.7424036e-17  
-3.6330207e-16  -4.2086620e-17  3.7391902e-19  -1.1402653e-16  -2.2441347e-17  -9.6781047e-17  3.7905274e-16  6.5821123e-16  1.0000000   -2.5065738e-16  
-2.2321351e-16  1.7756436e-16  8.6967704e-17  1.0290502e-15  5.5346581e-16  5.7943758e-16  7.7334786e-16  9.7418106e-17  -2.5065907e-16  1.0000000   
