1.0000000   2.0679601e-16  6.0148316e-17  9.8933448e-19  -1.7916081e-16  6.0542771e-17  -5.8445273e-17  -2.0704062e-16  1.7825853e-16  -4.8168392e-16  
2.0679515e-16  1.0000000   -1.1586007e-17  1.1904540e-16  -3.8043912e-16  -1.5959456e-16  2.7755576e-17  1.0819077e-16  2.2204460e-16  -6.6613381e-16  
6.0148442e-17  -1.1588569e-17  1.0000000   -3.6732431e-16  -5.5511151e-17  -1.0982226e-16  -1.0408341e-17  -8.3266727e-17  5.3493275e-16  1.1102230e-16  
9.9272261e-19  1.1903185e-16  -3.6732346e-16  1.0000000   -5.5944832e-17  4.4137870e-16  2.7528635e-16  2.8243467e-16  -2.0719104e-16  -7.6123598e-17  
-1.7916517e-16  -3.8044418e-16  -5.5511151e-17  -5.5944832e-17  1.0000000   -2.6832508e-16  1.2468325e-16  -1.9921098e-17  2.2204460e-16  -3.3306691e-16  
6.0547106e-17  -1.5959456e-16  -1.0982732e-16  4.4137870e-16  -2.6832764e-16  1.0000000   7.2102833e-17  -2.0816682e-16  -2.2114902e-16  1.1102230e-16  
-5.8438497e-17  2.7755576e-17  -1.0408341e-17  2.7528129e-16  1.2466970e-16  7.2103680e-17  1.0000000   2.1163626e-16  1.9775848e-16  -3.3798886e-17  
-2.0706438e-16  1.0819405e-16  -8.3266727e-17  2.8243467e-16  -1.9918646e-17  -2.0816682e-16  2.1163626e-16  1.0000000   3.6311426e-16  2.9815560e-16  
1.7825034e-16  2.2204460e-16  5.3493602e-16  -2.0719104e-16  2.2204460e-16  -2.2114657e-16  1.9775848e-16  3.6311170e-16  1.0000000   -5.6266705e-17  
-4.8167714e-16  -6.6613381e-16  1.1102230e-16  -7.6120321e-17  -3.3306691e-16  1.1102230e-16  -3.3796434e-17  2.9814204e-16  -5.6265858e-17  1.0000000   
