1.0000000   4.1326066e-16  1.3873082e-16  4.3770623e-17  7.6527530e-16  -1.9198912e-16  -3.0307034e-16  1.2338746e-16  -6.8365559e-16  -2.5528218e-16  
4.1326185e-16  1.0000000   4.4746489e-17  4.4427353e-16  4.4939993e-16  5.9298977e-17  -1.3500485e-16  -5.7942876e-16  -1.9797088e-16  5.2683311e-16  
1.3873291e-16  4.4746079e-17  1.0000000   3.9961719e-16  2.3101276e-16  6.2296890e-17  -2.9167209e-16  3.5733503e-17  1.4556416e-16  2.5459348e-16  
4.3781007e-17  4.4427355e-16  3.9961747e-16  1.0000000   7.9508458e-17  1.1520585e-16  2.6903830e-16  1.9779493e-16  5.5998056e-16  1.3008732e-16  
7.6527901e-16  4.4936779e-16  2.3101276e-16  7.9508458e-17  1.0000000   -1.3710622e-16  3.3450716e-17  -8.1967089e-17  -3.5405910e-18  -3.1473077e-17  
-1.9199084e-16  5.9298977e-17  6.2324092e-17  1.1520585e-16  -1.3710469e-16  1.0000000   -1.1388611e-17  -1.5173312e-16  3.4837803e-16  -4.3601497e-16  
-3.0306438e-16  -1.3500485e-16  -2.9167209e-16  2.6904039e-16  3.3450825e-17  -1.1384965e-17  1.0000000   1.5282438e-16  -4.9779583e-16  -2.0769756e-16  
1.2338784e-16  -5.7942579e-16  3.5733503e-17  1.9779493e-16  -8.1967401e-17  -1.5173312e-16  1.5282438e-16  1.0000000   8.8705556e-17  -1.9873669e-17  
-6.8366008e-16  -1.9797088e-16  1.4556870e-16  5.5998056e-16  -3.5405911e-18  3.4837826e-16  -4.9779583e-16  8.8703013e-17  1.0000000   -1.6805134e-18  
-2.5528218e-16  5.2683311e-16  2.5459348e-16  1.3008732e-16  -3.1473077e-17  -4.3601497e-16  -2.0769820e-16  -1.9873669e-17  -1.6788193e-18  1.0000000   
