0.99986998  -1.8867158e-05  -1.9325658e-07  9.7700644e-06  -4.8085641e-06  4.6112095e-05  8.4990629e-06  -1.1300664e-05  -3.6339146e-05  5.8100170e-05  
-1.8867158e-05  0.99981900  3.6563960e-05  -9.9177153e-06  -4.4110093e-05  -2.4832521e-09  2.7716930e-10  3.4467634e-05  1.9461990e-09  -1.4382212e-09  
-1.9325658e-07  3.6563960e-05  0.99987998  -2.4304391e-05  -1.6122054e-09  -4.4112884e-05  1.0706224e-09  1.2626776e-09  3.4469530e-05  -8.4909096e-10  
9.7700644e-06  -9.9177153e-06  -2.4304391e-05  0.99985999  3.9055723e-10  1.5228419e-09  -4.4111909e-05  -4.5231617e-10  -1.1929432e-09  3.4469402e-05  
-4.8085641e-06  -4.4110093e-05  -1.6122054e-09  3.9055723e-10  0.99981899  3.6563734e-05  -9.9175718e-06  1.4697710e-05  7.1226357e-10  -4.2520557e-10  
4.6112095e-05  -2.4832521e-09  -4.4112884e-05  1.5228419e-09  3.6563734e-05  0.99987998  -2.4303997e-05  1.6336668e-11  1.4696877e-05  2.3221867e-09  
8.4990629e-06  2.7716930e-10  1.0706224e-09  -4.4111909e-05  -9.9175718e-06  -2.4303997e-05  0.99985998  -2.4184839e-10  -6.6617107e-10  1.4698752e-05  
-1.1300664e-05  3.4467634e-05  1.2626776e-09  -4.5231617e-10  1.4697710e-05  1.6336668e-11  -2.4184839e-10  0.99997398  3.6570035e-05  -9.9197250e-06  
-3.6339146e-05  1.9461990e-09  3.4469530e-05  -1.1929432e-09  7.1226357e-10  1.4696877e-05  -6.6617107e-10  3.6570035e-05  1.0000350   -2.4310268e-05  
5.8100170e-05  -1.4382212e-09  -8.4909096e-10  3.4469402e-05  -4.2520557e-10  2.3221867e-09  1.4698752e-05  -9.9197250e-06  -2.4310268e-05  1.0000150   
