1.0000000   -2.1867134e-17  1.9536444e-17  -7.0684899e-18  -4.2164783e-17  -2.0157003e-17  -2.2646273e-17  -5.1020320e-17  -2.0179041e-17  -6.6971507e-17  
-2.1871202e-17  1.0000000   -4.5436043e-16  -1.0455775e-16  -6.0463820e-17  4.8572257e-17  2.7755576e-16  2.2197454e-16  3.3306691e-16  8.3266727e-17  
1.9539215e-17  -4.5435660e-16  1.0000000   3.5682449e-16  -2.7755576e-16  3.5240037e-16  2.1510571e-16  -2.3592239e-16  -2.9150361e-16  3.7470027e-16  
-7.0693370e-18  -1.0455097e-16  3.5682618e-16  1.0000000   -2.7755576e-16  -5.2041704e-17  5.0558482e-17  4.0939474e-16  1.0408341e-16  1.3176892e-16  
-4.2184540e-17  -6.0464037e-17  -2.7755576e-16  -2.7755576e-16  1.0000000   -5.4803549e-16  8.9731282e-17  -4.8442019e-17  2.2244491e-31  -1.3877788e-16  
-2.0160007e-17  4.8572257e-17  3.5240015e-16  -5.2041704e-17  -5.4803166e-16  1.0000000   2.0416882e-16  -1.1449175e-16  -9.5743712e-16  2.3678975e-16  
-2.2659825e-17  2.7755576e-16  2.1510571e-16  5.0558265e-17  8.9738059e-17  2.0417052e-16  1.0000000   -8.8470897e-17  2.7755576e-17  -2.9997692e-16  
-5.1020707e-17  2.2197274e-16  -2.3592239e-16  4.0939474e-16  -4.8439336e-17  -1.1449175e-16  -8.8470897e-17  1.0000000   2.3432479e-16  2.1810082e-16  
-2.0180661e-17  3.3306691e-16  -2.9150541e-16  1.0408341e-16  2.3083897e-31  -9.5743444e-16  2.7755576e-17  2.3432862e-16  1.0000000   -3.1753571e-17  
-6.6973201e-17  8.3266727e-17  3.7470027e-16  1.3176712e-16  -1.3877788e-16  2.3678975e-16  -2.9997424e-16  2.1810760e-16  -3.1751877e-17  1.0000000   
