1.0000000   2.8380874e-16  9.8578892e-18  4.7986111e-17  -6.7421033e-18  7.7809621e-17  3.6004660e-16  8.5529436e-19  2.1770923e-16  1.5265905e-16  
2.8380553e-16  1.0000000   -2.8815901e-16  3.0512837e-16  -3.3551457e-16  -2.4286129e-16  -2.7755576e-17  8.5424079e-17  -1.9255431e-16  -3.0531133e-16  
9.8579881e-18  -2.8816818e-16  1.0000000   4.0489530e-16  1.4571677e-16  4.5257231e-17  1.9428903e-16  -2.9099986e-16  3.2980325e-16  -2.9837244e-16  
4.7986111e-17  3.0512498e-16  4.0488175e-16  1.0000000   -1.0408341e-17  -2.8796410e-16  -3.2857568e-16  1.0755286e-16  -1.0842022e-16  7.8485185e-17  
-6.7415202e-18  -3.3551091e-16  1.4571677e-16  -1.0408341e-17  1.0000000   -2.4392356e-16  3.7980957e-17  -1.2634340e-16  1.5352303e-16  1.6653345e-16  
7.7810414e-17  -2.4286129e-16  4.5260898e-17  -2.8796410e-16  -2.4393274e-16  1.0000000   4.8469258e-16  1.8344701e-16  -5.1750286e-17  1.2490009e-16  
3.6004999e-16  -2.7755576e-17  1.9428903e-16  -3.2857201e-16  3.7977569e-17  4.8467903e-16  1.0000000   3.0704606e-16  -3.3133218e-16  -3.9175609e-16  
8.5709984e-19  8.5424316e-17  -2.9099986e-16  1.0755286e-16  -1.2635652e-16  1.8344701e-16  3.0704606e-16  1.0000000   -2.7861803e-16  -1.1987888e-16  
2.1770798e-16  -1.9255431e-16  3.2980349e-16  -1.0842022e-16  1.5352303e-16  -5.1763413e-17  -3.3133218e-16  -2.7862720e-16  1.0000000   5.1765233e-16  
1.5266244e-16  -3.0531133e-16  -2.9837244e-16  7.8485422e-17  1.6653345e-16  1.2490009e-16  -3.9176921e-16  -1.1988227e-16  5.1763877e-16  1.0000000   
