1.0000000   1.7363914e-16  3.0934929e-16  2.7227196e-16  -3.7788388e-17  2.4094277e-16  3.0919074e-16  -8.5725961e-18  -1.6690249e-16  3.1159886e-16  
1.7363775e-16  1.0000000   1.5396191e-16  -1.9061629e-16  -3.4137047e-16  2.0036056e-16  -3.1745440e-16  -6.1580885e-16  4.8572257e-17  -2.9490299e-17  
3.0934816e-16  1.5396435e-16  1.0000000   7.6629377e-17  5.8286709e-16  -3.4830936e-16  2.8275993e-16  -2.0729946e-16  -4.5231116e-16  2.7755576e-16  
2.7227535e-16  -1.9062985e-16  7.6625989e-17  1.0000000   -1.9428903e-16  3.7643499e-16  -3.8820800e-16  2.0816682e-17  -1.2490009e-16  -2.9038636e-17  
-3.7804671e-17  -3.4137305e-16  5.8286709e-16  -1.9428903e-16  1.0000000   -1.9688591e-16  6.1785971e-17  3.1984025e-16  -1.4791142e-31  -8.3266727e-17  
2.4093572e-16  2.0036056e-16  -3.4831194e-16  3.7643499e-16  -1.9688347e-16  1.0000000   2.3448921e-16  4.8832466e-16  -3.9833527e-16  -9.3675068e-17  
3.0919413e-16  -3.1745440e-16  2.8275993e-16  -3.8821058e-16  6.1772419e-17  2.3448582e-16  1.0000000   4.4972706e-16  -6.9388939e-18  3.7535140e-16  
-8.5782705e-18  -6.1580790e-16  -2.0729946e-16  2.0816682e-17  3.1983973e-16  4.8832466e-16  4.4972706e-16  1.0000000   5.9853161e-17  2.7958864e-17  
-1.6690286e-16  4.8572257e-17  -4.5231021e-16  -1.2490009e-16  -1.6526153e-31  -3.9833579e-16  -6.9388939e-18  5.9855603e-17  1.0000000   5.6235195e-16  
3.1159886e-16  -2.9490299e-17  2.7755576e-16  -2.9037681e-17  -8.3266727e-17  -9.3675068e-17  3.7535088e-16  2.7945311e-17  5.6234856e-16  1.0000000   
