1.0000000   1.0818500e-16  3.9214083e-17  -1.0145628e-15  -3.9617477e-16  3.9944977e-17  2.6654513e-16  -1.6206553e-16  -9.7952776e-17  -4.0810047e-17  
1.0818461e-16  1.0000000   6.2857407e-17  -1.7766449e-16  4.4571391e-16  -3.2674990e-16  -5.8416038e-16  4.8566264e-16  -2.7772410e-16  8.5511140e-17  
3.9220619e-17  6.2856891e-17  1.0000000   -2.3116551e-16  -3.0823362e-16  2.3399153e-17  3.2891641e-16  4.9846367e-16  4.3420634e-16  -1.9144173e-16  
-1.0145635e-15  -1.7766298e-16  -2.3116950e-16  1.0000000   1.5186817e-16  -2.0268329e-17  2.7700516e-16  5.9384478e-17  -5.6719898e-18  4.9825188e-16  
-3.9617510e-16  4.4573143e-16  -3.0823362e-16  1.5186817e-16  1.0000000   5.1142126e-16  -1.9387708e-16  -2.2768649e-16  -7.0193437e-17  -5.6522395e-16  
3.9954020e-17  -3.2674990e-16  2.3393182e-17  -2.0268329e-17  5.1142110e-16  1.0000000   -1.6851235e-16  -2.6235704e-16  -1.5896559e-16  9.9868886e-17  
2.6654345e-16  -5.8416038e-16  3.2891641e-16  2.7701789e-16  -1.9387082e-16  -1.6850140e-16  1.0000000   2.3096998e-17  -2.3661480e-16  7.9751540e-17  
-1.6208974e-16  4.8564163e-16  4.9846367e-16  5.9384478e-17  -2.2768662e-16  -2.6235704e-16  2.3096998e-17  1.0000000   1.4955873e-16  -3.8810711e-16  
-9.7952847e-17  -2.7772410e-16  4.3419643e-16  -5.6719904e-18  -7.0193437e-17  -1.5896533e-16  -2.3661480e-16  1.4955836e-16  1.0000000   -2.6247179e-16  
-4.0789719e-17  8.5511139e-17  -1.9144173e-16  4.9825527e-16  -5.6522395e-16  9.9868885e-17  7.9751540e-17  -3.8810372e-16  -2.6248196e-16  1.0000000   
