1.0000000   2.6341583e-16  -3.3858591e-16  5.2860194e-17  -3.1482131e-16  5.8527082e-16  3.5480724e-16  -9.1408073e-17  3.3541033e-16  -3.1527922e-16  
2.6341417e-16  1.0000000   5.2757744e-16  -3.8648246e-17  4.0085940e-16  -6.6430989e-17  1.7803314e-16  2.5044770e-16  1.1418235e-16  6.6811589e-16  
-3.3858392e-16  5.2758123e-16  1.0000000   9.1394548e-16  8.2237744e-16  3.7921339e-16  1.1012405e-15  6.3758402e-16  -6.7923819e-16  6.8174341e-16  
5.2860442e-17  -3.8653695e-17  9.1395030e-16  1.0000000   4.6305720e-16  -4.0623645e-16  -2.1133596e-16  -1.7825226e-16  -1.7950940e-16  4.5189885e-16  
-3.1482571e-16  4.0086048e-16  8.2237744e-16  4.6305720e-16  1.0000000   -3.1520639e-16  -1.1907884e-16  -1.6413658e-16  -4.4130469e-16  4.4768380e-17  
5.8526219e-16  -6.6430990e-17  3.7923344e-16  -4.0623645e-16  -3.1521361e-16  1.0000000   -4.9084376e-16  9.0174098e-16  6.1805756e-16  1.3951313e-16  
3.5480690e-16  1.7803314e-16  1.1012405e-15  -2.1133921e-16  -1.1908272e-16  -4.9083528e-16  1.0000000   -4.4440387e-17  1.4606896e-16  -9.3978305e-18  
-9.1407898e-17  2.5044504e-16  6.3758402e-16  -1.7825226e-16  -1.6413824e-16  9.0174098e-16  -4.4440387e-17  1.0000000   -1.5477225e-17  1.4871188e-16  
3.3541048e-16  1.1418235e-16  -6.7924828e-16  -1.7950940e-16  -4.4130468e-16  6.1805150e-16  1.4606896e-16  -1.5480920e-17  1.0000000   7.3772504e-16  
-3.1528938e-16  6.6811589e-16  6.8174341e-16  4.5190224e-16  4.4768380e-17  1.3951313e-16  -9.3995246e-18  1.4871866e-16  7.3771826e-16  1.0000000   
