1.0000000   1.4215033e-17  -3.5052600e-17  -2.1889025e-17  -1.4873504e-17  1.8206402e-18  -2.8606950e-18  8.2815758e-18  7.2155132e-18  1.1565218e-16  
1.4216885e-17  1.0000000   -4.4221060e-16  2.0162222e-16  -1.1630624e-16  -1.5135462e-16  -4.4408921e-16  4.8458156e-16  -9.7144515e-17  -4.9960036e-16  
-3.5049855e-17  -4.4221023e-16  1.0000000   1.8064841e-16  1.6653345e-16  -3.5222863e-16  -2.4980018e-16  4.1633363e-16  4.1866207e-16  3.6082248e-16  
-2.1889025e-17  2.0162137e-16  1.8064502e-16  1.0000000   -2.0816682e-17  -3.8163916e-17  -6.9223443e-16  1.1449175e-16  6.9388939e-18  5.2968437e-16  
-1.4872551e-17  -1.1630649e-16  1.6653345e-16  -2.0816682e-17  1.0000000   1.7925408e-16  9.4069362e-17  -1.7063051e-16  1.3183898e-16  -1.7347235e-16  
1.8225042e-18  -1.5135462e-16  -3.5222888e-16  -3.8163916e-17  1.7925446e-16  1.0000000   2.4309846e-16  1.8995222e-16  -2.1226387e-16  1.3877788e-16  
-2.8606420e-18  -4.4408921e-16  -2.4980018e-16  -6.9223468e-16  9.4068515e-17  2.4309507e-16  1.0000000   -6.5919492e-17  1.8041124e-16  -4.5730417e-17  
8.2823016e-18  4.8457978e-16  4.1633363e-16  1.1449175e-16  -1.7062541e-16  1.8995222e-16  -6.5919492e-17  1.0000000   -1.1999182e-17  -1.0014047e-17  
7.2221939e-18  -9.7144515e-17  4.1866029e-16  6.9388939e-18  1.3183898e-16  -2.1225878e-16  1.8041124e-16  -1.1998804e-17  1.0000000   1.3901505e-16  
1.1565388e-16  -4.9960036e-16  3.6082248e-16  5.2968259e-16  -1.7347235e-16  1.3877788e-16  -4.5725322e-17  -1.0014894e-17  1.3901166e-16  1.0000000   
