1.0000000   1.1645960e-18  -9.9242919e-18  1.0716661e-16  -4.9698452e-17  2.2666702e-18  2.9375103e-18  -1.9933197e-17  6.2149396e-18  -4.4638636e-18  
1.1629785e-18  1.0000000   8.6950072e-17  2.8772693e-16  1.5710555e-16  2.9490299e-17  -9.7144515e-17  6.6222902e-17  -1.1796120e-16  -6.9388939e-18  
-9.9240341e-18  8.6941941e-17  1.0000000   2.4487723e-16  -2.7755576e-16  -7.3107287e-16  5.3949900e-16  -1.4571677e-16  -2.8766069e-16  1.5439039e-16  
1.0716322e-16  2.8774048e-16  2.4487384e-16  1.0000000   -2.7755576e-16  -1.4918622e-16  -1.3432799e-16  6.9388939e-17  1.2490009e-16  -2.3982718e-17  
-4.9695043e-17  1.5710738e-16  -2.7755576e-16  -2.7755576e-16  1.0000000   4.4430311e-16  3.2322777e-18  -6.8700998e-18  -5.8980598e-17  -1.3183898e-16  
2.2638265e-18  2.9490299e-17  -7.3107104e-16  -1.4918622e-16  4.4429498e-16  1.0000000   -2.4908528e-16  -3.2959746e-17  -2.2631262e-16  -2.1814148e-16  
2.9307340e-18  -9.7144515e-17  5.3949900e-16  -1.3432616e-16  3.2458303e-18  -2.4908867e-16  1.0000000   -3.4694470e-17  1.3530843e-16  3.0060964e-16  
-1.9934281e-17  6.6217719e-17  -1.4571677e-16  6.9388939e-17  -6.8725869e-18  -3.2959746e-17  -3.4694470e-17  1.0000000   4.2695587e-16  1.7757199e-16  
6.2226322e-18  -1.1796120e-16  -2.8766587e-16  1.2490009e-16  -5.8980598e-17  -2.2631511e-16  1.3530843e-16  4.2694774e-16  1.0000000   2.5434705e-17  
-4.4706399e-18  -6.9388939e-18  1.5439039e-16  -2.3987901e-17  -1.3183898e-16  -2.1814148e-16  3.0060715e-16  1.7758554e-16  2.5431317e-17  1.0000000   
