1.0000000   -1.4603939e-16  -1.0883750e-16  -4.3558897e-17  2.9607830e-17  -1.7704239e-16  3.7855507e-17  -1.7274243e-17  -2.2020757e-16  -4.5135336e-16  
-1.4604416e-16  1.0000000   -7.6163375e-17  2.5490251e-16  -1.2350883e-16  -7.9504178e-18  2.9001066e-16  1.6640694e-16  5.7799684e-16  -8.9911846e-17  
-1.0884408e-16  -7.6163193e-17  1.0000000   -4.6493867e-16  2.2023918e-17  5.1257300e-17  1.2331303e-16  -3.2072611e-16  3.1430903e-16  -1.0390548e-16  
-4.3557193e-17  2.5489284e-16  -4.6492295e-16  1.0000000   3.0520342e-16  -9.0291385e-17  3.4653736e-17  -1.0039544e-16  5.7011296e-16  -2.6034405e-16  
2.9606878e-17  -1.2349469e-16  2.2023918e-17  3.0520342e-16  1.0000000   -3.2609563e-16  3.2479654e-16  -4.3213026e-16  -1.5475919e-16  -3.2884752e-16  
-1.7704976e-16  -7.9504173e-18  5.1235334e-17  -9.0291385e-17  -3.2609558e-16  1.0000000   -2.9141339e-16  6.7120406e-17  -1.0911791e-16  7.7755209e-17  
3.7849711e-17  2.9001066e-16  1.2331303e-16  3.4668320e-17  3.2480460e-16  -2.9140890e-16  1.0000000   2.6314794e-16  -1.3832817e-16  -4.2039256e-16  
-1.7279581e-17  1.6639943e-16  -3.2072611e-16  -1.0039544e-16  -4.3213018e-16  6.7120405e-17  2.6314794e-16  1.0000000   -1.8960039e-16  1.6970475e-16  
-2.2019672e-16  5.7799684e-16  3.1432602e-16  5.7011296e-16  -1.5475919e-16  -1.0911785e-16  -1.3832817e-16  -1.8960036e-16  1.0000000   -4.1846477e-16  
-4.5135675e-16  -8.9911845e-17  -1.0390548e-16  -2.6031017e-16  -3.2884752e-16  7.7755209e-17  -4.2039256e-16  1.6969797e-16  -4.1846816e-16  1.0000000   
