1.0000000   -5.4869916e-16  4.6598514e-17  8.5326558e-16  7.3414985e-16  -1.8145016e-16  -7.7931716e-17  1.2685873e-15  3.0464543e-16  -2.6510776e-16  
-5.4869793e-16  1.0000000   3.6824183e-16  3.9904640e-16  6.8981131e-17  3.6267694e-16  4.2097568e-16  5.2051735e-16  1.6249157e-16  1.2651358e-15  
4.6603039e-17  3.6824230e-16  1.0000000   -7.2634613e-16  5.6138225e-16  -1.3932755e-16  -1.0513396e-16  4.3576501e-16  3.0818877e-16  1.1162460e-15  
8.5326426e-16  3.9904788e-16  -7.2635309e-16  1.0000000   -2.9269931e-16  2.2207148e-16  2.0918870e-16  2.1241691e-16  -7.4375318e-16  -1.3919462e-16  
7.3414002e-16  6.8979695e-17  5.6138225e-16  -2.9269931e-16  1.0000000   -4.4896741e-16  1.7521985e-16  9.9194243e-16  2.7375328e-16  8.7321477e-16  
-1.8144666e-16  3.6267694e-16  -1.3932474e-16  2.2207148e-16  -4.4897154e-16  1.0000000   5.4413280e-16  2.0804812e-16  -1.0515319e-16  -5.5143201e-16  
-7.7929259e-17  4.2097568e-16  -1.0513396e-16  2.0918722e-16  1.7522378e-16  5.4413774e-16  1.0000000   5.6851921e-16  3.1200665e-16  -6.8803470e-16  
1.2685840e-15  5.2052980e-16  4.3576501e-16  2.1241691e-16  9.9192763e-16  2.0804812e-16  5.6851921e-16  1.0000000   8.0698264e-16  1.3385357e-15  
3.0464257e-16  1.6249157e-16  3.0818036e-16  -7.4375318e-16  2.7375328e-16  -1.0514730e-16  3.1200665e-16  8.0697936e-16  1.0000000   5.8794590e-16  
-2.6509421e-16  1.2651358e-15  1.1162460e-15  -1.3919123e-16  8.7321477e-16  -5.5143201e-16  -6.8802792e-16  1.3385357e-15  5.8795606e-16  1.0000000   
