1.0000000   5.0625360e-17  -3.8664399e-17  -8.7413800e-19  -4.9505445e-17  5.5781291e-17  7.4301730e-18  1.7977414e-17  -6.7367786e-21  3.3996514e-17  
5.0624632e-17  1.0000000   1.6749382e-17  -3.9719069e-17  -4.1702646e-16  2.4286129e-17  5.4817262e-16  -2.0241980e-16  -1.0755286e-16  1.2663481e-16  
-3.8673775e-17  1.6742593e-17  1.0000000   -2.2414186e-17  5.5511151e-16  7.9104453e-17  -1.2490009e-16  -4.1633363e-17  -3.1257474e-16  8.3266727e-17  
-8.6058547e-19  -3.9719069e-17  -2.2417574e-17  1.0000000   -1.9428903e-16  4.4408921e-16  -3.9274033e-16  1.3877788e-17  2.2204460e-16  1.1763668e-16  
-4.9496972e-17  -4.1702045e-16  5.5511151e-16  -1.9428903e-16  1.0000000   -3.0243974e-16  -1.0910801e-16  3.5955612e-16  6.9388939e-17  5.5511151e-17  
5.5782685e-17  2.4286129e-17  7.9110462e-17  4.4408921e-16  -3.0244653e-16  1.0000000   1.1636369e-16  -1.1102230e-16  7.5061468e-17  1.1102230e-16  
7.4301730e-18  5.4817262e-16  -1.2490009e-16  -3.9273432e-16  -1.0910801e-16  1.1636030e-16  1.0000000   1.9428903e-16  1.6653345e-16  8.8939256e-17  
1.7968392e-17  -2.0242058e-16  -4.1633363e-17  1.3877788e-17  3.5955746e-16  -1.1102230e-16  1.9428903e-16  1.0000000   -2.5386748e-16  -1.5768027e-16  
-1.7622954e-21  -1.0755286e-16  -3.1257552e-16  2.2204460e-16  6.9388939e-17  7.5062808e-17  1.6653345e-16  -2.5387427e-16  1.0000000   4.7718618e-16  
3.3994820e-17  1.2663481e-16  8.3266727e-17  1.1763590e-16  5.5511151e-17  1.1102230e-16  8.8940596e-17  -1.5768027e-16  4.7718279e-16  1.0000000   
