0.99963003  2.7088918e-05  -5.1345709e-05  -8.8736268e-05  2.4662278e-05  -1.4683980e-07  7.5029888e-06  2.4110474e-05  -6.9659355e-05  1.9240052e-05  
2.7088918e-05  0.99970000  -6.8456450e-06  3.9963760e-05  3.9026816e-05  -2.7116421e-10  1.7635166e-09  -6.1211134e-05  -1.4686203e-09  -1.9257494e-09  
-5.1345709e-05  -6.8456450e-06  0.99955605  -9.8619636e-08  -1.5339558e-09  3.9020536e-05  -3.8941669e-10  -8.1935283e-10  -6.1199395e-05  -9.8194216e-10  
-8.8736268e-05  3.9963760e-05  -9.8619636e-08  0.99955806  -6.2905499e-10  9.0070077e-12  3.9019940e-05  -4.5873998e-09  6.1899166e-09  -6.1204804e-05  
2.4662278e-05  3.9026816e-05  -1.5339558e-09  -6.2905499e-10  0.99980598  -6.8449827e-06  3.9970587e-05  -7.3516279e-05  -1.2152751e-09  -2.4643901e-09  
-1.4683980e-07  -2.7116421e-10  3.9020536e-05  9.0070077e-12  -6.8449827e-06  0.99966202  -1.0318959e-07  4.9977743e-10  -7.3506277e-05  4.7613161e-12  
7.5029888e-06  1.7635166e-09  -3.8941669e-10  3.9019940e-05  3.9970587e-05  -1.0318959e-07  0.99966401  -2.7581016e-09  -5.1525924e-10  -7.3506290e-05  
2.4110474e-05  -6.1211134e-05  -8.1935283e-10  -4.5873998e-09  -7.3516279e-05  4.9977743e-10  -2.7581016e-09  0.99983898  -6.8468852e-06  3.9972185e-05  
-6.9659355e-05  -1.4686203e-09  -6.1199395e-05  6.1899166e-09  -1.2152751e-09  -7.3506277e-05  -5.1525924e-10  -6.8468852e-06  0.99969502  -1.0453264e-07  
1.9240052e-05  -1.9257494e-09  -9.8194216e-10  -6.1204804e-05  -2.4643901e-09  4.7613161e-12  -7.3506290e-05  3.9972185e-05  -1.0453264e-07  0.99969701  
