1.0000000   -2.0005293e-16  -2.8659440e-16  -2.1580960e-16  -1.6916302e-16  2.6490605e-16  -8.8692820e-18  -9.5344516e-17  1.4634869e-16  -6.2216264e-17  
-2.0005356e-16  1.0000000   5.7381992e-16  2.8578892e-17  1.5664172e-16  -1.9949320e-16  2.9143354e-16  7.2607120e-16  5.5511151e-16  4.5276283e-16  
-2.8658665e-16  5.7384185e-16  1.0000000   1.3348562e-16  6.2450045e-17  2.7200083e-16  6.5225603e-16  1.2050907e-16  -4.8320200e-17  -3.2265857e-16  
-2.1581002e-16  2.8572115e-17  1.3345851e-16  1.0000000   3.5388359e-16  -3.2612801e-16  -3.7765311e-16  -2.3353715e-16  -4.9960036e-16  5.9232656e-17  
-1.6915861e-16  1.5664568e-16  6.2450045e-17  3.5388359e-16  1.0000000   4.7060388e-16  -1.5183235e-16  2.5150755e-16  5.2041704e-17  9.8011876e-17  
2.6490642e-16  -1.9949320e-16  2.7200479e-16  -3.2612801e-16  4.7062581e-16  1.0000000   7.0876329e-16  -4.7891243e-18  3.6582651e-16  2.3136874e-16  
-8.8688585e-18  2.9143354e-16  6.5225603e-16  -3.7764915e-16  -1.5183913e-16  7.0873618e-16  1.0000000   -2.2993218e-16  1.8735014e-16  -2.5353635e-17  
-9.5348136e-17  7.2606351e-16  1.2050907e-16  -2.3353715e-16  2.5151382e-16  -4.7891243e-18  -2.2993218e-16  1.0000000   2.9276762e-16  7.4533817e-17  
1.4634883e-16  5.5511151e-16  -4.8327892e-17  -4.9960036e-16  5.2041704e-17  3.6583277e-16  1.8735014e-16  2.9278955e-16  1.0000000   1.6297592e-16  
-6.2216264e-17  4.5276283e-16  -3.2265857e-16  5.9224964e-17  9.8011876e-17  2.3136874e-16  -2.5347374e-17  7.4527041e-17  1.6294881e-16  1.0000000   
