1.0000220   -2.2620710e-05  1.2588387e-05  -3.4933995e-05  1.1392617e-05  3.7290532e-05  9.9690270e-05  4.9373526e-05  3.6323528e-05  -8.7467307e-06  
-2.2620710e-05  1.0000120   -2.5632269e-05  -6.9340842e-05  -3.9749699e-05  1.7532509e-10  5.0124300e-10  -4.3027926e-06  -7.1138676e-10  4.9613455e-10  
1.2588387e-05  -2.5632269e-05  0.99993299  -2.6323452e-05  1.1622564e-09  -3.9745832e-05  2.3012246e-09  7.3177853e-10  -4.3008787e-06  3.1269000e-12  
-3.4933995e-05  -6.9340842e-05  -2.6323452e-05  1.0000820   2.3582772e-09  -2.5636609e-10  -3.9755706e-05  -1.4264949e-09  -1.1556663e-09  -4.3016713e-06  
1.1392617e-05  -3.9749699e-05  1.1622564e-09  2.3582772e-09  1.0000020   -2.5631303e-05  -6.9339803e-05  3.6642235e-05  -5.2537659e-10  -2.6404089e-09  
3.7290532e-05  1.7532509e-10  -3.9745832e-05  -2.5636609e-10  -2.5631303e-05  0.99992299  -2.6319032e-05  9.0193703e-10  3.6640133e-05  -1.2906707e-09  
9.9690270e-05  5.0124300e-10  2.3012246e-09  -3.9755706e-05  -6.9339803e-05  -2.6319032e-05  1.0000720   2.3811889e-09  2.6565150e-09  3.6643366e-05  
4.9373526e-05  -4.3027926e-06  7.3177853e-10  -1.4264949e-09  3.6642235e-05  9.0193703e-10  2.3811889e-09  1.0000710   -2.5631703e-05  -6.9346155e-05  
3.6323528e-05  -7.1138676e-10  -4.3008787e-06  -1.1556663e-09  -5.2537659e-10  3.6640133e-05  2.6565150e-09  -2.5631703e-05  0.99999199  -2.6324883e-05  
-8.7467307e-06  4.9613455e-10  3.1269000e-12  -4.3016713e-06  -2.6404089e-09  -1.2906707e-09  3.6643366e-05  -6.9346155e-05  -2.6324883e-05  1.0001410   
