1.0000000   -1.0315968e-16  4.5393032e-17  7.2399294e-17  -1.3179467e-17  3.9345483e-17  -2.3634125e-17  5.2580165e-17  -9.9256109e-17  -2.2075373e-17  
-1.0316056e-16  1.0000000   -2.5251746e-16  -3.0136416e-16  -3.2121443e-16  2.7755576e-16  2.9143354e-16  7.1137139e-16  9.0205621e-17  -1.0408341e-16  
4.5392636e-17  -2.5251808e-16  1.0000000   -4.6818899e-17  -5.5511151e-17  2.9634712e-16  -2.4980018e-16  -3.4694470e-17  5.5871573e-16  1.3877788e-17  
7.2399294e-17  -3.0136077e-16  -4.6818899e-17  1.0000000   7.2804913e-32  3.1918912e-16  -1.7549766e-16  6.0368377e-16  -3.8163916e-16  6.6279913e-16  
-1.3174507e-17  -3.2121427e-16  -5.5511151e-17  7.0882964e-32  1.0000000   4.1361635e-16  -3.4299752e-16  4.1025643e-17  2.3592239e-16  2.0816682e-17  
3.9329540e-17  2.7755576e-16  2.9634729e-16  3.1918912e-16  4.1361573e-16  1.0000000   -2.2723014e-16  9.3675068e-17  1.8674242e-16  2.5673907e-16  
-2.3634337e-17  2.9143354e-16  -2.4980018e-16  -1.7549749e-16  -3.4299413e-16  -2.2723014e-16  1.0000000   1.0581813e-16  -3.6776138e-16  -9.4282788e-17  
5.2579626e-17  7.1134912e-16  -3.4694470e-17  6.0368377e-16  4.1024837e-17  9.3675068e-17  1.0581813e-16  1.0000000   7.1875828e-17  -3.0656833e-16  
-9.9250134e-17  9.0205621e-17  5.5869346e-16  -3.8163916e-16  2.3592239e-16  1.8674161e-16  -3.6776138e-16  7.1875208e-17  1.0000000   -2.8621074e-16  
-2.2071985e-17  -1.0408341e-16  1.3877788e-17  6.6277687e-16  2.0816682e-17  2.5673907e-16  -9.4283595e-17  -3.0656494e-16  -2.8621074e-16  1.0000000   
