1.0000000   3.1096619e-16  1.6180872e-17  -1.6240706e-16  -5.7964478e-16  -2.5132122e-17  1.8905047e-16  -2.6043972e-17  1.0843009e-16  2.0111273e-16  
3.1096296e-16  1.0000000   3.4042144e-16  -8.9670860e-17  -5.5416211e-16  -2.1665949e-16  2.6512282e-16  3.5791259e-16  -1.6612000e-16  -5.0616115e-18  
1.6177250e-17  3.4042092e-16  1.0000000   1.8897379e-16  -1.3093098e-16  3.5969438e-17  2.7537522e-16  -2.5053776e-16  2.0191107e-16  -3.5620867e-16  
-1.6240170e-16  -8.9671057e-17  1.8897399e-16  1.0000000   -6.1698058e-17  -7.0911998e-17  1.5672153e-16  -3.4848922e-16  3.2578455e-16  -3.8572186e-16  
-5.7966395e-16  -5.5416369e-16  -1.3093098e-16  -6.1698056e-17  1.0000000   1.4988198e-16  2.4090266e-17  1.5385089e-16  2.2770158e-16  5.3331607e-16  
-2.5134886e-17  -2.1665949e-16  3.5975464e-17  -7.0911999e-17  1.4988516e-16  1.0000000   9.5861146e-17  1.8000514e-17  1.6476651e-16  9.7795216e-18  
1.8904879e-16  2.6512282e-16  2.7537522e-16  1.5672220e-16  2.4089833e-17  9.5854193e-17  1.0000000   4.0876659e-16  -5.0207004e-16  -2.4437917e-16  
-2.6046018e-17  3.5791084e-16  -2.5053776e-16  -3.4848922e-16  1.5386278e-16  1.8000514e-17  4.0876659e-16  1.0000000   5.5950132e-17  -1.9073064e-16  
1.0843430e-16  -1.6612000e-16  2.0190333e-16  3.2578455e-16  2.2770158e-16  1.6477457e-16  -5.0207004e-16  5.5952268e-17  1.0000000   4.9894984e-16  
2.0109917e-16  -5.0616116e-18  -3.5620867e-16  -3.8572017e-16  5.3331607e-16  9.7795215e-18  -2.4437917e-16  -1.9073064e-16  4.9895153e-16  1.0000000   
