1.0000000   9.0005910e-17  2.2441638e-16  -1.1402215e-17  -4.3839636e-16  -1.1199353e-16  7.7665261e-17  -1.8435907e-17  -7.1003069e-16  3.1952793e-16  
9.0006290e-17  1.0000000   -2.3627563e-16  3.5861103e-16  7.5616327e-16  4.9032306e-16  9.8322989e-16  -9.7325412e-17  -2.4766033e-16  -2.1004167e-16  
2.2441601e-16  -2.3627828e-16  1.0000000   -7.0605819e-17  4.7867764e-16  5.7061568e-17  -1.5819087e-16  4.4201493e-16  1.0569479e-16  1.3774273e-16  
-1.1404432e-17  3.5861519e-16  -7.0596528e-17  1.0000000   1.3815841e-16  -3.1420338e-16  -4.9673851e-16  2.4543122e-16  -1.9843383e-16  -3.1977188e-17  
-4.3839637e-16  7.5616443e-16  4.7867764e-16  1.3815841e-16  1.0000000   -4.2068915e-16  1.9201651e-16  -2.0520887e-16  -2.1236651e-16  -5.5735556e-18  
-1.1199373e-16  4.9032306e-16  5.7060115e-17  -3.1420338e-16  -4.2069807e-16  1.0000000   -3.1943145e-16  -4.0041053e-16  -4.0369549e-16  -1.8423708e-17  
7.7633424e-17  9.8322989e-16  -1.5819087e-16  -4.9673747e-16  1.9203258e-16  -3.1943919e-16  1.0000000   -3.1954524e-16  1.9837180e-16  6.1250646e-17  
-1.8435410e-17  -9.7312696e-17  4.4201493e-16  2.4543122e-16  -2.0519784e-16  -4.0041053e-16  -3.1954523e-16  1.0000000   -1.0566064e-16  3.8611827e-16  
-7.1003061e-16  -2.4766033e-16  1.0569432e-16  -1.9843383e-16  -2.1236651e-16  -4.0366933e-16  1.9837180e-16  -1.0565534e-16  1.0000000   3.2690051e-16  
3.1952624e-16  -2.1004166e-16  1.3774273e-16  -3.1977188e-17  -5.5735552e-18  -1.8423707e-17  6.1264199e-17  3.8611827e-16  3.2689373e-16  1.0000000   
