1.0000000   5.8099322e-19  -1.5478329e-17  -1.2935040e-17  1.1030170e-17  -4.4291590e-18  -1.2193039e-16  1.5000680e-17  -3.8170610e-17  1.5935061e-16  
5.8062865e-19  1.0000000   -2.5371525e-16  6.2179099e-16  2.5376291e-16  1.6653345e-16  7.0429773e-16  -4.2148531e-16  4.7184479e-16  -5.1694760e-16  
-1.5478652e-17  -2.5371280e-16  1.0000000   6.1135450e-17  -3.3306691e-16  1.7049618e-16  4.5102810e-16  4.1633363e-17  6.4237266e-17  -2.6714742e-16  
-1.2935887e-17  6.2179097e-16  6.1125286e-17  1.0000000   -1.2229801e-16  9.3675068e-17  3.1284620e-17  1.4571677e-16  7.8062556e-17  -3.5133743e-16  
1.1025032e-17  2.5376359e-16  -3.3306691e-16  -1.2229801e-16  1.0000000   5.1596079e-17  1.0137395e-16  -2.5472210e-17  6.9388939e-17  1.9732480e-16  
-4.4300887e-18  1.6653345e-16  1.7049686e-16  9.3675068e-17  5.1598536e-17  1.0000000   -2.9621759e-16  5.5511151e-16  2.3100047e-17  1.9081958e-17  
-1.2192997e-16  7.0429773e-16  4.5102810e-16  3.1285300e-17  1.0137392e-16  -2.9622775e-16  1.0000000   -5.0653925e-16  8.3266727e-17  5.9095559e-17  
1.5001807e-17  -4.2148663e-16  4.1633363e-17  1.4571677e-16  -2.5468430e-17  5.5511151e-16  -5.0653925e-16  1.0000000   4.6792971e-16  -2.7094599e-18  
-3.8172536e-17  4.7184479e-16  6.4235942e-17  7.8062556e-17  6.9388939e-17  2.3103827e-17  8.3266727e-17  4.6793217e-16  1.0000000   1.5611156e-16  
1.5935061e-16  -5.1694760e-16  -2.6714742e-16  -3.5133875e-16  1.9732480e-16  1.9081958e-17  5.9099339e-17  -2.7094863e-18  1.5610140e-16  1.0000000   
