1.0001600   1.9442447e-05  -1.7972894e-05  1.6851755e-05  -1.3250379e-05  -1.1511451e-05  -3.3232278e-05  -4.3377236e-05  2.0493478e-05  3.6208457e-06  
1.9442447e-05  1.0001040   -8.9606078e-06  2.4193345e-05  2.3650292e-05  -4.3566796e-10  -7.3894789e-11  3.5894452e-06  3.6621305e-10  1.5723772e-10  
-1.7972894e-05  -8.9606078e-06  1.0001700   3.1954336e-05  2.6216559e-11  2.3652317e-05  1.3528508e-09  7.4732318e-10  3.5901571e-06  4.9647772e-11  
1.6851755e-05  2.4193345e-05  3.1954336e-05  1.0001050   3.4886225e-10  5.6170906e-10  2.3650013e-05  -6.4401471e-10  4.6001025e-10  3.5903530e-06  
-1.3250379e-05  2.3650292e-05  2.6216559e-11  3.4886225e-10  1.0000340   -8.9594787e-06  2.4191765e-05  -5.1095652e-06  -2.2571948e-10  -1.7158675e-10  
-1.1511451e-05  -4.3566796e-10  2.3652317e-05  5.6170906e-10  -8.9594787e-06  1.0001000   3.1952785e-05  5.4503843e-10  -5.1107131e-06  -2.0495021e-10  
-3.3232278e-05  -7.3894789e-11  1.3528508e-09  2.3650013e-05  2.4191765e-05  3.1952785e-05  1.0000350   1.3176769e-09  -8.4421170e-10  -5.1102653e-06  
-4.3377236e-05  3.5894452e-06  7.4732318e-10  -6.4401471e-10  -5.1095652e-06  5.4503843e-10  1.3176769e-09  1.0001240   -8.9613264e-06  2.4193345e-05  
2.0493478e-05  3.6621305e-10  3.5901571e-06  4.6001025e-10  -2.2571948e-10  -5.1107131e-06  -8.4421170e-10  -8.9613264e-06  1.0001900   3.1955352e-05  
3.6208457e-06  1.5723772e-10  4.9647772e-11  3.5903530e-06  -1.7158675e-10  -2.0495021e-10  -5.1102653e-06  2.4193345e-05  3.1955352e-05  1.0001250   
