1.0000000   2.3103425e-16  -2.9336856e-16  1.1245398e-16  -6.1022738e-18  -3.7585307e-16  2.8975782e-16  -4.0645508e-17  -4.5252638e-16  -1.1446464e-16  
2.3102741e-16  1.0000000   3.2780508e-16  -2.6127038e-16  1.4006925e-16  7.3914870e-16  -6.4306428e-17  -4.4628939e-16  2.2326618e-16  -2.3064245e-16  
-2.9336669e-16  3.2780466e-16  1.0000000   -2.1923149e-17  2.1548039e-16  -9.7837635e-17  -6.5913155e-16  3.2889102e-16  4.4413219e-16  2.6383630e-16  
1.1245686e-16  -2.6125360e-16  -2.1913201e-17  1.0000000   -5.5523611e-16  -2.1724230e-16  4.7805780e-17  -1.1716160e-16  1.1803121e-16  -3.3015989e-16  
-6.0997341e-18  1.4006023e-16  2.1548039e-16  -5.5523611e-16  1.0000000   -1.6312642e-16  1.5801811e-16  -3.1227589e-16  -6.5102537e-16  -5.8615528e-16  
-3.7584861e-16  7.3914870e-16  -9.7831890e-17  -2.1724230e-16  -1.6312645e-16  1.0000000   1.2794151e-16  -1.1763689e-17  -4.6246162e-16  -2.6194760e-16  
2.8976275e-16  -6.4306428e-17  -6.5913155e-16  4.7802359e-17  1.5801838e-16  1.2793994e-16  1.0000000   4.1248198e-16  -2.8111983e-16  -5.0382875e-16  
-4.0652689e-17  -4.4629421e-16  3.2889102e-16  -1.1716160e-16  -3.1228826e-16  -1.1763689e-17  4.1248198e-16  1.0000000   -4.2048020e-16  -5.7366831e-16  
-4.5253305e-16  2.2326618e-16  4.4412903e-16  1.1803121e-16  -6.5102537e-16  -4.6247253e-16  -2.8111983e-16  -4.2048069e-16  1.0000000   5.9987043e-16  
-1.1444770e-16  -2.3064245e-16  2.6383630e-16  -3.3016497e-16  -5.8615528e-16  -2.6194760e-16  -5.0381520e-16  -5.7367509e-16  5.9987382e-16  1.0000000   
