1.0000000   2.6358037e-16  -1.8821732e-17  2.6357971e-17  2.6505875e-16  -8.3290905e-17  5.4383581e-16  -1.5373038e-16  -1.4298685e-16  -2.6900072e-16  
2.6358047e-16  1.0000000   2.4131658e-16  3.8268102e-16  -8.4160285e-17  -7.8062556e-17  9.0205621e-17  -5.2690707e-16  -1.1823225e-16  3.1918912e-16  
-1.8823234e-17  2.4131639e-16  1.0000000   1.3520679e-16  -3.0531133e-16  -5.2478005e-16  -1.9428903e-16  1.7780916e-16  -3.5950626e-16  1.1102230e-16  
2.6356277e-17  3.8268271e-16  1.3520001e-16  1.0000000   2.7061686e-16  3.1225023e-16  -2.4722429e-16  -3.5041414e-16  1.6263033e-17  1.7652330e-16  
2.6505962e-16  -8.4160215e-17  -3.0531133e-16  2.7061686e-16  1.0000000   -6.6073962e-16  8.7778024e-17  3.2698786e-16  -1.6566609e-16  1.6653345e-16  
-8.3295732e-17  -7.8062556e-17  -5.2477998e-16  3.1225023e-16  -6.6073982e-16  1.0000000   4.2664033e-16  -1.3053794e-16  -3.6104684e-16  4.7184479e-16  
5.4381548e-16  9.0205621e-17  -1.9428903e-16  -2.4722422e-16  8.7779718e-17  4.2663355e-16  1.0000000   4.1633363e-17  1.3444107e-16  2.7321143e-16  
-1.5373049e-16  -5.2690624e-16  1.7780916e-16  -3.5041414e-16  3.2698768e-16  -1.3053794e-16  4.1633363e-17  1.0000000   1.9193117e-16  -2.6713725e-17  
-1.4297942e-16  -1.1823225e-16  -3.5950543e-16  1.6263033e-17  -1.6566609e-16  -3.6104702e-16  1.3444107e-16  1.9193098e-16  1.0000000   -2.2700483e-18  
-2.6899734e-16  3.1918912e-16  1.1102230e-16  1.7652413e-16  1.6653345e-16  4.7184479e-16  2.7321125e-16  -2.6712031e-17  -2.2768246e-18  1.0000000   
