0.99971602  0.00012660211  -2.5991988e-05  9.6964855e-06  -2.1156006e-05  -5.7235076e-05  6.8360430e-05  -9.9432346e-06  -4.3553818e-05  1.2790791e-05  
0.00012660211  0.99977401  6.0884654e-05  1.0429227e-05  -1.3521140e-05  -8.0714372e-09  8.5160308e-09  -3.1877719e-05  -7.4569026e-09  1.2873184e-09  
-2.5991988e-05  6.0884654e-05  0.99973601  8.6825182e-06  -2.7325455e-10  -1.3516460e-05  -1.8947324e-09  -1.6828131e-09  -3.1874117e-05  -6.0939108e-10  
9.6964855e-06  1.0429227e-05  8.6825182e-06  0.99976900  -3.4619955e-10  -6.7254096e-10  -1.3517731e-05  -4.2892466e-10  -6.9927748e-10  -3.1876177e-05  
-2.1156006e-05  -1.3521140e-05  -2.7325455e-10  -3.4619955e-10  0.99970501  6.0884956e-05  1.0425833e-05  5.1820171e-05  4.0776108e-09  2.6982173e-10  
-5.7235076e-05  -8.0714372e-09  -1.3516460e-05  -6.7254096e-10  6.0884956e-05  0.99966704  8.6782574e-06  3.7251877e-09  5.1820486e-05  -2.8224734e-10  
6.8360430e-05  8.5160308e-09  -1.8947324e-09  -1.3517731e-05  1.0425833e-05  8.6782574e-06  0.99970003  -1.3941620e-10  -2.5281610e-09  5.1820577e-05  
-9.9432346e-06  -3.1877719e-05  -1.6828131e-09  -4.2892466e-10  5.1820171e-05  3.7251877e-09  -1.3941620e-10  0.99980799  6.0890449e-05  1.0428227e-05  
-4.3553818e-05  -7.4569026e-09  -3.1874117e-05  -6.9927748e-10  4.0776108e-09  5.1820486e-05  -2.5281610e-09  6.0890449e-05  0.99977001  8.6825083e-06  
1.2790791e-05  1.2873184e-09  -6.0939108e-10  -3.1876177e-05  2.6982173e-10  -2.8224734e-10  5.1820577e-05  1.0428227e-05  8.6825083e-06  0.99980300  
