1.0000000   -4.3727768e-17  3.6023582e-17  2.2310848e-17  7.0514408e-17  -1.2497647e-16  1.6536116e-16  2.0805160e-17  4.0532105e-17  -7.0451118e-17  
-4.3727553e-17  1.0000000   2.4998080e-16  1.5182049e-16  -2.1237219e-16  2.4980018e-16  -1.5959456e-16  3.0128063e-16  5.5511151e-17  -7.6327833e-17  
3.6024013e-17  2.4998670e-16  1.0000000   -2.1209705e-18  1.9428903e-16  4.4335329e-16  -9.7144515e-17  1.0061396e-16  -9.7705771e-17  -4.0939474e-16  
2.2307460e-17  1.5182091e-16  -2.1277468e-18  1.0000000   8.3266727e-17  -3.1225023e-17  -1.9849440e-16  -1.7780916e-17  1.1709383e-16  3.1862786e-16  
7.0514762e-17  -2.1236383e-16  1.9428903e-16  8.3266727e-17  1.0000000   -3.9186688e-16  -3.2060197e-17  5.9264231e-17  1.9949320e-16  -8.3266727e-17  
-1.2499538e-16  2.4980018e-16  4.4336165e-16  -3.1225023e-17  -3.9186099e-16  1.0000000   -6.0927419e-16  4.5102810e-17  -3.7094719e-16  1.2490009e-16  
1.6535438e-16  -1.5959456e-16  -9.7144515e-17  -1.9848604e-16  -3.2059774e-17  -6.0928096e-16  1.0000000   6.9388939e-18  -3.1225023e-17  -1.4022897e-16  
2.0809663e-17  3.0127842e-16  1.0061396e-16  -1.7780916e-17  5.9271487e-17  4.5102810e-17  6.9388939e-18  1.0000000   -1.9671049e-16  -9.1040795e-17  
4.0531954e-17  5.5511151e-17  -9.7707982e-17  1.1709383e-16  1.9949320e-16  -3.7093993e-16  -3.1225023e-17  -1.9670460e-16  1.0000000   -5.0519078e-16  
-7.0451118e-17  -7.6327833e-17  -4.0939474e-16  3.1862565e-16  -8.3266727e-17  1.2490009e-16  -1.4022171e-16  -9.1040372e-17  -5.0519755e-16  1.0000000   
