1.0000000   2.0263730e-18  1.6048230e-17  -4.3057649e-17  6.9343269e-19  -6.1516091e-18  -3.5609265e-17  -1.2361430e-18  -2.3113249e-17  8.0462413e-17  
2.0263195e-18  1.0000000   4.2710267e-16  2.0762472e-17  -1.4235925e-16  -2.9143354e-16  -8.3266727e-17  2.9633209e-16  4.9960036e-16  -3.8857806e-16  
1.6059921e-17  4.2710015e-16  1.0000000   -5.0832819e-16  -1.9971004e-16  -3.5226079e-16  2.8010363e-16  4.5102810e-16  2.5122928e-16  5.6725458e-16  
-4.3057649e-17  2.0755695e-17  -5.0832141e-16  1.0000000   1.7000290e-16  -6.9388939e-17  1.4040067e-16  3.3306691e-16  -3.3306691e-16  7.4287481e-17  
6.9992172e-19  -1.4236825e-16  -1.9971004e-16  1.7000290e-16  1.0000000   -5.5301610e-16  -5.5793044e-16  1.2215079e-16  -3.1225023e-17  1.1622647e-16  
-6.1466129e-18  -2.9143354e-16  -3.5226979e-16  -6.9388939e-17  -5.5301862e-16  1.0000000   -1.9304220e-16  1.1796120e-16  3.2511343e-16  -2.2898350e-16  
-3.5609265e-17  -8.3266727e-17  2.8010363e-16  1.4039167e-16  -5.5793721e-16  -1.9303542e-16  1.0000000   7.8929918e-17  1.9081958e-17  -2.2698625e-17  
-1.2367942e-18  2.9633163e-16  4.5102810e-16  3.3306691e-16  1.2215899e-16  1.1796120e-16  7.8929918e-17  1.0000000   3.2128453e-16  -4.2332674e-16  
-2.3128911e-17  4.9960036e-16  2.5122882e-16  -3.3306691e-16  -3.1225023e-17  3.2512164e-16  1.9081958e-17  3.2128202e-16  1.0000000   5.7191665e-17  
8.0462201e-17  -3.8857806e-16  5.6725458e-16  7.4287025e-17  1.1622647e-16  -2.2898350e-16  -2.2690421e-17  -4.2333351e-16  5.7198441e-17  1.0000000   
