0.99992999  -5.8673370e-05  -4.6108301e-05  -4.7958196e-05  -4.7940160e-05  -1.2287342e-06  5.0909308e-05  -5.9953632e-05  1.9200381e-05  6.5735297e-06  
-5.8673370e-05  0.99995399  1.8509886e-06  -5.2094247e-05  -1.1298856e-05  5.1209378e-11  -2.3984189e-09  -4.6723815e-05  -1.2129993e-09  2.0487506e-09  
-4.6108301e-05  1.8509886e-06  0.99996399  5.6596195e-06  2.1897045e-09  -1.1301725e-05  -2.4114471e-09  2.6781843e-09  -4.6728685e-05  -5.6748326e-10  
-4.7958196e-05  -5.2094247e-05  5.6596195e-06  0.99998399  2.8880954e-09  -5.0090949e-12  -1.1304450e-05  5.3099381e-09  -1.1852479e-09  -4.6729050e-05  
-4.7940160e-05  -1.1298856e-05  2.1897045e-09  2.8880954e-09  0.99998099  1.8483919e-06  -5.2100909e-05  3.6931962e-05  -8.5227525e-10  -2.2391436e-09  
-1.2287342e-06  5.1209378e-11  -1.1301725e-05  -5.0090949e-12  1.8483919e-06  0.99999099  5.6574982e-06  1.4193078e-10  3.6929433e-05  2.0085484e-10  
5.0909308e-05  -2.3984189e-09  -2.4114471e-09  -1.1304450e-05  -5.2100909e-05  5.6574982e-06  1.0000110   -4.9763971e-09  1.1864791e-09  3.6930530e-05  
-5.9953632e-05  -4.6723815e-05  2.6781843e-09  5.3099381e-09  3.6931962e-05  1.4193078e-10  -4.9763971e-09  0.99991999  1.8470690e-06  -5.2095684e-05  
1.9200381e-05  -1.2129993e-09  -4.6728685e-05  -1.1852479e-09  -8.5227525e-10  3.6929433e-05  1.1864791e-09  1.8470690e-06  0.99992999  5.6573419e-06  
6.5735297e-06  2.0487506e-09  -5.6748326e-10  -4.6729050e-05  -2.2391436e-09  2.0085484e-10  3.6930530e-05  -5.2095684e-05  5.6573419e-06  0.99994999  
