1.0000000   -2.4812756e-16  -1.3035817e-15  1.6910614e-16  1.0498527e-16  -2.7041096e-16  -4.4507225e-16  2.7194123e-16  -3.4930365e-16  -5.6435434e-16  
-2.4812281e-16  1.0000000   -1.0628772e-16  1.6571929e-16  -2.3950181e-16  -3.4569779e-17  5.4140878e-17  1.7808120e-16  -1.9700926e-17  -3.3163378e-17  
-1.3035820e-15  -1.0629190e-16  1.0000000   -2.6648280e-16  -7.9302979e-16  -4.0574541e-16  -4.0899995e-16  1.3605807e-16  3.6342425e-16  -3.0719640e-17  
1.6910616e-16  1.6572172e-16  -2.6648096e-16  1.0000000   -1.0720677e-16  -3.4741329e-16  1.8497584e-16  -3.4662366e-16  1.7184495e-18  -3.3287548e-16  
1.0498661e-16  -2.3950470e-16  -7.9302979e-16  -1.0720677e-16  1.0000000   2.1850386e-16  2.3193572e-16  6.6227978e-16  3.9394879e-16  3.1431616e-16  
-2.7040072e-16  -3.4569779e-17  -4.0575341e-16  -3.4741329e-16  2.1849406e-16  1.0000000   -3.4570925e-16  -1.3521392e-16  -8.1713854e-16  5.7163391e-16  
-4.4506640e-16  5.4140878e-17  -4.0899995e-16  1.8497332e-16  2.3193918e-16  -3.4571287e-16  1.0000000   -1.8895127e-16  -2.6288275e-16  1.8762119e-16  
2.7194140e-16  1.7807492e-16  1.3605807e-16  -3.4662366e-16  6.6228346e-16  -1.3521392e-16  -1.8895127e-16  1.0000000   -1.2262181e-16  2.0235617e-17  
-3.4929698e-16  -1.9700927e-17  3.6342750e-16  1.7184497e-18  3.9394879e-16  -8.1713008e-16  -2.6288275e-16  -1.2263438e-16  1.0000000   6.1827476e-16  
-5.6435264e-16  -3.3163378e-17  -3.0719639e-17  -3.3287209e-16  3.1431616e-16  5.7163391e-16  1.8761780e-16  2.0233923e-17  6.1827137e-16  1.0000000   
