1.0000000   3.4827601e-16  5.8906899e-16  2.2712896e-17  2.6790666e-16  6.9827396e-17  1.1045777e-15  9.1756771e-17  5.5341558e-16  -4.3966600e-16  
3.4827678e-16  1.0000000   4.4319184e-16  -4.8504894e-16  3.6771979e-16  1.4003796e-17  -3.3592029e-16  2.7516626e-16  -1.2249704e-16  -2.6402706e-16  
5.8907612e-16  4.4319212e-16  1.0000000   -7.3054905e-16  3.0529983e-16  -4.8646714e-17  -7.2273476e-17  5.6536153e-16  9.5014911e-16  -2.3452611e-16  
2.2712993e-17  -4.8504466e-16  -7.3055070e-16  1.0000000   -2.8985930e-16  2.3442515e-16  -8.5896547e-17  -1.8478931e-16  -1.4825111e-16  3.6262497e-16  
2.6790561e-16  3.6772405e-16  3.0529983e-16  -2.8985930e-16  1.0000000   -2.1199255e-16  -1.0407588e-15  -5.7894830e-16  -3.5098439e-16  2.1404505e-16  
6.9827190e-17  1.4003795e-17  -4.8664287e-17  2.3442515e-16  -2.1199087e-16  1.0000000   -3.8090749e-16  1.8098874e-16  -4.2760467e-16  3.5250128e-16  
1.1046038e-15  -3.3592029e-16  -7.2273476e-17  -8.5914674e-17  -1.0407576e-15  -3.8090882e-16  1.0000000   -2.8072614e-16  4.4355673e-16  -1.7376373e-16  
9.1757358e-17  2.7515910e-16  5.6536153e-16  -1.8478931e-16  -5.7894976e-16  1.8098874e-16  -2.8072614e-16  1.0000000   -7.4628771e-16  -1.8143276e-16  
5.5341908e-16  -1.2249704e-16  9.5015461e-16  -1.4825111e-16  -3.5098439e-16  -4.2759394e-16  4.4355673e-16  -7.4628684e-16  1.0000000   -9.4941382e-17  
-4.3966982e-16  -2.6402706e-16  -2.3452611e-16  3.6261480e-16  2.1404505e-16  3.5250128e-16  -1.7376373e-16  -1.8142938e-16  -9.4946464e-17  1.0000000   
