1.0000000   -1.7977386e-16  4.1107475e-18  3.8511261e-16  -2.3248483e-16  -3.5958882e-16  -2.7071330e-17  9.8052733e-16  -1.3292288e-16  -3.0697152e-16  
-1.7977808e-16  1.0000000   -4.6619586e-16  1.3311789e-16  -4.6505515e-16  -2.3620498e-16  4.1666273e-17  5.0367873e-16  5.3649308e-16  7.6537303e-16  
4.1126106e-18  -4.6620308e-16  1.0000000   -7.7721719e-17  -3.5265065e-17  -5.1571333e-16  3.5126384e-16  -2.7873917e-16  8.1191668e-17  3.1100233e-16  
3.8511824e-16  1.3311227e-16  -7.7720600e-17  1.0000000   1.0941709e-16  -1.2891699e-16  2.6812682e-16  7.2568533e-16  -2.4179586e-16  -5.0268610e-16  
-2.3247914e-16  -4.6505586e-16  -3.5265065e-17  1.0941709e-16  1.0000000   -4.1427391e-16  5.9649798e-17  -3.8423135e-17  -1.3177785e-16  -1.8532747e-17  
-3.5958831e-16  -2.3620498e-16  -5.1571217e-16  -1.2891699e-16  -4.1429076e-16  1.0000000   4.8409537e-18  -5.6951018e-17  3.6680381e-16  -2.1459335e-16  
-2.7071917e-17  4.1666273e-17  3.5126384e-16  2.6812555e-16  5.9669218e-17  4.8429084e-18  1.0000000   2.6096085e-16  -1.1767134e-16  -1.5728438e-16  
9.8052647e-16  5.0367639e-16  -2.7873917e-16  7.2568533e-16  -3.8422381e-17  -5.6951018e-17  2.6096085e-16  1.0000000   -4.6425266e-16  -3.5954177e-16  
-1.3292945e-16  5.3649307e-16  8.1188388e-17  -2.4179586e-16  -1.3177785e-16  3.6680435e-16  -1.1767134e-16  -4.6425214e-16  1.0000000   -2.1894955e-16  
-3.0698168e-16  7.6537303e-16  3.1100233e-16  -5.0268695e-16  -1.8532747e-17  -2.1459335e-16  -1.5728385e-16  -3.5954855e-16  -2.1894785e-16  1.0000000   
