1.0000460   7.6847797e-05  -8.1508520e-06  1.7669554e-05  -8.5430644e-06  -2.6905333e-06  8.6437612e-05  -3.9219360e-05  -3.0551722e-05  5.1754368e-05  
7.6847797e-05  0.99994399  2.6258411e-05  2.0892475e-05  -2.2419688e-05  -7.9548722e-10  6.1738497e-09  3.3594743e-05  -1.4654304e-09  4.6789603e-09  
-8.1508520e-06  2.6258411e-05  0.99996599  0.00013101998  -5.1910512e-10  -2.2419503e-05  -3.6420166e-09  1.2019507e-09  3.3598745e-05  3.9804059e-09  
1.7669554e-05  2.0892475e-05  0.00013101998  1.0001060   -6.1933005e-10  -2.9850472e-09  -2.2421137e-05  8.9772886e-12  3.8624183e-09  3.3604114e-05  
-8.5430644e-06  -2.2419688e-05  -5.1910512e-10  -6.1933005e-10  1.0000410   2.6261608e-05  2.0892406e-05  1.6130243e-05  6.8457291e-10  -1.0512989e-10  
-2.6905333e-06  -7.9548722e-10  -2.2419503e-05  -2.9850472e-09  2.6261608e-05  1.0000630   0.00013103260  5.2909572e-10  1.6130345e-05  1.9742204e-09  
8.6437612e-05  6.1738497e-09  -3.6420166e-09  -2.2421137e-05  2.0892406e-05  0.00013103260  1.0002030   -3.0528812e-09  -5.2723559e-10  1.6136994e-05  
-3.9219360e-05  3.3594743e-05  1.2019507e-09  8.9772886e-12  1.6130243e-05  5.2909572e-10  -3.0528812e-09  1.0000040   2.6261811e-05  2.0890341e-05  
-3.0551722e-05  -1.4654304e-09  3.3598745e-05  3.8624183e-09  6.8457291e-10  1.6130345e-05  -5.2723559e-10  2.6261811e-05  1.0000260   0.00013102640  
5.1754368e-05  4.6789603e-09  3.9804059e-09  3.3604114e-05  -1.0512989e-10  1.9742204e-09  1.6136994e-05  2.0890341e-05  0.00013102640  1.0001660   
