1.0000000   -2.4691620e-16  -3.1358113e-16  1.4429204e-16  -2.7426335e-16  -2.7366585e-16  -1.3455769e-16  2.4151245e-17  3.8794168e-16  6.6000807e-18  
-2.4693293e-16  1.0000000   1.3800305e-15  -4.3640944e-16  2.9936219e-16  4.1409551e-16  4.7348349e-16  -3.6402769e-18  3.0167709e-16  4.6429916e-17  
-3.1357810e-16  1.3800065e-15  1.0000000   -3.4744768e-16  -7.0961477e-16  -4.5939375e-16  1.9180450e-16  -2.9877983e-17  1.1946681e-18  1.5855816e-16  
1.4429265e-16  -4.3641388e-16  -3.4744914e-16  1.0000000   1.6536195e-16  -2.7396983e-16  7.6332725e-16  5.7020081e-17  1.4861033e-16  -2.1335405e-16  
-2.7426415e-16  2.9936258e-16  -7.0961477e-16  1.6536195e-16  1.0000000   2.3607537e-16  -2.9397596e-16  -1.1857521e-16  -1.0103625e-16  -8.4259719e-16  
-2.7366428e-16  4.1409551e-16  -4.5939370e-16  -2.7396983e-16  2.3608026e-16  1.0000000   -7.8087916e-16  -3.6352891e-16  -5.5510858e-16  -3.9476823e-17  
-1.3455973e-16  4.7348349e-16  1.9180450e-16  7.6332566e-16  -2.9398218e-16  -7.8087298e-16  1.0000000   -5.2055412e-17  -1.7660861e-16  3.5195066e-16  
2.4160712e-17  -3.6416167e-18  -2.9877983e-17  5.7020081e-17  -1.1856233e-16  -3.6352891e-16  -5.2055412e-17  1.0000000   3.8603016e-16  -1.9608813e-16  
3.8793014e-16  3.0167709e-16  1.1953266e-18  1.4861033e-16  -1.0103625e-16  -5.5510955e-16  -1.7660861e-16  3.8601035e-16  1.0000000   3.6684319e-16  
6.6068570e-18  4.6429916e-17  1.5855816e-16  -2.1335616e-16  -8.4259719e-16  -3.9476822e-17  3.5195066e-16  -1.9608474e-16  3.6684150e-16  1.0000000   
