1.0000000   -3.4533463e-16  2.7679919e-16  2.7976740e-16  1.7354157e-17  -6.8602224e-17  -3.5353723e-17  -2.1308466e-16  5.4157258e-17  -2.1194797e-16  
-3.4533095e-16  1.0000000   8.2989462e-17  4.2407996e-17  4.6184473e-16  -2.8021462e-16  7.2775985e-18  -8.5634880e-16  1.0668614e-17  -8.0117797e-17  
2.7679153e-16  8.2991420e-17  1.0000000   1.8355045e-16  1.5799297e-16  -4.2038319e-16  1.7634107e-16  -5.1382542e-16  -8.7471510e-16  -1.9814496e-16  
2.7974748e-16  4.2402700e-17  1.8355106e-16  1.0000000   1.8434634e-16  -1.4177488e-16  -1.8924312e-17  2.6728991e-16  4.1068719e-16  1.6109211e-16  
1.7355119e-17  4.6184018e-16  1.5799297e-16  1.8434634e-16  1.0000000   7.2491021e-16  -1.4483453e-16  1.7505482e-16  -7.2392437e-16  -4.1903546e-17  
-6.8602153e-17  -2.8021462e-16  -4.2039015e-16  -1.4177488e-16  7.2490258e-16  1.0000000   4.1673060e-16  -4.2234283e-16  1.7827936e-16  1.1501794e-16  
-3.5346891e-17  7.2775979e-18  1.7634107e-16  -1.8931620e-17  -1.4483374e-16  4.1672917e-16  1.0000000   -3.5287112e-16  -2.0614692e-16  1.0660926e-16  
-2.1307033e-16  -8.5634722e-16  -5.1382542e-16  2.6728991e-16  1.7505345e-16  -4.2234283e-16  -3.5287112e-16  1.0000000   -2.0310570e-16  -1.7828688e-16  
5.4183650e-17  1.0668613e-17  -8.7471382e-16  4.1068719e-16  -7.2392437e-16  1.7827598e-16  -2.0614692e-16  -2.0308870e-16  1.0000000   -1.3267119e-16  
-2.1194797e-16  -8.0117797e-17  -1.9814496e-16  1.6109550e-16  -4.1903546e-17  1.1501794e-16  1.0660884e-16  -1.7828688e-16  -1.3267077e-16  1.0000000   
