1.0000000   -5.9975275e-16  -1.5109533e-16  -8.5193790e-16  5.1915613e-17  -4.1303401e-16  5.8172654e-16  -7.7752300e-16  6.9217458e-16  -4.9272245e-16  
-5.9975366e-16  1.0000000   6.3333796e-16  -3.3233646e-16  -5.8103000e-16  9.0890173e-16  -3.1643262e-16  9.4728445e-16  -1.3243514e-16  3.7946980e-16  
-1.5109635e-16  6.3334187e-16  1.0000000   -1.2672181e-18  2.8300138e-16  -5.3825209e-16  -2.5371217e-16  5.7570001e-17  -7.7204605e-18  1.7328026e-17  
-8.5194875e-16  -3.3233752e-16  -1.2667838e-18  1.0000000   -3.4044784e-16  -4.3534840e-16  9.8682917e-16  -2.9589730e-17  6.8895568e-16  -1.5663333e-16  
5.1910776e-17  -5.8103350e-16  2.8300138e-16  -3.4044784e-16  1.0000000   3.2670582e-17  -5.5893178e-16  1.6036392e-17  -2.9439916e-17  -2.8864767e-16  
-4.1303421e-16  9.0890173e-16  -5.3824354e-16  -4.3534840e-16  3.2675584e-17  1.0000000   -2.6192326e-16  7.5886413e-16  -2.0492014e-16  1.1479071e-16  
5.8173006e-16  -3.1643262e-16  -2.5371217e-16  9.8683682e-16  -5.5892950e-16  -2.6193025e-16  1.0000000   -3.1823557e-16  -5.3573408e-16  -3.2704620e-16  
-7.7752787e-16  9.4728341e-16  5.7570001e-17  -2.9589729e-17  1.6044456e-17  7.5886413e-16  -3.1823557e-16  1.0000000   5.2932358e-16  -4.3704825e-16  
6.9217520e-16  -1.3243514e-16  -7.7211882e-18  6.8895568e-16  -2.9439916e-17  -2.0491158e-16  -5.3573408e-16  5.2932406e-16  1.0000000   2.6189920e-16  
-4.9271229e-16  3.7946980e-16  1.7328026e-17  -1.5663418e-16  -2.8864767e-16  1.1479071e-16  -3.2703942e-16  -4.3704740e-16  2.6190089e-16  1.0000000   
