1.0000000   3.6252378e-17  -3.6190017e-16  1.5457674e-16  2.7647886e-16  -4.4971721e-17  7.7346390e-17  -7.1478567e-18  7.4203419e-18  -8.6054312e-17  
3.6241087e-17  1.0000000   -2.6472450e-17  2.0604246e-16  3.9275465e-18  -5.5511151e-17  1.2490009e-16  1.2166648e-16  -4.7184479e-16  2.5673907e-16  
-3.6190534e-16  -2.6470959e-17  1.0000000   -3.1490483e-16  -3.1745440e-16  5.1567097e-16  -1.3877788e-17  2.3592239e-16  1.0778869e-16  -1.5265567e-16  
1.5457843e-16  2.0604585e-16  -3.1490313e-16  1.0000000   4.1112946e-16  -4.9092674e-16  6.9261277e-16  -6.9388939e-17  9.7144515e-17  -2.3221711e-16  
2.7648016e-16  3.9263453e-18  -3.1745440e-16  4.1112946e-16  1.0000000   -2.3702451e-16  1.2884726e-16  2.3392984e-16  -5.3776428e-17  -3.4000580e-16  
-4.4971534e-17  -5.5511151e-17  5.1566977e-16  -4.9092674e-16  -2.3702302e-16  1.0000000   -3.5219630e-18  3.4694470e-17  -2.3964967e-16  -8.3700408e-17  
7.7346390e-17  1.2490009e-16  -1.3877788e-17  6.9261157e-16  1.2885065e-16  -3.5202689e-18  1.0000000   -2.4980018e-16  1.1796120e-16  1.1423392e-16  
-7.1529886e-18  1.2166619e-16  2.3592239e-16  -6.9388939e-17  2.3393061e-16  3.4694470e-17  -2.4980018e-16  1.0000000   -3.3872268e-16  -1.8600505e-16  
7.4328823e-18  -4.7184479e-16  1.0778840e-16  9.7144515e-17  -5.3776428e-17  -2.3964890e-16  1.1796120e-16  -3.3872119e-16  1.0000000   2.6102337e-16  
-8.6051771e-17  2.5673907e-16  -1.5265567e-16  -2.3221740e-16  -3.4000580e-16  -8.3700408e-17  1.1423469e-16  -1.8600166e-16  2.6102506e-16  1.0000000   
