1.0000000   -2.1938577e-16  -2.4582556e-17  -4.6677020e-16  -7.4496598e-17  8.1254149e-17  -4.1662898e-16  -2.6555325e-16  3.2645997e-16  1.1529812e-16  
-2.1938224e-16  1.0000000   1.3954069e-16  5.6242308e-16  -1.6679274e-16  8.7052530e-17  -2.9427810e-17  1.4702024e-16  8.4869472e-16  1.3492498e-16  
-2.4566779e-17  1.3953853e-16  1.0000000   1.3290549e-16  6.6576762e-16  2.5033411e-16  1.6545820e-16  3.9052640e-21  2.9991291e-16  -9.0369777e-16  
-4.6677086e-16  5.6242449e-16  1.3289821e-16  1.0000000   -4.4423520e-16  -1.2590425e-16  -1.5283865e-16  2.1825951e-16  9.0534315e-17  3.2349628e-16  
-7.4496811e-17  -1.6679985e-16  6.6576762e-16  -4.4423520e-16  1.0000000   1.4018439e-16  -2.0011495e-16  -7.3592923e-16  1.1364898e-16  -1.0701302e-16  
8.1276718e-17  8.7052531e-17  2.5033297e-16  -1.2590425e-16  1.4019278e-16  1.0000000   -4.5020234e-16  -1.2958655e-16  1.5755730e-16  4.0060163e-16  
-4.1662583e-16  -2.9427810e-17  1.6545820e-16  -1.5285293e-16  -2.0011582e-16  -4.5021707e-16  1.0000000   -1.9039639e-16  2.0290993e-16  -5.0519586e-17  
-2.6554426e-16  1.4702083e-16  3.9052261e-21  2.1825951e-16  -7.3592689e-16  -1.2958655e-16  -1.9039639e-16  1.0000000   1.4803560e-16  -1.2441898e-16  
3.2642273e-16  8.4869472e-16  2.9990991e-16  9.0534315e-17  1.1364898e-16  1.5755474e-16  2.0290993e-16  1.4804111e-16  1.0000000   -1.7506816e-16  
1.1528457e-16  1.3492498e-16  -9.0369777e-16  3.2349713e-16  -1.0701302e-16  4.0060163e-16  -5.0524668e-17  -1.2442236e-16  -1.7505122e-16  1.0000000   
