0.99970802  2.6306032e-05  -3.7098269e-06  3.0584069e-05  -1.7853248e-05  1.3784444e-05  1.9270519e-05  -3.9389252e-05  2.4773137e-05  3.9739271e-05  
2.6306032e-05  0.99987699  4.7603989e-06  7.4106282e-06  -3.9834956e-05  1.7306467e-10  2.1187611e-10  3.2509700e-06  6.6735633e-10  1.0697876e-09  
-3.7098269e-06  4.7603989e-06  0.99975301  -1.1699227e-05  -1.2340346e-10  -3.9829598e-05  3.9457433e-10  1.6165305e-10  3.2515113e-06  -1.8551914e-10  
3.0584069e-05  7.4106282e-06  -1.1699227e-05  0.99990698  -8.4138727e-10  8.8779302e-10  -3.9835092e-05  -1.1809357e-09  7.1983436e-10  3.2533198e-06  
-1.7853248e-05  -3.9834956e-05  -1.2340346e-10  -8.4138727e-10  0.99973801  4.7595887e-06  7.4084494e-06  -5.6557263e-05  -7.1168726e-10  -1.1288184e-09  
1.3784444e-05  1.7306467e-10  -3.9829598e-05  8.8779302e-10  4.7595887e-06  0.99961405  -1.1697221e-05  -8.1239465e-10  -5.6550613e-05  1.2097032e-09  
1.9270519e-05  2.1187611e-10  3.9457433e-10  -3.9835092e-05  7.4084494e-06  -1.1697221e-05  0.99976800  -1.1784091e-09  1.1392901e-09  -5.6558897e-05  
-3.9389252e-05  3.2509700e-06  1.6165305e-10  -1.1809357e-09  -5.6557263e-05  -8.1239465e-10  -1.1784091e-09  0.99980499  4.7591777e-06  7.4077241e-06  
2.4773137e-05  6.6735633e-10  3.2515113e-06  7.1983436e-10  -7.1168726e-10  -5.6550613e-05  1.1392901e-09  4.7591777e-06  0.99968103  -1.1697286e-05  
3.9739271e-05  1.0697876e-09  -1.8551914e-10  3.2533198e-06  -1.1288184e-09  1.2097032e-09  -5.6558897e-05  7.4077241e-06  -1.1697286e-05  0.99983499  
