1.0000500   4.5398768e-06  2.5391300e-05  3.4921478e-05  1.8169162e-05  -2.4917957e-05  -4.5158329e-05  2.2020179e-05  -4.0341476e-05  -4.2870509e-05  
4.5398768e-06  0.99994399  7.5315669e-06  -2.9939133e-05  7.6006668e-06  -5.5872161e-11  -4.3257186e-10  -1.8049649e-05  -3.1908460e-10  3.4580988e-10  
2.5391300e-05  7.5315669e-06  1.0001000   -3.6463948e-05  5.1856222e-10  7.6011374e-06  -1.4237409e-09  4.2314461e-10  -1.8053589e-05  -4.3026557e-10  
3.4921478e-05  -2.9939133e-05  -3.6463948e-05  0.99994698  4.0689340e-10  -1.1472980e-09  7.5990302e-06  1.3093657e-09  -7.5049555e-10  -1.8051300e-05  
1.8169162e-05  7.6006668e-06  5.1856222e-10  4.0689340e-10  0.99994399  7.5309989e-06  -2.9940113e-05  -6.4377097e-05  -1.2178173e-09  1.1486424e-09  
-2.4917957e-05  -5.5872161e-11  7.6011374e-06  -1.1472980e-09  7.5309989e-06  1.0001000   -3.6463710e-05  -1.0335536e-09  -6.4386535e-05  3.4158384e-09  
-4.5158329e-05  -4.3257186e-10  -1.4237409e-09  7.5990302e-06  -2.9940113e-05  -3.6463710e-05  0.99994699  9.3317985e-10  4.1693089e-09  -6.4375754e-05  
2.2020179e-05  -1.8049649e-05  4.2314461e-10  1.3093657e-09  -6.4377097e-05  -1.0335536e-09  9.3317985e-10  0.99997899  7.5308270e-06  -2.9941284e-05  
-4.0341476e-05  -3.1908460e-10  -1.8053589e-05  -7.5049555e-10  -1.2178173e-09  -6.4386535e-05  4.1693089e-09  7.5308270e-06  1.0001350   -3.6464382e-05  
-4.2870509e-05  3.4580988e-10  -4.3026557e-10  -1.8051300e-05  1.1486424e-09  3.4158384e-09  -6.4375754e-05  -2.9941284e-05  -3.6464382e-05  0.99998199  
