1.0000000   -1.0796821e-16  -7.8802023e-16  -1.8177818e-16  2.8809561e-16  -5.0567557e-16  9.9702656e-16  6.2089158e-16  -2.4329139e-16  -2.2591216e-16  
-1.0797094e-16  1.0000000   2.4337588e-16  1.0727603e-16  1.4324913e-16  3.3252879e-16  1.4365421e-16  3.1595456e-16  5.7807151e-16  2.6472720e-16  
-7.8802061e-16  2.4337406e-16  1.0000000   -1.8687794e-16  -3.7359873e-16  -9.8642003e-16  -3.7935629e-16  7.2870562e-16  -2.4412753e-16  1.9580196e-16  
-1.8177750e-16  1.0727945e-16  -1.8687820e-16  1.0000000   -1.2254216e-16  -1.3965607e-16  -3.3313789e-16  -6.4099734e-16  3.9915670e-16  3.8288007e-17  
2.8809881e-16  1.4325317e-16  -3.7359873e-16  -1.2254216e-16  1.0000000   4.2789563e-16  1.1734782e-16  -8.2531502e-17  -1.2977501e-16  1.0172459e-16  
-5.0567689e-16  3.3252879e-16  -9.8642212e-16  -1.3965607e-16  4.2789312e-16  1.0000000   -4.2367322e-16  2.6743938e-16  1.1749559e-16  -3.6987479e-16  
9.9703880e-16  1.4365421e-16  -3.7935629e-16  -3.3313562e-16  1.1734641e-16  -4.2367187e-16  1.0000000   -3.0402857e-16  5.9974462e-17  1.0380092e-16  
6.2089251e-16  3.1595451e-16  7.2870562e-16  -6.4099734e-16  -8.2533665e-17  2.6743938e-16  -3.0402857e-16  1.0000000   -6.9838609e-16  -2.1883689e-16  
-2.4329552e-16  5.7807151e-16  -2.4412878e-16  3.9915670e-16  -1.2977501e-16  1.1749507e-16  5.9974462e-17  -6.9838698e-16  1.0000000   1.2041929e-16  
-2.2590792e-16  2.6472720e-16  1.9580196e-16  3.8288007e-17  1.0172459e-16  -3.6987479e-16  1.0380050e-16  -2.1884197e-16  1.2041929e-16  1.0000000   
