1.0000000   -6.6167858e-17  -2.0167802e-16  -5.1485761e-17  3.9472166e-17  5.0083332e-16  5.2717315e-18  2.2440671e-16  7.1443430e-16  -1.3203550e-17  
-6.6162694e-17  1.0000000   -7.3374459e-16  1.0516641e-16  3.8570218e-17  -3.6390073e-16  -5.4881309e-16  2.0204852e-16  2.4045936e-16  -3.0319566e-16  
-2.0167911e-16  -7.3374227e-16  1.0000000   -9.1862797e-16  -3.3014483e-16  -1.1640405e-16  2.8372165e-16  1.8222602e-16  -1.7499375e-16  -6.3384162e-16  
-5.1481895e-17  1.0516562e-16  -9.1864476e-16  1.0000000   -3.0203461e-16  -6.6333715e-16  -2.4249193e-16  2.8270140e-16  -3.4282548e-16  -5.2244823e-16  
3.9471999e-17  3.8572298e-17  -3.3014483e-16  -3.0203461e-16  1.0000000   1.2715952e-16  1.5972686e-16  -6.3229719e-18  -5.2051549e-16  -1.9130896e-16  
5.0083993e-16  -3.6390073e-16  -1.1640473e-16  -6.6333715e-16  1.2716516e-16  1.0000000   1.3767084e-16  -6.4684697e-16  -1.4001218e-16  -6.3526594e-16  
5.2746682e-18  -5.4881309e-16  2.8372165e-16  -2.4248920e-16  1.5972804e-16  1.3767118e-16  1.0000000   -2.9256115e-16  -4.0913924e-16  -2.8212635e-16  
2.2440918e-16  2.0205559e-16  1.8222602e-16  2.8270140e-16  -6.3261309e-18  -6.4684697e-16  -2.9256115e-16  1.0000000   4.6509105e-17  4.1253469e-17  
7.1442804e-16  2.4045936e-16  -1.7499173e-16  -3.4282548e-16  -5.2051549e-16  -1.4002009e-16  -4.0913924e-16  4.6513776e-17  1.0000000   -4.4335737e-16  
-1.3201856e-17  -3.0319566e-16  -6.3384162e-16  -5.2244484e-16  -1.9130896e-16  -6.3526594e-16  -2.8211279e-16  4.1255163e-17  -4.4337093e-16  1.0000000   
