1.0000000   7.8342626e-17  -1.2164918e-17  -1.8050272e-17  -4.2849463e-17  2.1546812e-17  -3.3105436e-17  1.5659405e-16  1.4644294e-16  9.0759580e-17  
7.8341621e-17  1.0000000   -5.0263379e-17  -1.9413318e-16  -2.3031642e-16  -8.3266727e-17  -1.5612511e-16  5.3885395e-16  5.5511151e-17  2.0122792e-16  
-1.2170753e-17  -5.0265250e-17  1.0000000   -1.6567626e-16  -3.1918912e-16  2.8316173e-16  1.4224733e-16  1.2836954e-16  -4.9851069e-16  6.2450045e-17  
-1.8051966e-17  -1.9413487e-16  -1.6567626e-16  1.0000000   -2.8449465e-16  -1.1102230e-16  1.5349115e-16  1.5092094e-16  -2.1163626e-16  -1.7585212e-16  
-4.2850141e-17  -2.3030345e-16  -3.1918912e-16  -2.8449465e-16  1.0000000   -6.9345338e-17  -3.0949229e-16  -5.4376015e-16  -6.9388939e-17  -6.9388939e-18  
2.1544958e-17  -8.3266727e-17  2.8317470e-16  -1.1102230e-16  -6.9347208e-17  1.0000000   -1.8475821e-16  1.5265567e-16  -3.3751447e-17  -4.1633363e-17  
-3.3115600e-17  -1.5612511e-16  1.4224733e-16  1.5350412e-16  -3.0949398e-16  -1.8475821e-16  1.0000000   -1.7173762e-16  1.5959456e-16  3.4788772e-16  
1.5659440e-16  5.3885306e-16  1.2836954e-16  1.5092094e-16  -5.4376198e-16  1.5265567e-16  -1.7173762e-16  1.0000000   -4.3016782e-16  -1.6030607e-16  
1.4644395e-16  5.5511151e-17  -4.9851158e-16  -2.1163626e-16  -6.9388939e-17  -3.3753275e-17  1.5959456e-16  -4.3016969e-16  1.0000000   -1.5006375e-16  
9.0760427e-17  2.0122792e-16  6.2450045e-17  -1.7585302e-16  -6.9388939e-18  -4.1633363e-17  3.4788589e-16  -1.6030776e-16  -1.5006375e-16  1.0000000   
