1.0000000   4.9094740e-17  -4.4445851e-16  5.1385604e-16  3.1918725e-17  5.7035894e-16  -2.6563870e-16  4.9885741e-17  -3.7998153e-16  -2.2185826e-16  
4.9096719e-17  1.0000000   1.9706410e-16  1.1400409e-17  2.2323823e-16  4.2539580e-16  -5.4233661e-17  5.9433100e-17  1.6732773e-16  5.3704427e-16  
-4.4446179e-16  1.9706648e-16  1.0000000   1.6383245e-16  -5.6616345e-16  -4.0518224e-16  9.1692533e-17  -3.9022612e-17  5.9758956e-16  1.6105650e-16  
5.1384596e-16  1.1399957e-17  1.6383233e-16  1.0000000   1.5646234e-16  -4.6993601e-16  6.4514305e-17  -4.5880683e-16  2.1103928e-18  5.1487406e-16  
3.1924608e-17  2.2323052e-16  -5.6616344e-16  1.5646234e-16  1.0000000   -1.3668459e-16  -2.6897608e-16  -2.9174749e-16  1.1048206e-16  -3.9763121e-16  
5.7036072e-16  4.2539580e-16  -4.0518643e-16  -4.6993601e-16  -1.3668252e-16  1.0000000   -1.7895052e-16  -2.6354985e-16  3.4207028e-16  -3.1705217e-16  
-2.6564797e-16  -5.4233662e-17  9.1692533e-17  6.4508493e-17  -2.6897890e-16  -1.7895146e-16  1.0000000   -3.0448022e-16  6.1418938e-16  -1.2482386e-16  
4.9887913e-17  5.9398919e-17  -3.9022612e-17  -4.5880683e-16  -2.9174574e-16  -2.6354985e-16  -3.0448022e-16  1.0000000   4.5641534e-17  9.5587668e-17  
-3.7998503e-16  1.6732773e-16  5.9759826e-16  2.1103923e-18  1.1048206e-16  3.4206616e-16  6.1418938e-16  4.5644414e-17  1.0000000   6.1043081e-16  
-2.2185148e-16  5.3704427e-16  1.6105650e-16  5.1492827e-16  -3.9763121e-16  -3.1705217e-16  -1.2482047e-16  9.5585974e-17  6.1042954e-16  1.0000000   
