1.0000000   2.7381175e-16  -5.5225125e-16  -2.7641082e-16  1.7985838e-16  -2.1133107e-16  1.0789772e-15  9.5219896e-16  -9.3077386e-16  4.1803448e-16  
2.7380986e-16  1.0000000   -4.6097029e-16  1.8455142e-16  2.7703318e-16  2.5672011e-16  -2.8627040e-17  4.0697608e-16  8.2294077e-16  1.6107013e-17  
-5.5225109e-16  -4.6096698e-16  1.0000000   1.6107472e-16  4.8377119e-17  4.2882232e-16  -6.6058828e-16  -9.3524622e-17  7.8977430e-16  3.3030437e-16  
-2.7640310e-16  1.8455679e-16  1.6108440e-16  1.0000000   2.4324156e-17  3.5067151e-16  3.6856350e-16  -1.0130511e-15  -3.4623476e-16  -8.0333367e-16  
1.7985941e-16  2.7702734e-16  4.8377119e-17  2.4324156e-17  1.0000000   1.9114920e-16  5.4365074e-16  4.7270845e-17  3.0574103e-16  -3.0058558e-17  
-2.1133209e-16  2.5672011e-16  4.2881630e-16  3.5067151e-16  1.9115111e-16  1.0000000   3.4684479e-16  1.3491409e-16  9.1598239e-17  4.0247675e-16  
1.0789645e-15  -2.8627040e-17  -6.6058828e-16  3.6856353e-16  5.4364320e-16  3.4683352e-16  1.0000000   -6.4768567e-16  6.7053778e-16  -4.2507840e-16  
9.5220004e-16  4.0698043e-16  -9.3524622e-17  -1.0130511e-15  4.7278430e-17  1.3491409e-16  -6.4768567e-16  1.0000000   1.5473058e-16  4.4824984e-18  
-9.3076924e-16  8.2294077e-16  7.8977276e-16  -3.4623476e-16  3.0574103e-16  9.1611580e-17  6.7053778e-16  1.5473384e-16  1.0000000   2.7786746e-16  
4.1803448e-16  1.6107013e-17  3.3030437e-16  -8.0333028e-16  -3.0058558e-17  4.0247675e-16  -4.2507332e-16  4.4994390e-18  2.7786069e-16  1.0000000   
