1.0000000   1.9474394e-16  6.3802886e-16  3.6529925e-16  -2.1672751e-16  9.4501488e-19  3.2254764e-16  8.8623589e-16  1.9140909e-16  -5.3524435e-17  
1.9474262e-16  1.0000000   2.1611700e-16  -6.2075107e-16  2.2509238e-16  -6.9036661e-17  6.9354187e-16  3.5060356e-16  -4.2642155e-16  1.1558902e-15  
6.3802921e-16  2.1611695e-16  1.0000000   -4.3166381e-17  -3.0702530e-16  1.0867863e-16  1.5688185e-16  1.0350770e-15  -3.3214165e-16  1.4110590e-16  
3.6530437e-16  -6.2075462e-16  -4.3161640e-17  1.0000000   5.9404335e-16  -1.6586524e-16  -4.7678783e-16  -1.5266265e-16  2.3238009e-16  1.1760883e-16  
-2.1674802e-16  2.2509032e-16  -3.0702530e-16  5.9404335e-16  1.0000000   -4.7289777e-16  -6.7999434e-17  -3.3435697e-17  -2.6162401e-16  -2.9242682e-16  
9.4829234e-19  -6.9036661e-17  1.0867642e-16  -1.6586524e-16  -4.7289752e-16  1.0000000   -7.6198451e-17  -2.3240883e-16  -5.4478982e-17  -2.2584867e-17  
3.2254729e-16  6.9354187e-16  1.5688185e-16  -4.7678750e-16  -6.8001152e-17  -7.6200822e-17  1.0000000   -1.5949864e-15  4.9537060e-17  -3.4590454e-16  
8.8623549e-16  3.5059560e-16  1.0350770e-15  -1.5266265e-16  -3.3433077e-17  -2.3240883e-16  -1.5949864e-15  1.0000000   -3.0420294e-16  8.0032755e-17  
1.9140707e-16  -4.2642155e-16  -3.3215754e-16  2.3238009e-16  -2.6162402e-16  -5.4473909e-17  4.9537059e-17  -3.0420306e-16  1.0000000   9.6900569e-18  
-5.3524435e-17  1.1558902e-15  1.4110590e-16  1.1764610e-16  -2.9242682e-16  -2.2584867e-17  -3.4590115e-16  8.0029367e-17  9.6934450e-18  1.0000000   
