1.0000000   8.7266500e-17  6.4548719e-16  3.2966999e-16  -3.7400578e-16  2.4103741e-16  -9.5852752e-17  -2.9759314e-17  -1.3054192e-16  -7.8967188e-17  
8.7278483e-17  1.0000000   9.7704181e-16  3.1634151e-17  -1.4603817e-16  -2.5533497e-16  5.1568123e-16  7.1658712e-17  -1.6288687e-16  -1.3398645e-16  
6.4550601e-16  9.7704047e-16  1.0000000   1.3500168e-16  3.4076492e-16  -2.6567460e-16  2.2924911e-17  -6.7326044e-16  1.9317762e-16  5.3417931e-16  
3.2966971e-16  3.1638654e-17  1.3500387e-16  1.0000000   -3.9959045e-16  -1.2291409e-16  2.6542925e-16  3.4075100e-16  6.0617593e-16  -2.3857191e-16  
-3.7400539e-16  -1.4602984e-16  3.4076492e-16  -3.9959045e-16  1.0000000   -6.4982767e-16  -3.4938781e-16  6.3042131e-17  2.7188347e-16  -1.0249014e-16  
2.4103950e-16  -2.5533497e-16  -2.6566357e-16  -1.2291409e-16  -6.4982407e-16  1.0000000   -8.0559099e-17  2.0255230e-16  9.6439007e-16  6.8014362e-16  
-9.5845179e-17  5.1568123e-16  2.2924911e-17  2.6542754e-16  -3.4938367e-16  -8.0555889e-17  1.0000000   -4.8306666e-17  -3.8366745e-16  3.6850677e-16  
-2.9773987e-17  7.1666147e-17  -6.7326044e-16  3.4075100e-16  6.3045392e-17  2.0255230e-16  -4.8306666e-17  1.0000000   1.2411490e-16  6.3910330e-17  
-1.3052329e-16  -1.6288688e-16  1.9320355e-16  6.0617593e-16  2.7188348e-16  9.6440379e-16  -3.8366745e-16  1.2410794e-16  1.0000000   3.7682463e-16  
-7.8929918e-17  -1.3398645e-16  5.3417931e-16  -2.3856514e-16  -1.0249014e-16  6.8014362e-16  3.6850507e-16  6.3913718e-17  3.7682124e-16  1.0000000   
