1.0000000   4.1704618e-17  -1.9816079e-16  1.8705706e-16  2.3885207e-16  1.0513351e-16  1.6518837e-17  4.4722516e-16  -9.3578321e-17  -8.9273885e-17  
4.1704810e-17  1.0000000   5.3434968e-17  2.9135392e-16  -2.7913089e-16  2.7061686e-16  -1.3010426e-18  -1.7587621e-16  1.5265567e-16  -9.3675068e-17  
-1.9816546e-16  5.3439574e-17  1.0000000   -1.0664653e-16  2.2204460e-16  -5.0147394e-17  -2.6888214e-17  4.4623623e-32  2.8556024e-16  1.0408341e-16  
1.8705876e-16  2.9135392e-16  -1.0664653e-16  1.0000000   4.1633363e-16  1.7000290e-16  2.2805888e-16  -4.7661528e-16  1.3877788e-17  -2.8082698e-16  
2.3885206e-16  -2.7911709e-16  2.2204460e-16  4.1633363e-16  1.0000000   -2.8917292e-16  6.7303544e-17  1.6008289e-16  3.0184188e-16  4.5536491e-17  
1.0514235e-16  2.7061686e-16  -5.0133592e-17  1.7000290e-16  -2.8916831e-16  1.0000000   2.4447234e-16  2.1136521e-16  8.2020338e-17  3.0032400e-16  
1.6519684e-17  -1.3010426e-18  -2.6888214e-17  2.2807269e-16  6.7303544e-17  2.4447234e-16  1.0000000   9.3078757e-17  -8.9771940e-17  -3.3284962e-16  
4.4722029e-16  -1.7587595e-16  4.3143883e-32  -4.7661528e-16  1.6006625e-16  2.1136521e-16  9.3078757e-17  1.0000000   4.4418143e-16  -1.3907434e-16  
-9.3578422e-17  1.5265567e-16  2.8556049e-16  1.3877788e-17  3.0184188e-16  8.2003693e-17  -8.9771940e-17  4.4418604e-16  1.0000000   -2.8185360e-16  
-8.9270496e-17  -9.3675068e-17  1.0408341e-16  -2.8082672e-16  4.5536491e-17  3.0032400e-16  -3.3286627e-16  -1.3907434e-16  -2.8185360e-16  1.0000000   
