1.0000000   8.8828318e-17  2.4036025e-16  -1.8045238e-16  5.3109432e-17  7.5744281e-16  -1.0320465e-16  -6.3936937e-16  -8.2389926e-16  -1.3620967e-16  
8.8839436e-17  1.0000000   7.1205581e-16  2.9217181e-16  2.9055956e-16  5.0817079e-17  7.3988286e-16  2.0996740e-16  1.3116519e-16  4.1349115e-16  
2.4036677e-16  7.1204576e-16  1.0000000   6.2623455e-16  -3.6237563e-17  -4.7015915e-17  3.9674251e-16  -2.8504876e-16  6.8734228e-16  2.9626197e-16  
-1.8045310e-16  2.9217112e-16  6.2622694e-16  1.0000000   6.7953581e-17  -6.7469464e-16  -1.0410383e-16  6.7297442e-16  2.1030689e-16  -1.5154870e-16  
5.3107428e-17  2.9055588e-16  -3.6237563e-17  6.7953581e-17  1.0000000   2.1363517e-16  -2.3197973e-16  -7.0399104e-16  1.4471241e-16  -2.1686106e-16  
7.5744430e-16  5.0817079e-17  -4.7016040e-17  -6.7469464e-16  2.1363914e-16  1.0000000   -1.6012847e-16  5.2157530e-17  1.2934622e-17  2.7621299e-17  
-1.0317886e-16  7.3988286e-16  3.9674251e-16  -1.0410370e-16  -2.3197818e-16  -1.6012409e-16  1.0000000   -6.8435896e-16  8.1339922e-16  -9.4451966e-16  
-6.3935250e-16  2.0996783e-16  -2.8504876e-16  6.7297442e-16  -7.0399494e-16  5.2157530e-17  -6.8435896e-16  1.0000000   5.3997042e-16  5.0839934e-16  
-8.2390224e-16  1.3116519e-16  6.8734205e-16  2.1030689e-16  1.4471241e-16  1.2930475e-17  8.1339921e-16  5.3996266e-16  1.0000000   2.5570569e-16  
-1.3620290e-16  4.1349115e-16  2.9626197e-16  -1.5154838e-16  -2.1686106e-16  2.7621299e-17  -9.4450950e-16  5.0839595e-16  2.5571586e-16  1.0000000   
