1.0000000   5.0274523e-17  -7.4463745e-18  -6.3966234e-16  2.8590219e-16  -6.8297771e-17  -1.3184745e-16  5.8317268e-16  -1.2820535e-16  5.9061913e-17  
5.0275876e-17  1.0000000   4.5207403e-16  1.4054987e-16  -3.6542480e-16  3.1918912e-16  -3.1225023e-16  5.3777053e-16  4.8572257e-16  -1.3877788e-16  
-7.4445817e-18  4.5206605e-16  1.0000000   3.5394119e-16  3.7123082e-16  6.9275653e-16  -6.1062266e-16  3.7470027e-16  2.6021477e-16  -2.4980018e-16  
-6.3966192e-16  1.4056004e-16  3.5393780e-16  1.0000000   -1.1102230e-16  -3.7470027e-16  -1.8154411e-16  2.2204460e-16  3.0531133e-16  -2.6714116e-16  
2.8590723e-16  -3.6541854e-16  3.7123082e-16  -1.1102230e-16  1.0000000   9.6455715e-17  6.9739611e-16  4.3234724e-16  2.6367797e-16  8.4307561e-16  
-6.8292314e-17  3.1918912e-16  6.9276278e-16  -3.7470027e-16  9.6447733e-17  1.0000000   1.1801879e-16  5.5511151e-17  -5.8853752e-16  6.1062266e-16  
-1.3184745e-16  -3.1225023e-16  -6.1062266e-16  -1.8153785e-16  6.9740627e-16  1.1801541e-16  1.0000000   -1.7694179e-16  5.5511151e-17  5.6779610e-17  
5.8317335e-16  5.3776942e-16  3.7470027e-16  2.2204460e-16  4.3234813e-16  5.5511151e-17  -1.7694179e-16  1.0000000   -3.4589877e-16  2.9527569e-17  
-1.2820569e-16  4.8572257e-16  2.6021366e-16  3.0531133e-16  2.6367797e-16  -5.8853664e-16  5.5511151e-17  -3.4590675e-16  1.0000000   3.5394119e-16  
5.9051749e-17  -1.3877788e-16  -2.4980018e-16  -2.6714227e-16  8.4307561e-16  6.1062266e-16  5.6780498e-17  2.9537733e-17  3.5393780e-16  1.0000000   
