1.0000000   -4.1805622e-16  2.9362416e-16  4.4943625e-16  -1.7127004e-16  3.0251681e-16  4.1883013e-16  -2.4411312e-16  3.8822791e-16  4.4140115e-16  
-4.1806215e-16  1.0000000   6.4536315e-16  3.6531617e-17  3.0427472e-16  2.6787558e-16  1.4032750e-16  -3.1067252e-16  1.9236614e-16  1.7153596e-16  
2.9362158e-16  6.4536977e-16  1.0000000   5.7143474e-16  4.6635007e-16  2.3292774e-16  6.1702966e-16  5.3515053e-16  1.4658040e-16  2.1167570e-16  
4.4943845e-16  3.6540236e-17  5.7143469e-16  1.0000000   -2.0596718e-16  -4.9842289e-16  -1.7679061e-16  6.0978648e-16  -4.1157297e-16  -3.2903503e-16  
-1.7128605e-16  3.0423631e-16  4.6635007e-16  -2.0596718e-16  1.0000000   -2.9852767e-16  -8.0627838e-17  -1.8558250e-17  -6.3987541e-17  3.5344776e-16  
3.0252703e-16  2.6787558e-16  2.3293163e-16  -4.9842289e-16  -2.9851493e-16  1.0000000   -8.7853189e-17  5.3186035e-16  -1.0185662e-16  -1.1544704e-16  
4.1882681e-16  1.4032750e-16  6.1702966e-16  -1.7679714e-16  -8.0615531e-17  -8.7853160e-17  1.0000000   1.2447444e-16  4.6507581e-16  -3.1541474e-16  
-2.4411238e-16  -3.1062167e-16  5.3515053e-16  6.0978648e-16  -1.8578436e-17  5.3186035e-16  1.2447444e-16  1.0000000   5.7902621e-16  -5.1414900e-17  
3.8823256e-16  1.9236615e-16  1.4660920e-16  -4.1157297e-16  -6.3987541e-17  -1.0184599e-16  4.6507581e-16  5.7902852e-16  1.0000000   1.0202851e-16  
4.4140157e-16  1.7153597e-16  2.1167570e-16  -3.2901470e-16  3.5344776e-16  -1.1544704e-16  -3.1539780e-16  -5.1411512e-17  1.0202978e-16  1.0000000   
