1.0000000   5.0544188e-16  3.0508952e-16  2.3591175e-16  4.6241263e-16  -8.4518114e-17  2.7945572e-17  -5.0258114e-17  -4.2782083e-17  2.1589176e-16  
5.0544788e-16  1.0000000   2.6246713e-16  -4.4961474e-16  -2.3860610e-16  -2.7980135e-16  1.4319826e-16  1.0674707e-16  -4.0438248e-16  9.3582564e-17  
3.0509023e-16  2.6246651e-16  1.0000000   4.6876474e-16  -3.6262728e-17  -4.0479906e-16  3.1366773e-16  4.7738124e-17  2.3890532e-17  -2.7673549e-16  
2.3591162e-16  -4.4961881e-16  4.6876293e-16  1.0000000   -2.9562607e-16  -9.3575233e-17  5.4640787e-16  -3.8604714e-16  -8.5672404e-18  8.6806139e-16  
4.6241302e-16  -2.3861687e-16  -3.6262728e-17  -2.9562607e-16  1.0000000   -5.3273273e-17  -3.0963671e-16  -1.3089939e-15  -1.3876878e-17  1.7534633e-16  
-8.4519504e-17  -2.7980135e-16  -4.0480466e-16  -9.3575233e-17  -5.3276488e-17  1.0000000   -4.1288221e-16  -3.2181530e-17  3.0912229e-16  6.6198909e-16  
2.7947052e-17  1.4319826e-16  3.1366773e-16  5.4640834e-16  -3.0960801e-16  -4.1288149e-16  1.0000000   4.7971461e-16  1.7075370e-16  -5.9330931e-16  
-5.0259131e-17  1.0675610e-16  4.7738124e-17  -3.8604714e-16  -1.3090010e-15  -3.2181530e-17  4.7971460e-16  1.0000000   2.5499374e-16  2.8137079e-16  
-4.2782081e-17  -4.0438248e-16  2.3898104e-17  -8.5672403e-18  -1.3876878e-17  3.0911662e-16  1.7075371e-16  2.5499891e-16  1.0000000   -1.2578100e-16  
2.1591209e-16  9.3582564e-17  -2.7673549e-16  8.6805969e-16  1.7534633e-16  6.6198909e-16  -5.9331439e-16  2.8135046e-16  -1.2578355e-16  1.0000000   
