1.0000000   -4.1338766e-16  3.7292741e-16  2.3011333e-16  -2.4872905e-16  -2.4487049e-16  3.7049896e-18  2.9135858e-16  -8.1060169e-16  5.9253343e-17  
-4.1339074e-16  1.0000000   1.2053721e-16  -2.1370148e-16  -4.8025707e-17  -3.1300350e-17  7.3704694e-17  -6.7701812e-16  4.2944824e-16  3.7765776e-18  
3.7292744e-16  1.2054598e-16  1.0000000   2.0085599e-16  9.4838107e-17  1.0384502e-16  1.1525236e-16  2.9246614e-16  8.1021202e-16  3.8203857e-16  
2.3011962e-16  -2.1370049e-16  2.0085661e-16  1.0000000   2.5446912e-16  3.2262563e-16  9.5611960e-18  -6.4851921e-16  6.8569179e-17  -1.1915551e-16  
-2.4872609e-16  -4.8022697e-17  9.4838107e-17  2.5446912e-16  1.0000000   4.2873318e-16  2.0944003e-16  3.1021726e-16  2.6682293e-16  2.3426808e-18  
-2.4487409e-16  -3.1300350e-17  1.0384327e-16  3.2262563e-16  4.2871554e-16  1.0000000   -4.3594389e-16  3.4269715e-16  2.4725950e-16  -2.4762673e-16  
3.7069417e-18  7.3704694e-17  1.1525236e-16  9.5622158e-18  2.0943585e-16  -4.3595028e-16  1.0000000   -6.1493446e-16  -3.3794403e-16  -1.3027028e-16  
2.9135806e-16  -6.7702072e-16  2.9246614e-16  -6.4851921e-16  3.1020749e-16  3.4269716e-16  -6.1493446e-16  1.0000000   1.2647775e-15  -1.3672747e-15  
-8.1060179e-16  4.2944824e-16  8.1021671e-16  6.8569179e-17  2.6682293e-16  2.4726467e-16  -3.3794403e-16  1.2647882e-15  1.0000000   -7.9663449e-16  
5.9256731e-17  3.7765775e-18  3.8203857e-16  -1.1915382e-16  2.3426805e-18  -2.4762673e-16  -1.3028044e-16  -1.3672730e-15  -7.9663449e-16  1.0000000   
