1.0000000   -3.6284886e-16  -4.3741986e-17  -2.2114675e-16  -2.7397148e-16  1.0380130e-16  -4.2644213e-16  -1.0033631e-16  2.8772846e-17  2.1049616e-16  
-3.6285615e-16  1.0000000   1.6419653e-16  -2.1016581e-16  -4.1653270e-16  8.3266727e-17  -4.4408921e-16  -8.7740184e-17  4.7184479e-16  -2.6974950e-16  
-4.3742369e-17  1.6419742e-16  1.0000000   -4.9082171e-16  -6.2450045e-17  -2.5693814e-16  -2.6541269e-16  -1.3877788e-17  2.7308230e-16  -1.5048726e-16  
-2.2115014e-16  -2.1016243e-16  -4.9082510e-16  1.0000000   3.7470027e-16  3.4694470e-16  -3.6628255e-17  -2.7755576e-17  -1.7347235e-16  -1.3197563e-16  
-2.7398188e-16  -4.1652923e-16  -6.2450045e-17  3.7470027e-16  1.0000000   -1.6214715e-17  -4.7210906e-16  6.2229607e-17  -4.9960036e-16  -3.1571967e-16  
1.0379182e-16  8.3266727e-17  -2.5693467e-16  3.4694470e-16  -1.6213826e-17  1.0000000   -3.3644149e-18  -6.6613381e-16  -1.5981500e-16  -3.4694470e-18  
-4.2644551e-16  -4.4408921e-16  -2.6541269e-16  -3.6624792e-17  -4.7210567e-16  -3.3678030e-18  1.0000000   -3.8163916e-16  2.2204460e-16  1.9602015e-16  
-1.0034001e-16  -8.7714873e-17  -1.3877788e-17  -2.7755576e-17  6.2232837e-17  -6.6613381e-16  -3.8163916e-16  1.0000000   -1.2723702e-16  -4.4261876e-16  
2.8768851e-17  4.7184479e-16  2.7310761e-16  -1.7347235e-16  -4.9960036e-16  -1.5981177e-16  2.2204460e-16  -1.2723613e-16  1.0000000   -5.0991383e-18  
2.1049785e-16  -2.6974950e-16  -1.5048726e-16  -1.3195032e-16  -3.1571967e-16  -3.4694470e-18  1.9602339e-16  -4.4261537e-16  -5.1025265e-18  1.0000000   
