0.99977801  -3.6903236e-05  5.4273346e-05  -1.1055796e-05  1.1015575e-05  5.4112285e-05  3.8642012e-05  -1.5907775e-05  9.6707189e-06  1.0678673e-05  
-3.6903236e-05  0.99984200  -4.9741587e-05  5.0030837e-05  5.1383217e-05  -4.5535658e-09  1.1448191e-09  2.3379020e-05  -1.5199773e-09  7.7565275e-10  
5.4273346e-05  -4.9741587e-05  0.99979901  -9.9644456e-05  -1.9582191e-09  5.1384352e-05  -3.0231745e-09  -2.0265771e-09  2.3377952e-05  -1.7501893e-09  
-1.1055796e-05  5.0030837e-05  -9.9644456e-05  0.99984200  2.4493380e-09  -5.7192587e-09  5.1383197e-05  1.3457300e-09  -2.4368265e-09  2.3378314e-05  
1.1015575e-05  5.1383217e-05  -1.9582191e-09  2.4493380e-09  0.99982201  -4.9737993e-05  5.0029854e-05  2.1818080e-05  -9.7885028e-10  1.2094070e-09  
5.4112285e-05  -4.5535658e-09  5.1384352e-05  -5.7192587e-09  -4.9737993e-05  0.99977901  -9.9639771e-05  -1.9463996e-09  2.1817841e-05  -1.5964230e-09  
3.8642012e-05  1.1448191e-09  -3.0231745e-09  5.1383197e-05  5.0029854e-05  -9.9639771e-05  0.99982201  4.7690428e-10  -1.8006197e-09  2.1818668e-05  
-1.5907775e-05  2.3379020e-05  -2.0265771e-09  1.3457300e-09  2.1818080e-05  -1.9463996e-09  4.7690428e-10  0.99984100  -4.9739688e-05  5.0030209e-05  
9.6707189e-06  -1.5199773e-09  2.3377952e-05  -2.4368265e-09  -9.7885028e-10  2.1817841e-05  -1.8006197e-09  -4.9739688e-05  0.99979800  -9.9643653e-05  
1.0678673e-05  7.7565275e-10  -1.7501893e-09  2.3378314e-05  1.2094070e-09  -1.5964230e-09  2.1818668e-05  5.0030209e-05  -9.9643653e-05  0.99984100  
