0.99873960  -0.00097307949  -0.0019521741  0.0079743935  0.0019360883  -0.00072595415  -0.0012629482  -0.0052030396  -0.00085435296  -0.00062531133  
0.0012449952  0.98914838  0.015651739  -0.036024773  -0.019628686  0.014508561  -0.059111555  0.0089372591  -0.070593187  -0.091355294  
-0.0056558876  0.035716368  -0.52234635  0.77143319  0.049348316  0.10552173  0.096436498  0.28926668  -0.13168525  0.065376119  
0.0018354256  0.0014278780  0.76877715  0.30814043  0.040027068  -0.028046998  0.025400518  0.55302153  0.0049395258  0.047627230  
0.0028689724  -0.027440591  -0.019476634  -0.044217627  -0.97138680  0.090875372  0.076716770  0.12290657  -0.14623892  0.016637298  
0.00078162968  0.063017982  0.0099277693  -0.030138311  -0.011820635  0.47299720  -0.31949328  -0.026556109  0.26617511  0.77132904  
-0.0017852761  -0.046287970  -0.075162368  0.090482017  -0.094007320  -0.50721195  -0.83886724  0.074721326  -0.076090487  -0.00078302804  
-0.0072682719  0.023121366  0.33745342  0.53056112  -0.13577508  -0.061622042  0.0084749587  -0.76056754  0.022282935  0.019940533  
-0.00022000764  -0.043076361  0.088776344  -0.10634244  0.14452712  0.066729505  0.0029041495  -0.087220472  -0.93034379  0.27884691  
-0.00094201644  -0.092392785  0.071912812  0.045507822  0.034852531  0.69845466  -0.41495491  -0.024300234  -0.10431718  -0.55599200  
