0.99896401  -0.00046155930  -0.00097863646  -0.0044000458  -9.3711594e-05  -0.0055507709  0.0042658463  0.00045303690  -0.0037737263  0.00012403496  
0.00041816111  0.99772109  0.033980642  0.0058371365  -0.0010103783  -0.012211530  -0.00021792876  -0.034146406  -0.00042435421  0.0022782615  
0.00086293173  -0.033912964  0.99767428  -0.0073601182  -0.032980205  -7.7171788e-05  0.00087900427  0.0020982452  -0.010298464  -0.00040968921  
0.0045766906  -0.0060498699  0.0070414823  0.99796750  -0.0011296904  -0.00011255800  -0.034701133  -0.00042242134  -0.00058309895  0.010167155  
0.00014382118  -0.0012620262  0.032953396  0.00061944375  0.99776443  0.00073947587  -0.0073089938  -0.033690255  -0.00077881264  -1.6673223e-05  
0.0056580204  0.012251891  0.00080238772  0.00016213010  -0.00071249635  0.99850053  -0.0013543451  0.00073052772  0.033276059  -0.0059721477  
-0.0041576141  -0.00016058088  -0.00034668989  0.034667163  0.0069972881  0.0013234124  0.99804417  -0.0061513194  0.0029046960  0.0022228872  
-0.00045615208  0.034100072  0.00017864520  0.00087681483  0.033763654  -0.0011601008  0.0059665331  0.99783324  9.0413595e-05  9.7593464e-05  
0.0035288599  -0.00035371552  0.010318443  0.00032675013  0.00039109349  -0.033305770  -0.0028521919  -0.00011243946  0.99844572  0.0045817915  
-0.00030201710  -0.0021559705  0.00021913356  -0.010265951  -7.7205958e-06  0.0060645087  -0.0018187183  3.3117045e-06  -0.0042851558  0.99880597  
