0.99867247  -0.00067736601  -0.00053897943  0.0018382106  -0.00052262188  -1.6096610e-05  0.00055922894  -0.00031027496  0.0012467822  -0.0041299022  
0.00085461356  0.99400335  0.0023843762  0.012561646  0.019159323  0.010420761  -0.0028692082  -0.046889245  -0.079334329  -0.011874887  
0.00056614882  -0.0021643850  0.99830990  0.0069344943  0.014718966  -0.0063619918  0.017030293  0.0018185541  0.0043895697  0.0055739996  
-0.0013994169  0.0016239671  0.0084193108  0.67215211  -0.71818052  0.14899326  -0.076210396  0.0017822559  -0.018759643  -0.032968664  
0.0016898168  0.019051541  0.016336318  -0.72561984  -0.62705008  0.24363384  -0.058291307  0.020791168  -0.024464904  0.11550566  
-6.5304924e-05  -0.018802630  0.0014461860  0.081038561  0.27492735  0.95547575  0.0077813660  0.013050668  -0.035832138  -0.016845561  
0.0041279453  0.00064292999  -0.0052735085  0.10698870  0.064541276  -0.014432782  -0.086499671  0.028237681  -0.12131377  0.97893968  
0.00062210842  -0.036899428  0.0026218532  -0.0036054474  0.015437293  -0.044757139  -0.0054969040  0.58941014  -0.79524332  -0.11727082  
-0.00027521839  0.083712918  -0.0022683798  0.013235358  0.011795930  0.0096371112  -0.11446993  0.79765794  0.58233236  0.036861658  
-0.00032135656  0.013949686  -0.016527451  0.019294162  -0.088047675  0.018098311  0.98336666  0.099761634  0.049602012  0.094383027  
