0.99874809  0.0012336252  -0.00088631345  -0.00022052261  0.00024329778  -0.0023337471  0.0021369673  9.2540625e-05  -0.00043136280  0.00027201342  
-0.0012702023  0.99856147  0.0051748621  0.011469475  0.0064138851  -0.012694651  0.00025147503  0.00024471283  0.00014920687  4.6629848e-05  
0.00088494501  -0.0049895248  0.99729392  -0.029717970  0.029404070  0.0010618749  -0.0029922137  -0.028798240  0.011358059  -0.00042247681  
0.00023986415  -0.011747843  0.030540066  0.99770664  -0.015413646  -0.00022401519  0.0087052084  0.0078224770  0.0013230762  0.012892248  
-0.00022451743  -0.0062487074  -0.029509628  0.016310024  0.99780352  0.016399132  0.0088663591  -0.020761459  -0.0021832675  0.00013668416  
0.0023370601  0.012628015  -0.00048493107  0.00028125374  -0.016241313  0.99866935  0.00082060917  -0.00056948107  -0.0036630325  -0.011372391  
-0.0020875447  -0.00011159973  0.0020768932  -0.0084695627  -0.0096202305  -0.0011585980  0.99771399  -0.035723225  -0.0079124880  -0.012885420  
-9.3554080e-05  -0.00042320054  0.027874571  -0.0086570343  0.021410895  0.00095931573  0.035695377  0.99733395  0.012497422  -0.00026990493  
0.00041498688  -4.6989846e-05  -0.011608688  -0.00045413297  0.0014600685  0.0032545710  0.0070543871  -0.012339965  0.99808537  -0.035245232  
-0.00023978655  0.00024327494  -0.00034779768  -0.012856000  -0.00017734597  0.011704183  0.012902270  -0.00074649676  0.035265714  0.99787434  
