0.99851090  -0.00067422160  -0.0067832707  6.1663996e-05  0.00091506594  0.00027216382  0.0071852653  -0.00027449537  -0.00015989829  -0.00055161328  
0.00070320313  0.99822800  0.0092662872  0.019013777  0.0060273023  -0.0073881871  -1.8719113e-05  0.0046337517  0.0013499942  0.0017892228  
0.0066506498  -0.0092468382  0.99825672  -0.0029961542  -0.0023165118  0.0013325008  0.017416456  -0.00013767463  -0.00039942582  0.0017043117  
-0.00019357043  -0.019328935  0.0026672271  0.99793006  0.014708925  -0.0087604807  0.0061296919  0.0095551021  0.0074670463  0.0071357987  
-0.00076955514  -0.0057985611  0.0025835270  -0.014409050  0.99817666  -0.0057093340  -0.017727663  -0.0031445246  -0.0012329156  -0.0044153367  
-0.00033032477  0.0072640635  -0.0012311546  0.0088264496  0.0058258445  0.99840062  0.010168451  -0.0043791718  -0.00025272071  -0.010655008  
-0.0073076401  0.00014811633  -0.017341225  -0.0064595658  0.017609336  -0.010220466  0.99799515  0.0049994510  -0.0064942472  -0.00040306592  
0.00042821777  -0.0044626477  0.00020999166  -0.0097723920  0.0029586643  0.0046126335  -0.0049566804  0.99832239  0.011637257  0.0065644638  
0.00032531010  -0.0011580735  0.00024671000  -0.0074492124  0.0011691649  0.00010046852  0.0061508522  -0.011730757  0.99833846  -0.0070604588  
0.00037282008  -0.0015632734  -0.0017675690  -0.0071513795  0.0043391212  0.010737265  0.00049577039  -0.0067882343  0.0068869800  0.99832991  
