0.99860161  -0.00035408050  0.0011422294  0.0020590971  0.0074038208  0.0025094220  -0.0013033681  -0.0046726429  -0.0059085524  0.00074499827  
0.00035692602  -0.92051558  -0.0040235642  -0.018655207  0.0035583675  -0.25782099  0.24256572  0.015556136  -0.051495524  0.14619748  
-0.0029693533  0.00089490490  0.58136445  0.33741291  -0.21372393  -0.0012775147  0.090999785  -0.70085920  -0.0080150994  -0.011238173  
-0.0077527812  0.0021051677  0.11929964  0.25728381  0.95076255  -0.043821913  -0.037617485  -0.073143489  0.049555523  0.037085567  
-0.00031351608  0.025438105  0.30314816  -0.89744174  0.17870140  -0.040973437  -0.00021581469  -0.23665265  0.091851556  0.035573427  
0.0059260608  0.22938465  0.028739577  0.056392513  -0.057375907  -0.79662086  0.22334104  0.096615249  0.46384132  -0.16831805  
0.0038292467  -0.23736712  -0.011978317  0.038113397  -0.024300461  0.43929521  -0.097321715  -0.0029722690  0.81589086  -0.26567599  
0.0019399083  -0.041228547  0.74013864  0.061667655  -0.062823337  0.034436757  -0.15538163  0.64292046  -0.038641790  0.0060892850  
-0.00044060117  0.052727429  0.058376552  -0.044343842  0.085609960  0.23166228  0.73877490  0.10811172  -0.20215449  -0.57425065  
-0.0016948866  -0.18926330  -0.030694304  -0.030721674  0.014977119  -0.21158274  -0.54722503  -0.10103890  -0.24566157  -0.73794567  
