0.99866634  0.00069834687  0.00046545458  -0.00098959689  0.00032253571  -0.0055967441  -0.0053103775  -0.00096882149  0.00020097442  0.00037402556  
-0.00020973475  0.91452234  0.026711116  -0.0018153373  0.0067480119  0.020108469  0.0056446280  0.38633269  0.078101752  0.066882136  
-0.0053571713  0.012235488  0.15421394  0.10683840  -0.22213887  -0.95482484  -0.020318568  0.015633664  -0.013385634  0.0096363831  
-0.00051210840  0.018406005  -0.11390209  -0.76981780  -0.62205540  0.039654583  -0.0086853982  -0.037845852  0.028377876  0.010614780  
-0.0020024468  -0.0080930239  0.27241720  -0.62147386  0.70766812  -0.19009270  -0.0038680469  -0.0053796745  -0.0045101589  0.0099474089  
0.00085007542  -0.038321575  0.94000306  0.068072231  -0.24457740  0.21675817  -0.018884150  0.017956565  -0.0050702730  0.013476445  
0.0051804700  -0.0041570651  0.020831412  -0.0056605295  -0.011858798  -0.015893785  0.99811587  -0.0036649351  -0.0037070849  -0.0045175913  
-0.0011640818  0.38347075  0.035660160  0.037612864  0.015884927  -0.0042458530  -0.0019378621  -0.91952267  0.042045405  0.0056188044  
-0.00022294654  -0.097766897  0.0048926616  0.021058969  0.016067479  -0.013941332  0.0042293028  0.0064996172  0.98126421  0.15436012  
0.00030035649  0.048743789  0.018578846  -0.0090802435  -0.0019768025  -0.0085378646  -0.0038394827  0.021910404  0.15960471  -0.98406684  
