0.99826260  0.0016226902  0.0022673791  -0.0035500560  0.010104313  -0.00019716896  -0.013265617  0.00086565065  0.0012003667  0.0013066729  
-0.0015339243  0.99685174  -0.016808342  0.023303654  0.0051069881  0.043361724  -0.0015542591  -0.014052109  -1.8401149e-05  -0.0037610476  
-0.0022464426  0.016811143  0.99814402  0.0033242414  0.00070976201  -0.0039877372  0.0052569204  -0.0040292051  -0.0010656334  5.0669729e-05  
0.0042562763  -0.022360578  -0.0031184706  0.99583589  -0.054487495  -0.015245144  0.025631469  0.0027152012  0.019270921  0.0079852607  
-0.010717880  -0.0096424070  -0.00012385916  0.056685637  0.99201314  0.072031485  -0.062279545  -0.0014813688  0.012284074  0.0051502630  
0.00098108054  -0.042277926  0.0049866245  0.010264290  -0.073231100  0.99372758  -0.0024334681  0.042404474  0.0043627130  -0.0084678916  
0.012488620  0.0013155848  -0.0052179618  -0.022093913  0.063409531  0.0076758297  0.99582233  -0.0062967706  -0.0030001591  0.0077748687  
-0.0011830550  0.016127006  0.0036145208  -0.0033480059  0.0047791794  -0.040986323  0.0059512286  0.99627399  0.0070663075  0.045406363  
-0.0014055374  0.0012896929  0.00093388715  -0.021172258  -0.011700612  -0.0023398218  0.0013379537  -0.016914260  0.97365036  0.21878961  
-0.0010341939  0.0026538888  -0.00040966076  -0.0032380212  -0.0036403471  0.010882015  -0.0084774339  -0.042347774  -0.21940849  0.97290306  
