0.99929181  0.0021602856  -0.0052510827  0.0019008758  -0.0023539349  -0.0026021383  -0.0023810393  -0.0060008824  -0.0025259855  0.0015021936  
-0.00019212837  0.93095553  -0.0017322566  -0.028447953  0.0047986956  0.20202092  0.23935334  0.014171286  0.15091190  -0.10052581  
0.0068453061  -0.024117385  0.41356686  -0.74205125  0.22431914  0.057360463  -0.034720129  0.46183933  -0.081815397  -0.035588545  
0.0048407816  -0.0097335168  0.74754507  0.60130345  0.095630500  0.025356075  0.064075828  0.25287327  0.013111704  -0.0096427542  
-0.00078207048  0.024990218  0.18769226  -0.11792676  -0.96582620  -0.026714741  -0.038090147  0.10722787  -0.043960844  0.020604633  
-0.0021396419  0.18355285  -0.048820496  0.025475955  0.042910265  -0.25547736  -0.048032751  0.15346317  -0.10922608  0.92572719  
0.0040080560  -0.23873827  -0.020152256  -0.062638497  -0.044356798  0.22717851  0.26576907  0.088948272  0.87129925  0.21453415  
-0.0020702566  0.020421642  0.47502458  -0.25751016  0.035201069  -0.15137619  0.082637954  -0.80871029  0.064538160  0.13068855  
-0.0014031589  0.14785998  0.069429875  0.025719758  0.024435772  0.23270696  -0.91676675  -0.073522065  0.26373065  0.032557988  
-0.00078523340  0.13305084  -0.012006980  -0.0065071926  0.024575874  -0.87128472  -0.11959589  0.13678561  0.34961518  -0.25604495  
