0.99876691  -0.00086284042  0.0027970338  -0.0023371776  -0.0022182903  -0.0013019361  -0.0083865926  0.0039378976  -0.0011121681  0.00029579619  
0.00067360301  0.91593960  0.013688157  -0.0033164035  -0.019187852  0.36387233  -0.045096773  -0.0035960366  -0.026478876  0.15149398  
0.0035270436  0.012723700  -0.96206163  -0.092991908  -0.0012852372  0.013728919  0.019435419  -0.23890941  -0.064152830  -0.036603627  
-0.0024607574  -0.0089014737  0.089235623  -0.98127628  -0.10738788  0.017848710  0.085140504  0.051202189  -0.064408258  -0.017310654  
-0.00072881681  -0.017013129  0.059316363  0.10523869  -0.95530226  0.0040147921  0.051628644  -0.25295758  -0.050146148  -0.030259465  
0.00055483581  0.35892785  0.023188726  0.012722806  0.020277882  -0.60447436  0.11025469  0.019038021  -0.064572870  -0.69708681  
0.00075755237  -0.061403495  0.094136496  0.068034927  0.10833684  0.10868261  0.14585299  -0.13200388  -0.95804988  -0.010027450  
0.0022461436  0.012297076  0.22295809  -0.075135824  0.23411654  -0.041194243  -0.13519058  -0.92003662  0.14383762  -0.0050265980  
-0.0089994733  -0.023767495  -0.021707244  -0.059023446  -0.072090421  -0.019510943  -0.96430061  0.096895320  -0.17453342  -0.13303813  
-0.0015184525  0.15711480  -0.027181905  -0.022297920  -0.030797575  -0.69694160  -0.058451945  0.0077688588  -0.11402045  0.68443052  
