0.99836602  -0.0015146250  -0.0084482897  0.0038571449  0.00048055911  -0.0041973629  -0.00080012127  0.012927119  0.0059268059  0.0019062538  
0.0010864454  0.99628452  -0.015535017  0.044931421  -0.037214723  -0.017296027  -0.010230177  -0.0017407994  -0.0066247457  0.0072740110  
-0.013303339  -0.017254781  -0.91428107  0.10549735  0.032476867  0.012607294  -0.057679297  0.37802684  0.040956916  -0.0026712755  
-0.0029089143  0.043938324  0.14978064  -0.76606074  0.12461762  0.035516683  0.11766313  0.59085764  -0.065036783  0.034010983  
-0.0046435935  -0.038224130  0.19242772  0.31587648  -0.76752371  0.033149247  0.15452061  0.47743867  -0.12033686  0.044663369  
0.0013513615  0.013084242  0.069089356  -0.023911624  -0.077863591  0.79919592  -0.39695244  0.051481835  0.37282050  -0.21816357  
-0.0064173520  0.0011019039  0.060170997  -0.0067543594  -0.065642168  -0.42412623  0.13738537  0.097280587  0.81061438  -0.35100186  
-0.0061467557  0.0037094011  0.29129426  0.54130063  0.60703953  0.019283790  -0.012994898  0.49959270  -0.012985923  0.0066684027  
0.0011948691  0.014634083  -0.076085671  0.050538876  0.093058838  0.40472597  0.81915274  -0.11560273  0.22382836  0.28506812  
-0.0045227795  -0.0094872961  0.046123281  -0.015958925  -0.046677981  -0.10732198  -0.32810276  0.040186113  0.36027635  0.86124485  
