0.99839400  -0.0020966714  -0.012313186  0.0024933944  -0.0056338822  0.00010166776  0.0029877459  0.00015480626  -0.00081820656  0.00089289648  
-0.0014198226  -0.90424266  0.034942529  0.0066956325  0.0024818386  0.11323567  0.010866413  -0.38425847  0.13103152  0.015531336  
-0.0013555232  0.072667765  -0.13973290  0.030280169  0.066667132  0.97778113  -0.0096698188  0.085036897  -0.057828325  -0.0079326190  
-0.0067835627  0.0075988846  -0.074372827  0.62555463  -0.77187540  0.022485007  -0.039147783  -0.017925285  -0.018650961  0.038337157  
-0.0038236781  -0.018572419  -0.16366654  -0.76582049  -0.61018914  0.041552514  0.086727589  0.022907968  -0.0056055655  -0.033961012  
0.011443021  0.071045600  0.96837346  -0.079410104  -0.15289765  0.15022253  0.0064076749  -0.025758272  0.030141755  0.0060088603  
0.0029750381  -0.013785722  -0.0029595646  -0.092001896  -0.024365550  -0.0049190831  -0.99376955  -0.0012310213  -0.0054289570  -0.0047655547  
0.00029152661  0.38490469  -0.058200763  -0.024293022  0.0081029502  0.040271255  -0.0016080682  -0.91293571  -0.027625848  -0.094720437  
0.00013137350  0.14153124  -0.049155700  -0.0046346864  -0.0064595798  0.040577915  -0.0079741652  0.0090408239  0.95183550  0.25824005  
0.00083092795  -0.013684161  0.0031755518  0.053206828  -0.013338711  0.0010943837  -0.0014767749  0.084039485  0.26149108  -0.95829418  
