0.99819431  0.00048430615  -0.0065860555  0.0018522338  -0.012464058  0.00061832987  -0.00042344066  0.0079234114  -0.0038937797  -0.0010055058  
-0.0011856956  0.92611035  0.013602572  0.036215180  -0.020142722  0.33011879  -0.065720142  0.014904010  0.016921667  -0.15236725  
0.0091684613  0.031701382  0.017178504  -0.49892882  0.82495938  0.0062858089  0.075404294  0.24253545  0.025079676  -0.025664560  
-0.0047863586  0.034572532  -0.36830973  -0.80256551  -0.43041857  -0.031469248  -0.061970392  -0.15106451  0.050152529  -0.0081677072  
0.0012104655  0.0028281566  0.87650843  -0.29962383  -0.25933522  -0.040625548  -0.10246662  0.23991641  -0.0012954178  0.038353381  
0.0011768613  0.32308552  0.0083792761  0.0018181093  -0.0084130027  -0.50850757  0.42368926  -0.053278944  -0.047249337  0.67008602  
-0.0010101073  -0.094723140  0.077152103  -0.050880426  -0.12188043  0.30452366  0.88840758  0.0011505898  0.013347605  -0.28647847  
0.012317428  0.0016852553  0.29196328  -0.076778437  0.21930368  0.021190744  -0.020397891  -0.92414175  -0.0062826297  -0.046739185  
0.0038430791  0.017436757  0.020795716  0.056331579  0.0027528844  -0.12274577  0.016824880  -0.0048190496  0.98759901  -0.043277227  
0.0011652277  -0.15233123  -0.0048311774  -0.029518286  0.0083805357  0.71976056  -0.051998729  -0.014079565  0.12407719  0.66027532  
