0.99874807  -0.0010533660  0.0069495753  0.0017362324  -0.0015383419  -0.0014616440  -4.1330847e-05  0.00066129376  0.0033688951  -0.00080987315  
-0.00095983363  -0.99852452  0.00045328131  0.0023210762  0.016524351  0.010179058  -0.0084082539  0.0010849867  -0.0058294315  0.0026567621  
-0.0069158112  0.00020659171  0.99822426  -0.010653573  -0.026068993  0.0092224265  0.0011391196  0.0018454389  -0.0081993109  0.0032615520  
-0.0018663684  0.0021501375  0.011097566  0.99750906  0.010288040  -0.036867450  0.00040457646  0.0074941567  -0.011730088  -0.0061381887  
-0.0012812218  -0.015612485  -0.026729362  0.013323124  -0.99463229  0.084402126  0.00030129826  -0.0072932322  -0.0017809412  -0.0081926284  
0.0015258930  0.011681257  -0.0068185897  0.035550648  0.084534000  0.99425382  -0.0016756121  0.021310716  -0.0063468226  -0.0041373889  
-0.00018626605  -0.0083874811  -0.0012150186  -0.00085090532  0.00034378369  0.00067982637  0.99727401  0.047256312  -0.0030480878  -0.020063073  
-0.00067907913  0.0011572456  -0.0019118455  -0.0083564881  -0.0090031973  -0.020564199  -0.047553044  0.99711257  -0.012349297  -0.013592784  
0.0034282530  0.0056434851  -0.0079571974  -0.012133020  0.0017876580  -0.0061587639  -0.0040784763  -0.013976609  -0.99630877  -0.063872458  
0.00094048293  0.0028198944  -0.0039841367  0.0055280469  -0.0077866693  0.0038938100  0.019067087  0.013716016  -0.064341157  0.99624010  
