0.99844248  0.00022165366  0.0052508002  0.018215667  0.0079498330  0.00073926662  -0.0028407262  0.012539936  0.00039829297  -0.0013994563  
0.0011683176  -0.92976181  0.031931077  0.015943854  -0.0072888632  -0.24844446  0.25400934  -0.034478205  0.061841731  0.018600963  
0.010369922  -0.015871124  -0.94749806  -0.28275366  -0.091241804  -0.013967703  0.055179763  0.058550022  0.062897530  -0.0038286216  
0.016881107  0.010825316  0.28023015  -0.94676920  -0.056723753  -0.10138503  -0.026295105  -0.049609674  -0.072362707  0.00066973978  
0.0056382007  0.010272524  0.086569372  0.065292264  -0.98236388  0.073335454  0.051304179  0.053567182  0.095953082  -0.016907120  
-0.0021675996  -0.20395503  -0.051953205  0.032460524  -0.070215579  -0.18793577  -0.94006774  0.0029974294  0.0028791702  0.16662021  
0.00023232248  0.29539386  -0.0043751957  0.095755224  -0.046313961  -0.93067702  0.12874773  -0.061456015  0.11046180  -0.0019459086  
0.012527358  0.0091238325  -0.068225662  0.030194164  -0.054718221  0.069463471  -0.019154527  -0.99011868  -0.020920669  -0.050405990  
0.0024800814  0.055952253  0.0098181095  -0.010727766  0.0030343346  0.051110427  0.14986552  -0.051866019  0.10532472  0.97726545  
-0.00060872547  0.021123005  0.069476205  -0.068648092  0.10285453  0.10387991  -0.054869861  -0.019243716  0.97519499  -0.10611482  
