0.99914305  0.00032385961  -0.0094841184  -0.0019656564  0.0043493253  7.2205471e-05  8.0288374e-05  -0.00041907365  -0.00030238876  -1.0609888e-05  
-0.00053595115  0.99868463  -0.019624794  -0.0036838188  -0.0017501442  0.023949448  -0.0013989622  -0.0019855358  -0.00012645176  0.0012859607  
0.0094037856  0.019660457  0.99875938  -0.0073391325  0.0092927399  0.0012850601  0.012686878  -0.00038931954  -0.00038964137  0.0013772918  
0.0020225393  0.0027142964  0.0072499242  0.99789054  -0.014581484  0.042870910  0.013129380  0.0043500666  -0.0089132006  0.0050429416  
-0.0043950032  -0.0021418270  -0.0086196844  0.0082224830  0.98543775  0.15802117  -0.045144175  0.0082152037  -0.0074423936  0.0035940746  
0.00051971615  -0.023983822  0.00012711523  -0.044967051  -0.15681610  0.98511713  0.020043789  0.017666934  0.0027875041  0.0041352412  
-0.00042105752  0.0014925917  -0.013224507  -0.011704773  0.047793661  -0.013270255  0.99777174  0.00019720498  -0.0021398343  -0.0034052416  
0.00050565970  0.0024473019  0.00031155234  -0.0038494570  -0.0055814658  -0.018701098  -0.00043378529  0.99819500  -0.036756295  -0.015934713  
0.00034577212  -0.00028947774  -0.00029108588  0.0053105077  0.0053307996  -0.0042108631  0.0032695304  0.039951086  0.87096967  0.48789146  
-0.00012926317  -0.0011710656  -0.0014624611  -0.0087131303  -0.0059937436  -0.0036485215  0.0019099965  -0.0041727653  -0.48813087  0.87172810  
