0.99872719  0.00077228647  -0.0034474261  -0.0033262842  -0.0020450928  -0.0031375691  0.0054592488  0.0026797625  0.0061148976  0.00081824620  
-0.00072612176  0.99823065  0.022054912  0.0053864489  -0.0013192543  -0.0099562785  0.0039511392  0.016214820  -0.0066815056  0.0021786986  
0.0033629077  -0.021266591  0.99453612  -0.030779193  -0.066463260  0.0014514914  -0.0014018426  -0.048480661  -0.0095920329  -0.0010265940  
0.0033436532  -0.0059940058  0.029947207  0.99790256  -0.0085424645  -0.0012873995  0.016963296  -0.010756847  0.0010442762  0.010129612  
0.0028350559  -0.00043812975  0.064518482  0.0059923553  0.99165119  0.0068550304  0.026168668  -0.022019834  -0.093552320  -0.0043952990  
0.0031501989  0.011204794  -0.0067681467  -0.00020112249  -0.011707675  0.99231106  0.050500172  -0.094924714  -0.018264657  -0.023313520  
-0.0071048301  0.0043230466  0.012152044  -0.0050559357  0.064353402  -0.014865505  0.44433965  -0.0079203329  0.83209457  -0.32102176  
-0.0022119430  -0.016300956  0.049523815  0.0093323873  0.018712070  0.095679844  0.0044095639  0.99257456  0.0063961912  -0.00086874884  
0.0034866619  0.0065537667  0.0048056131  0.018765218  0.047634758  0.039150883  -0.85530115  -0.0033940342  0.29177881  -0.42015359  
-0.0018268726  0.0026568308  0.0079872460  -0.0044245047  0.052904095  0.041320447  -0.25474441  -0.0063722970  0.45889798  0.84682788  
