0.99803935  0.0024000919  -0.0048723341  -0.0048296497  0.016682780  -0.0021591547  -0.00098809104  -0.012143643  -0.0017467276  -0.00052649548  
0.0012658373  -0.89911480  0.042334499  -0.021955828  -0.012014104  -0.41503636  0.078122776  -0.016440176  -0.0052453330  -0.083650037  
-0.017162926  -0.025668960  -0.67127772  -0.19034759  0.31375874  0.012595137  -0.0090205496  -0.63955258  -0.024943313  -0.0035907298  
0.0017353215  0.0015345871  -0.17349417  -0.89343093  -0.12962424  0.0051090781  0.0067772412  0.38428626  -0.014440422  0.056363491  
0.0039263282  0.024156773  0.35018684  -0.23588643  -0.65646068  0.036982884  0.012422043  -0.61841872  -0.044292266  0.026701713  
0.0031472674  -0.41916024  -0.0012856484  0.020710917  -0.00056815014  0.88983208  -0.10222640  0.035556016  -0.12863111  -0.010197260  
-0.0023494155  0.054855779  0.035294591  0.015520740  0.063397621  -0.094989957  0.16793454  0.020459645  -0.96957607  0.099876881  
0.012318099  -0.015025691  -0.62425719  0.31854681  -0.66743781  -0.032270467  0.0094603051  0.23442918  -0.054129989  -0.016188736  
-0.0012091953  -0.019862049  0.012727286  -0.0045906687  -0.0085799447  -0.14299866  -0.97506029  0.0011989354  -0.15308357  0.030588811  
0.00098841120  -0.086539760  -0.012636578  0.058867628  0.0082184730  -0.013644840  0.018358064  -0.0068580869  0.10217200  0.98681205  
