0.99868700  -0.0015440996  0.0076837046  -0.0022071701  0.0050457884  -0.00058154576  0.0010776188  -0.010838827  0.0037202757  0.0032195754  
0.0015662381  0.99873685  0.00093833281  0.00030408421  0.0035954298  -0.0018807204  -0.0025181324  -0.0029869910  -0.0020529105  -0.0054849576  
-0.0049161456  -0.00032721925  0.28713016  -0.95275059  0.026711995  -0.065110132  -0.0089918991  -0.039943682  0.021404012  0.0017621630  
-0.0065195679  -0.00076809796  0.94514709  0.28912611  -0.10888850  -0.084704881  -0.013760610  -0.015901742  0.030483940  0.0081087530  
-0.0048061408  -0.0030963929  0.12960086  0.038300306  0.91905148  0.33884917  0.054184973  0.0037918490  -0.12545874  -0.031090730  
0.00018347881  -0.0012140895  -0.00018172012  -0.0011566446  0.0013868677  0.22252044  -0.95420678  -0.020236886  0.18283466  0.060993807  
0.0024909023  0.0027924260  0.063559256  -0.058134286  -0.37209037  0.87862039  0.15892454  1.0888920e-05  -0.23312953  -0.013058357  
0.010650884  0.0029925829  0.026251512  -0.033763201  -0.0040457337  -0.00091658084  -0.020666167  0.99761751  0.0045711826  -0.00042826891  
-0.0048368886  0.0048002883  -0.0051703643  0.0029406604  0.040242755  0.20844944  0.23871326  0.0018379065  0.85997385  0.39452347  
-0.0014220171  0.0039509305  -0.0012756881  -0.0014065654  0.0094167852  -0.080010798  -0.035061988  0.0014131820  -0.39097936  0.91482798  
