0.99802900  0.0012270880  0.0048917108  0.00033781863  -0.00048719838  -0.0059777447  0.0030385651  -0.0025160187  0.0048755478  -0.0035706712  
-0.00098413275  0.93491687  0.017155230  -0.0012264846  0.0053941842  -0.25800141  -0.12767910  0.017139651  -0.12235071  0.15311090  
0.00047714574  -0.016133825  0.20091643  0.10695138  0.74211675  -0.026186674  0.059120074  0.62156965  0.047526247  0.024022144  
-0.0013755253  -0.0030068279  0.17947832  -0.76694075  0.42988093  0.00090770769  -0.022689878  -0.43488339  -0.023907916  -0.010521104  
-0.0042067298  -0.0027541242  0.70481488  0.50727596  0.13490655  0.040670566  -0.065545055  -0.46393306  -0.041362564  -0.030238197  
0.0018925505  -0.27896348  0.011529959  0.014277621  -0.0078228823  -0.39961949  -0.041530331  -0.035309429  -0.18787758  0.84853935  
0.0034138279  -0.12024050  -0.065055894  0.022135421  0.046886223  -0.13153772  -0.10123408  0.044441125  -0.92191968  -0.30766628  
0.0016520686  0.024831542  -0.64580704  0.37137572  0.48753962  -0.017562074  0.039990323  -0.44512232  0.051990039  0.0021603731  
-0.0043645746  0.073640290  0.066558156  -0.0022332828  -0.044564498  -0.19831711  0.96570258  -0.058266760  -0.082575697  -0.044023249  
-0.0074146189  -0.15269576  0.025135664  0.0033377449  -0.020983982  -0.84286027  -0.15859885  -0.014894022  0.28485805  -0.39320123  
