0.99881212  0.0012551327  5.7877548e-05  0.0025484380  -0.00087044912  -0.0039695759  0.014312337  7.7482617e-05  -5.4003227e-05  0.00028923669  
0.0029802313  -0.93407429  0.016881718  0.025819754  0.014255032  -0.021131646  -0.13725386  0.30246553  -0.083392329  -0.078816923  
0.0041396161  -0.025317937  -0.20475949  -0.71671700  -0.10700278  0.65338527  0.016802396  0.043818220  -0.013358939  -0.020022181  
-0.0022895337  -0.018816114  -0.66173469  -0.056757485  -0.64290760  -0.37637230  0.027471342  0.0040193249  0.020925720  -0.0067466062  
0.00028964082  -0.026915507  0.31626139  0.45761593  -0.65797126  0.49746957  -0.0062578113  -0.081286842  -0.022366278  0.0066071151  
-0.0010036775  0.0092985665  0.64571587  -0.51236991  -0.37076067  -0.42323664  0.016804214  0.032267592  0.0065611781  -0.0051379839  
-0.0076458036  0.17049039  0.019812632  0.083091769  -0.022425642  0.037621015  0.51034266  0.81506833  0.18003548  0.044851047  
0.011621616  0.26755306  -0.0046523103  0.020409914  -0.040615848  0.014027047  -0.83187841  0.44383267  0.11540465  -0.14517188  
0.0020199515  -0.043613242  -0.0076595301  -0.019487645  -0.0079284487  0.0038116434  -0.15652095  0.054236339  0.0029118010  0.98378342  
-0.00040327190  0.14410063  -0.012719330  0.010215313  -0.0099763380  -0.020973664  0.0080210231  0.17976565  -0.97140728  0.00071674939  
