0.99900056  0.00050690682  -0.00026385412  0.0044086821  -0.0042110244  0.0041133723  -0.012874147  4.2974713e-05  -0.0017214061  0.0026722668  
0.0014301191  0.89995988  0.018214747  0.0021008449  -0.012894935  -0.40841065  -0.012518848  0.0043285935  0.0053382913  -0.14375159  
0.00040912510  0.013437940  -0.97989156  -0.14098855  -0.010901882  0.0019408026  -0.0071730498  -0.12341203  -0.0017837424  -0.049686085  
-0.0028771810  0.0010605440  -0.18671524  0.75346112  0.15043800  0.0010126419  -0.014363078  0.61019766  0.010790174  -0.0026134796  
-0.0047170883  -0.0081573089  -0.019434285  0.11090277  -0.98694410  0.0018887173  0.0020030367  0.10056136  -0.00037316881  0.034104406  
0.0043918849  -0.41096733  0.021603325  0.00032806704  -0.017596399  -0.69812488  -0.014408481  0.0093183430  0.015177422  -0.58357659  
-0.00065548571  -0.00023703728  0.00087724665  -0.051918098  -0.0016075934  0.012620926  -0.18336325  0.043182168  0.97953281  0.015763475  
-0.0029864437  0.00041950687  0.0077891436  0.62847576  -0.0088075965  0.0026001215  -0.026461228  -0.77344554  0.062621223  -0.012585268  
0.012988647  0.0042213423  -0.0093326484  0.017181751  0.0033789272  -0.018595771  0.98118347  -0.0049422702  0.18521494  -0.00047265046  
0.00031762351  -0.13767575  -0.041743696  0.00055990343  0.026796649  -0.58611830  -0.0095096266  -0.015463193  -0.0063019936  0.79546370  
