0.99806688  0.00037159864  -0.0016881425  7.8683506e-05  0.00043972899  0.0020123410  0.0024486031  -0.0010471309  0.00042892812  -0.00086092619  
-0.00019637389  -0.92096280  0.053329401  -0.029274791  0.049526153  0.30944751  0.10660355  -0.0086586893  0.050230445  0.17901913  
0.00032932956  0.056656670  0.27316027  0.19877493  0.89113531  0.014533984  -0.0072852562  0.28948467  -0.016250756  -0.0061090086  
0.0012092678  -0.032957951  0.29660228  0.65457503  -0.41416046  -0.0095398242  0.0085302539  0.55296559  0.022487329  -0.0040734324  
0.0015935640  0.044806242  0.84946621  -0.49576795  -0.15648590  -0.038615922  -0.0025757599  0.015081529  0.023156896  0.0020633545  
-0.00047662078  0.31528344  -0.0034795411  -0.0021691054  -0.025736184  0.43183718  0.11248501  0.018009791  -0.055531647  0.83303832  
-0.0011848556  0.092719431  -0.011336908  0.018804472  0.022011550  0.086495036  0.14046475  -0.034812427  0.97813814  -0.031785465  
-0.00022142937  0.011197307  0.32901387  0.52909529  0.031541519  0.013525416  -0.047588654  -0.77663418  -0.029737791  0.013666199  
-0.0023100989  0.055837297  0.014266326  0.020637370  0.0050074775  -0.078850029  0.97433465  -0.036469735  -0.14426218  -0.12028183  
-0.0020469790  0.17448362  0.017144311  -0.015372146  -0.034804133  0.83572253  -0.018890849  0.0086372777  -0.10263356  -0.50465416  
