0.99906005  0.0011335015  0.0019761855  -1.3381312e-05  0.0034586954  -0.0015663911  0.00032964860  0.0010274851  0.0015422174  -0.00051558348  
0.0013532156  -0.93596433  0.022719914  -0.038444740  0.028514851  0.24731706  -0.13624511  0.033901113  -0.070967610  -0.18274394  
-0.00074458015  0.020293836  -0.70024796  -0.40412142  0.50076244  -0.064401131  -0.098114006  0.27966291  -0.028271599  0.020823793  
0.0039206869  -0.067563811  -0.58820956  -0.12937946  -0.68093577  0.018343914  0.14127513  -0.37860990  0.052761444  0.023085510  
-0.00016468622  0.0036207904  0.35590142  -0.79926532  -0.30088857  -0.0024136818  0.16350881  0.33049201  0.037853199  0.068125511  
0.00078684700  0.25445550  -0.010510879  -0.074911578  -0.13697758  0.10510158  -0.25387980  0.044062011  -0.43041623  -0.80395941  
-0.00043131750  -0.11064738  0.081581168  -0.10838786  -0.10523655  -0.70592610  -0.65462436  -0.14630205  0.062985272  0.064640941  
-0.00072304161  0.035232354  0.16568759  -0.39533045  0.38773478  0.10986212  0.070268830  -0.80101927  -0.022366864  -0.059913841  
0.0014511080  -0.074404407  0.0069392196  0.017243173  -0.014490199  -0.16345694  0.14853672  -0.030499657  -0.89126127  0.38475508  
-0.0016176283  -0.18239258  -0.0042038267  0.062008901  0.10963122  -0.62005335  0.63511689  0.012038703  0.062615812  -0.39651453  
