0.99936924  0.00031185606  -0.00042523427  -0.00041706025  -0.0031328316  -0.0034259681  -0.00068915537  0.00021300657  -0.0013384022  -0.00060412074  
0.00060689187  0.93302880  -0.0022760381  0.0054652461  0.0042631991  0.26184214  -0.16930866  -0.011791783  0.094585155  0.14798940  
0.0014087373  -0.0025233884  0.12674968  0.86069381  0.32214869  -0.0077987880  -0.0084284228  0.37087396  0.019010848  -0.0023600543  
0.00099023074  0.0088850973  0.87614647  -0.32846396  0.22367257  -0.0013032007  0.015171193  0.26931378  -0.0058816894  0.0074814160  
-0.0027065323  0.00044448450  0.29825400  0.25595794  -0.91313399  0.015993471  0.0031933479  0.098491806  -0.017463869  0.013417772  
-0.00042738545  0.26433668  -0.0058721087  0.015513532  0.0016648028  -0.049593478  0.72678247  -0.0052665647  -0.31699478  -0.54538918  
0.0032136195  -0.17675464  -0.0061090148  0.0071619467  0.013271148  0.64340601  0.54606374  -0.011483470  0.25451327  0.43598747  
0.00087307819  -0.015328138  0.35407027  0.28996365  0.10205152  0.010445837  -0.020421534  -0.88189207  -0.020369098  -0.010359426  
-0.00046732021  0.096128575  0.014796741  -0.0017872502  -0.023218588  -0.44535551  0.23473013  -0.028252957  0.85163974  -0.095133483  
-0.0017786848  0.13286450  -0.0079117354  0.012126939  0.0066067946  -0.56136558  0.29623545  -0.015094245  -0.31304291  0.69261773  
