0.99874527  0.00041568025  -0.0049073696  0.0058264737  -0.0026043924  0.0011375608  0.010295553  -0.0039122740  0.0034025466  -0.010069526  
0.00062116606  0.90625413  0.031363300  0.010506417  0.033723622  -0.40921513  0.022510308  -0.023843277  0.0043040589  0.073905772  
0.0052539245  -0.038327790  0.96501044  -0.18502536  0.043875894  -0.0051718972  -0.0065845338  -0.16763272  -0.011927001  -0.015229359  
0.0039627659  0.035999801  -0.17772259  -0.97649671  -0.038745471  0.036945998  0.050729236  0.029753818  0.067821190  -0.013360334  
-0.0032969445  0.021633613  0.0022882740  0.026763154  -0.95978022  -0.014931723  -0.030334542  -0.27149718  -0.018189428  0.010004430  
-0.0018136945  0.40175386  0.030324913  0.044070795  -0.0061210432  0.90358479  0.10536940  0.0023775088  -0.067596951  0.032474922  
-0.012234493  -0.052404447  -0.0043096045  0.047189609  -0.0059070066  -0.085237207  0.97551413  -0.089698131  0.019496324  -0.15861592  
0.0024536816  0.017893817  0.17910023  0.013740204  -0.26782653  -0.023767844  0.077868473  0.94022107  0.041711682  -0.031219660  
-0.0019817133  0.0036639491  0.020544677  0.063068606  -0.0038553013  0.059332079  0.010578595  -0.042280411  0.97479359  0.19409548  
0.0090394697  -0.092292033  0.010193074  -0.023440625  -0.0012345198  -0.025486747  0.15699814  0.026461261  -0.18901605  0.96264522  
