0.99811525  -0.0010662048  -0.0050113482  -0.0015653856  0.0061265966  0.00061124252  0.0018074698  0.0044937757  0.0057556159  -0.0028175640  
0.0013494941  0.99406837  0.036244780  -0.020089747  -0.035609821  0.019567765  -0.015233022  0.016887233  0.026485976  0.059220294  
-0.0052504853  0.040481958  -0.15622270  -0.10028215  0.94324544  0.0083871116  -0.052940825  -0.25847038  -0.0092993787  0.014009132  
-0.0020454452  -0.016010972  -0.25886365  -0.94770281  -0.13299059  -0.066884088  0.064004502  0.025325783  0.0016710511  0.059797122  
0.0053950041  -0.034562245  0.91410295  -0.26578967  0.042548842  0.0028944912  -0.058529277  -0.28706962  -0.0072807735  0.022438504  
-0.0022711154  0.030443757  0.033035887  -0.064170329  0.034874542  0.65186711  0.46512555  0.037783994  -0.15853311  -0.56702417  
0.0050888610  -0.025308024  -0.029652457  -0.021341950  -0.028857962  0.49242554  -0.39261272  0.057636695  -0.64272647  0.42437029  
-0.0048558250  -0.017628965  0.25109165  -0.078111532  0.28602047  -0.055381843  0.0033234840  0.91656073  0.036054862  0.029548423  
3.1598971e-05  -0.037069692  0.031410105  0.063622429  0.031668773  0.17201505  0.67069022  -0.034799130  0.17233149  0.69168682  
-0.0036566476  -0.042120603  -0.032805399  -0.045361135  -0.026125322  0.54020381  -0.40657953  0.015359195  0.72572988  0.084584289  
