0.99782355  0.00029318425  0.0071526967  -0.0068387229  -0.0022363041  0.0024652910  -0.00012883594  -0.0078251990  -0.016038803  0.0069848348  
-0.00063021360  -0.90727850  -0.022657656  0.0069457552  -0.020042470  0.40445810  -0.0025769228  0.020587505  0.024879385  0.083735825  
-0.0043662401  0.0055459260  0.098895928  -0.13842600  -0.97793799  -0.028465006  -0.078178656  -0.057202948  -0.0072378020  0.016500266  
0.0025960194  0.0014201667  -0.24162642  -0.70437667  0.041117632  -0.040298222  -0.032863114  0.65836178  0.040598495  0.039333790  
-0.0094608571  -0.0050973931  0.92501783  -0.29410860  0.11903111  0.049107901  0.17492112  0.031483657  -0.066788699  0.029075908  
0.0037112362  -0.39985377  0.061655498  8.8344942e-05  0.035355693  -0.89859499  -0.047337476  -0.044499977  0.13926650  -0.0020664757  
-0.015483122  -0.075550706  -0.10231981  -0.041869666  -0.0010989491  -0.12920271  0.12529513  -0.028589596  -0.96853591  0.078790601  
0.0083796616  -0.0053202919  0.16849968  0.61947927  -0.12173623  -0.041005127  0.10295593  0.74174888  -0.052278919  -0.059310327  
0.0033121101  -0.016508123  -0.16932523  -0.048412073  -0.084742660  -0.032320506  0.96131011  -0.066614026  0.14542545  -0.082817884  
-0.0049060904  0.080545287  -0.013229591  0.075382838  -0.0013828002  -0.030550886  0.074508483  0.013194367  0.085171009  0.98472550  
