0.99877215  0.00098189802  0.0054972216  -0.0023962142  0.0060416258  0.0022188349  -0.0086212212  -0.00056118030  -0.00096385736  0.00040074635  
-0.00098396721  0.99861063  0.00093868375  -0.0010626923  0.0055149667  -0.011773258  0.0086738950  -0.0073495869  0.0040479797  -0.0054633715  
0.0053177185  0.00078914733  -0.99802205  0.0090598016  0.034095592  0.013092143  0.0048054901  0.0032564678  -0.0011674579  -0.00018902175  
0.0023512577  0.0010166765  0.0082963387  0.99842770  -0.013106023  -0.011864287  -0.0013963634  0.00061691977  -0.0030905495  0.0073142239  
-0.0063091651  -0.0049238047  0.034890392  0.013712453  0.99622517  0.058102227  0.0045388960  0.0050980644  0.0021543107  -0.00026259439  
0.0018985721  -0.011895987  -0.011168602  -0.010856572  0.058419128  -0.99674183  -0.0020513491  0.015456355  0.0027389704  -0.0077534753  
0.0086076784  -0.0088785427  0.0045344383  0.0013270406  -0.0042903918  -0.0029150110  0.99765012  -0.038418823  0.010498042  0.012657515  
-0.00089962817  -0.0070251822  -0.0032708173  0.00029289228  0.0062135833  -0.015142684  -0.038828486  -0.99738479  -0.0031924016  0.029443904  
-0.00076506984  0.0037951443  0.0013714535  -0.0029508926  0.0022093725  -0.0024163093  0.010524429  0.0019856145  -0.99829541  -0.025118700  
0.00071238454  -0.0058075545  0.00023142936  0.0074077701  -0.00064108848  0.0072706519  0.011267620  -0.030175563  0.025146650  -0.99772487  
