0.99829979  0.00019116620  -0.0023818163  0.0028625230  0.0016343535  0.0012146540  -4.3588616e-05  -0.00067104780  -0.0030445709  -0.00088671334  
0.00047054470  0.90202336  0.013103454  0.0029980809  0.041987458  -0.0056893508  0.0029728973  0.39816581  0.040276273  0.14417987  
0.00092091342  0.033816230  -0.12936947  -0.084469362  -0.91827330  0.35386833  -0.025314145  0.038559722  0.014884988  -0.026834455  
-0.0031062363  0.013331722  -0.12244925  0.98748102  -0.061015412  0.033137549  0.012407861  -0.025111873  0.016770879  -0.0074514896  
0.0027751445  0.0023124250  0.88303471  0.10359866  -0.27246739  -0.35847110  -0.018779809  -0.023769830  0.047198212  0.019527949  
-0.00050920607  0.0015449531  0.42611689  0.039468467  0.26579875  0.86087157  0.023824973  -0.035511576  -0.00070207719  0.0051141865  
0.0026549941  0.0014508227  -0.033082570  -0.023515473  0.023911988  0.0056493288  0.16106121  -0.040423773  0.96759234  -0.17458004  
0.0011995051  -0.39960328  0.0056942048  0.024146416  0.00029420371  0.018941247  0.076105654  0.67502737  0.12470871  0.59907297  
0.00013567953  -0.072490806  0.0051035848  0.017502836  0.046412521  0.019296492  -0.93270280  0.23338771  0.12478970  -0.22016954  
0.00069613738  0.12909544  -0.046191642  -0.016492754  -0.017694584  0.0098329766  -0.30520745  -0.56774702  0.15784621  0.73259884  
