0.99797521  -0.00027000179  -0.0088049169  0.0038133925  0.0015446501  -0.0040968631  -0.0068947805  0.010764176  -0.0019070373  -0.0013324965  
0.00062514682  0.92982578  0.023932871  0.028285096  -0.0050042856  -0.26785760  0.20923258  -0.0090224939  0.035696307  -0.11561004  
-0.0087346607  0.019335786  -0.57115777  -0.33709546  -0.49569364  0.0049439807  0.038894055  0.55450410  0.027343518  0.00027334833  
-0.0053549582  0.027852921  -0.26752099  -0.35507996  0.85069684  -0.0020884724  -0.015409497  0.26939361  -0.018013028  -0.0050775542  
0.0091726583  0.0053503532  0.48468470  -0.84082306  -0.15082456  -0.020030711  -0.028162897  -0.14888137  0.083280794  -0.023673029  
0.00095940695  0.28104164  -0.016143165  0.027580842  0.0011149923  0.78496994  -0.38541222  -0.0064111540  0.36462813  -0.13756405  
0.00018070860  -0.19803266  -0.065057439  0.057184611  0.038502422  -0.32475114  0.12077731  -0.037300988  0.83313156  -0.36377116  
0.0036969267  0.019188574  -0.59724752  -0.20780569  -0.033096385  0.0077812461  -0.0013690485  -0.76906420  -0.056407826  0.0025709866  
0.0087761318  -0.045522112  0.026195706  -0.017755831  0.031548383  0.41628631  0.85398748  -0.024938144  0.14324486  0.26110405  
-0.00061549994  0.098761933  -0.020918029  0.013080630  0.0073766740  -0.17178079  -0.23945200  -0.010590406  0.36884986  0.87328647  
