0.99761647  0.0023691142  0.0084083742  0.0034589172  -0.011243325  -0.00023676500  0.0016998521  0.0087132927  0.010067457  0.0042774390  
-0.0026356411  0.99625275  -0.032170219  0.015291251  0.018819890  -0.013568673  -0.015165994  0.025988697  0.017397859  0.0017270583  
0.0061441961  -0.034873134  -0.98209528  0.078098903  -0.033079644  6.6887256e-06  0.086722648  0.10430697  0.061497314  -0.019671430  
0.0027330068  0.015911901  -0.081574257  -0.98028256  -0.14621555  -0.035864647  -0.0065557456  -0.062906033  -0.0032524152  0.030637722  
-0.012248329  0.019203485  0.051937028  0.14029697  -0.98179813  0.026010710  0.069520814  -0.010595507  0.043582411  -0.038528755  
0.0019129238  0.014278791  -0.018589820  -0.035043624  0.010586794  0.98614448  -0.082980464  -0.010498310  -0.11372004  -0.027122381  
0.010420871  0.014049217  -0.069361903  0.023985099  -0.050832937  -0.12057622  -0.073414909  -0.047427851  -0.98206092  -0.020111456  
0.0091714936  0.021737632  -0.089576540  0.064918826  0.025339295  0.00047221809  0.079894454  -0.98486633  0.049614731  -0.054517416  
0.00019157309  -0.017163632  -0.085452776  0.038849096  -0.073291365  -0.062803403  -0.94815137  -0.078599743  0.087797870  0.25328819  
-0.0041825009  0.0042457882  2.9950992e-05  0.031344500  -0.015305307  0.043811795  0.25518529  -0.032876497  -0.040949183  0.96148079  
