0.99850458  -0.00073242810  -0.0075953382  0.0022438236  0.0077972669  0.00066558602  -0.00031695275  0.011608122  0.0087756925  0.0018887375  
0.00082135361  0.99497059  -0.00023843325  -0.0036205402  -0.0030294869  0.030063118  0.020930376  -0.010829554  -0.0055158844  0.074991420  
-0.0086651032  0.0044738335  -0.17517787  -0.10150243  0.95984211  0.012477849  -0.14618106  0.071516246  -0.090850756  0.012897130  
0.0052790551  -0.0028877751  0.037951759  0.75841938  0.12506748  -0.0075515565  -0.039527638  -0.63379230  -0.035660433  0.00042537560  
0.0059042321  0.0017980732  0.98060520  -0.039056758  0.15811505  0.031906891  -0.075835253  0.048277820  -0.013321918  -0.0014155753  
0.00017709099  0.034414602  -0.040346688  -0.013099001  -0.053414718  0.67964007  -0.35679232  -0.020289378  0.092212020  -0.62719417  
-0.0092900600  -0.031091637  0.0034515066  0.036368817  0.11342238  0.29224049  0.22780702  -0.00020863797  0.86786012  0.30241225  
-0.010412123  0.011360364  -0.015165352  0.63872892  0.0013744394  0.014375370  -0.026351419  0.76622541  -0.021175003  -0.0094292877  
-0.00065441489  -0.028301410  -0.042155766  -0.020522530  -0.14016145  0.080639929  -0.80776465  -0.0052023996  0.0079213418  0.56174780  
0.0030663484  -0.063415390  0.0018125615  -0.0013628498  -0.0023888673  0.66419950  0.36840175  -0.0053048505  -0.47448114  0.43704552  
