0.99854716  0.0010763989  0.013111804  -0.00046674704  0.0045067071  -0.0058344396  0.0044969447  0.015843954  0.0038822857  -0.0013110388  
-0.0010753309  0.99837607  -0.019513191  -0.0075369476  -0.0019877582  0.0062364783  0.0019506175  0.016806551  -0.00037991032  -0.00047111386  
-0.015895216  0.015230639  0.94854423  -0.15331437  0.22517501  -0.00049367369  -0.0088688696  0.15046026  -0.0043455087  -0.00026445237  
-0.0025046599  0.0091961049  0.12708550  0.98375449  0.098438871  -0.00044172301  0.013242319  0.054020807  0.0013079172  0.0069684141  
0.00096230266  -0.00036105393  -0.21691211  -0.058976048  0.95554711  0.00036831287  -0.12321787  -0.12816237  0.048480567  0.0068948341  
0.0049835258  -0.0072499141  -0.0080734598  -0.0015226952  0.0038595437  0.99740778  0.0013502769  0.049040238  0.011308105  -0.00079788019  
-0.0048704886  -0.0021478038  -0.021108338  -0.021489766  0.11883057  -0.0020439138  0.98722018  -0.0083012093  0.037501186  -0.076636356  
-0.013716736  -0.019789761  -0.18178365  -0.038560340  0.086396288  -0.049834130  -0.0070603855  0.97591505  -0.0015303004  0.00074931549  
-0.0037236189  0.00060346074  0.014868514  0.00067118824  -0.049409302  -0.011068103  -0.021735459  0.0078100779  0.98942044  0.12305876  
0.0012597938  0.00018811937  -0.0024640160  -0.0083423794  0.0080166532  0.0020762653  0.080063594  -0.0017181898  -0.12070832  0.98779411  
