0.99870132  0.00060436609  0.0037304479  0.0028255149  -0.0035466676  0.00040499304  -0.0068400254  -7.4753338e-05  0.00083936348  -0.0010600684  
-0.00092595157  0.92065917  0.014096093  -0.0047486511  -0.013415812  0.040867684  -0.030535307  0.34147808  -0.13460053  -0.10969875  
0.00020947688  -0.025027690  -0.12879909  -0.044420642  0.059697101  0.98559490  -0.036609031  -0.044407144  0.0050092824  0.00087503281  
0.0038233224  -0.0042954989  0.057189220  -0.79816962  0.58698908  -0.063479968  -0.045320252  0.053354933  0.043052875  0.036950630  
0.0022450093  0.017519890  -0.21682430  0.56723498  0.79068485  -0.049272651  0.019169479  -0.00052529958  -0.022652616  0.00050051629  
-0.0033809103  -0.018020422  0.96345189  0.17040185  0.15025680  0.12578253  0.029878493  0.015026458  0.014922768  0.013917504  
0.0069192473  -0.050462341  -0.033500448  -0.040445007  0.0010362493  0.038813076  0.96537150  0.23870260  0.033497965  0.021922005  
0.0014162238  0.34598761  0.020859259  -0.051448497  0.027420557  -0.024277436  0.24042757  -0.90300931  0.012447964  0.0034676998  
-0.0014647822  0.049212334  -0.0085766947  0.024456057  0.0035867492  -0.0024687548  -0.018790826  0.021944483  0.83600763  -0.54282892  
-5.3422970e-05  -0.15428914  0.021343889  -0.049059564  0.028779164  -0.0026023140  0.040634492  -0.054329522  -0.52589380  -0.82995018  
