0.99871033  0.00055461688  -0.0065655620  0.0046199688  -0.0015678697  -0.0014471029  -0.0077983719  0.0073743655  0.0019736837  0.0033619431  
-0.00053380730  0.99868268  -0.00070333945  -0.0055987931  -0.00037147310  -0.0051389614  0.0016431288  0.00043186912  0.00018633782  -0.0011072649  
0.0068898135  0.00050406215  0.99678519  -0.057215779  -0.020702467  -0.0017893901  0.0026036336  -0.0024090842  -0.0092995974  0.0077759786  
-0.0041808294  0.0059061141  0.057407641  0.99664756  0.016541827  0.00014187494  0.0026813409  0.00068351831  0.0032547023  0.0017163312  
0.0017018823  0.00034422014  0.019337502  -0.017525021  0.99741638  -0.0021644283  -0.021523227  -0.0019442545  -0.039192637  0.0083847915  
0.0020553131  0.0049232386  -0.0010026216  4.2915266e-05  -0.0031416187  0.97291960  0.10286720  0.017191474  -0.16795596  0.10911934  
0.0041910498  -0.00075668150  0.0097950417  -0.0043065126  0.043548743  0.12495972  0.48987576  -0.0047220069  0.75561310  -0.41047273  
-0.0071971628  -0.00059036363  0.0025120462  -0.00092716104  0.0020432977  -0.017130860  0.0050085023  0.99851186  0.0036780979  -0.0031724998  
-0.0040512671  0.0014819858  0.0084195911  0.0020540225  -0.0054249241  0.17413108  -0.77159471  0.0044522670  0.15118555  -0.59043174  
-0.0064457653  0.0016199295  0.0017274280  -0.0024810793  0.010045724  0.069667293  -0.38813870  0.0030121057  0.61152501  0.68409068  
