0.99813068  0.0016701256  0.00071427954  0.0021041714  -0.00020142176  0.0025526154  -0.0051339635  -0.0019511200  -0.0050746434  -0.00086888811  
-0.0017046228  0.99755557  0.021080987  0.0025563314  0.016345964  -0.020294657  -0.0033135230  -0.0082295061  0.00084762424  -0.0017571503  
-0.0028318077  -0.011035919  0.32354154  0.90120993  -0.022007254  0.00087995885  -0.030852165  -0.27554523  -0.025646794  0.017863818  
-0.0010502913  0.016886062  -0.87341817  0.18027987  -0.15109695  0.0034267081  -0.033984075  -0.41836722  -0.034479843  -0.0094222649  
-0.00020690212  -0.013342293  -0.14768137  0.071327926  0.98306320  -0.00081086741  -0.048169371  -0.012425534  -0.0019180537  0.010371461  
-0.0029421886  0.019597843  0.015003156  -0.014080084  0.0029257029  0.99587335  -0.033377525  -0.024588295  -0.011667797  -0.050050046  
0.0050042080  0.0032827305  -0.019665715  0.028858954  0.043317605  0.033894044  0.99435031  -0.045649971  0.025225502  0.016503103  
0.0012113029  0.014858861  -0.32400300  0.37918990  -0.063908655  0.032031157  0.023780223  0.86132444  0.0032335118  0.0013324675  
0.0047202482  -0.00074502961  -0.019535092  0.029067246  -0.0036067941  0.0062308717  -0.026033509  -0.023523859  0.99261742  -0.091806993  
0.0010427129  0.0031138780  -0.012860416  -0.014324995  -0.012142326  0.050060061  -0.019638160  -0.0027318601  0.091401624  0.99222819  
