0.99842544  0.00021461126  -0.010111711  -0.0042203751  0.0033508096  0.0052999182  -0.0021872967  -1.5449345e-05  -0.00082944156  0.00098704243  
0.00038430868  -0.89327631  0.029251272  -0.014221560  -0.056608556  0.034558039  0.0045271766  -0.43125147  -0.082636235  0.025630932  
-0.00018130139  -0.056042527  -0.11537652  0.14883646  0.79420183  -0.57001589  -0.0063274027  -0.047200981  -0.0032341930  -0.020350736  
0.0063454523  0.0024732988  -0.082059226  0.72310608  -0.48936612  -0.47579852  -0.025305655  -0.0067838358  -0.0084847067  0.0092129710  
-0.010138260  -0.024562224  -0.97014375  -0.20076490  -0.11761599  -0.017248524  -0.0066576580  0.0043975430  0.0019462322  -0.022171261  
-0.0035899122  -0.0075681643  -0.18451173  0.63987398  0.32867915  0.66254362  0.076848181  -0.0086817360  0.011459146  0.010776173  
0.0025849439  0.0048857265  0.0050117814  -0.031150287  -0.033433750  -0.066983236  0.99491854  -0.00022054194  0.0010754403  -0.011071830  
0.00041965087  -0.43875177  0.010525957  0.013241279  0.013588782  -0.011767458  0.0023711347  0.89304633  0.076450182  0.021131077  
0.00030895230  -0.024637944  -0.0049132593  -0.0085523662  -0.0036566581  -0.015358644  0.0025874961  -0.099022046  0.90574992  0.40692759  
0.0013370496  -0.044631983  0.021958152  0.012913022  -0.018522776  0.010720668  -0.010271230  -0.034796719  0.40418058  -0.91031786  
