0.99919232  -0.00070259625  -0.0029159914  0.00066683223  -0.0012903297  0.0017270458  0.0011277646  0.00071942296  0.00076170374  -0.00024647007  
0.00080248942  0.99868957  -0.00016684808  -0.027142104  -0.014251426  -0.0066929732  0.00066379471  0.00079021896  -0.00062720585  -0.00026495897  
0.0029533583  4.9838697e-05  0.99875079  -0.0044287880  -0.00034801608  0.00052215644  -0.025357496  0.0018055021  -0.0032714880  0.00038636518  
-0.00059961502  0.027171170  0.0044289299  0.99859204  -0.0014265290  0.0083406267  -0.0060490262  -0.0060849880  0.0049904540  0.0099232741  
0.0013604474  0.014113095  0.00073144298  0.0012663442  0.99874170  -0.024365465  0.011127884  -0.0046460514  0.0041074844  0.0056491676  
-0.0016644612  0.0068488411  -0.00011175362  -0.0086256917  0.024181980  0.99863223  0.0067267373  -0.012083415  0.0081309970  -0.0026618141  
-0.0010229990  -0.00073526832  0.025339191  0.0059985739  -0.011282947  -0.0062567339  0.99861959  0.0070120446  -0.0031259344  0.0067561558  
-0.00066080769  -0.00052439068  -0.0019392810  0.0060151704  0.0050546100  0.012042281  -0.0069203074  0.99890791  0.0026039851  -0.0061796860  
-0.00060078109  0.00037840860  0.0033046869  -0.0053544806  -0.0045573185  -0.0079859732  0.0025910147  -0.0021501368  0.99823892  0.039356435  
0.00028431122  -9.7800450e-05  -0.00074850742  -0.0097325457  -0.0052608713  0.0031469296  -0.0070831919  0.0062100176  -0.039397507  0.99824929  
