0.99872338  -0.0021466068  0.0082635464  0.0083099045  -0.015845326  0.0021233924  -0.0026502729  -0.0055962847  0.0082913733  -0.0014748463  
-0.0012084997  -0.91092860  0.0015904946  0.00013830690  -0.0026457727  -0.34656475  0.16303104  0.015967011  0.033994176  -0.14073438  
0.017824786  0.0058796478  -0.40967276  -0.41537936  0.76299125  -0.014697854  0.015805813  -0.26542350  -0.040544572  -0.043490868  
-0.0057317761  0.020051780  -0.26851841  -0.53168372  -0.61284374  -0.078593223  -0.020161732  -0.50944011  -0.0040358707  -0.0088768717  
0.0022134817  0.0090697035  0.67810784  -0.67533276  0.084497863  -0.015439168  -0.071452503  0.25255537  0.045334928  -0.057608948  
-0.0016213448  -0.35441863  -0.014613459  -0.088442104  -0.0070450451  0.69277486  -0.0047153307  -0.023440649  0.11665333  0.60844887  
0.0019531752  0.13862117  0.074540346  -0.039467853  -0.014178955  0.11075502  0.97764864  -0.030463671  -0.0079325920  -0.041716942  
0.0091052430  0.026240604  -0.53256579  -0.27596847  -0.16939170  -0.027326948  0.051633799  0.77561801  -0.046884992  0.030842210  
-0.0076132541  0.046476687  -0.082314039  0.0085797834  0.0058433010  0.062076446  -0.0078308598  0.016363665  0.96537729  -0.22852217  
-0.0016285938  -0.14046667  -0.038814469  -0.0013387000  -0.057343159  0.61178081  -0.080201125  0.0087132392  -0.21127307  -0.73973864  
