0.99875474  -0.00084906138  0.0017353974  -0.00037108121  0.0088149028  0.0032089762  -0.0085377626  0.0076276972  -0.0089525736  0.0039834657  
0.00090367611  0.99854989  -0.0067782916  0.014811807  0.0031959980  0.0091889726  0.0061804383  -0.0088554637  -0.0020655048  -0.00093220607  
0.0035899727  0.012250241  0.00066226159  -0.94837647  -0.18717476  -0.0015360265  0.035188871  -0.24727619  0.021198332  0.0055727970  
0.0044612054  -0.0095570060  -0.97277067  0.062929937  -0.049183548  -0.0061895783  0.073164166  -0.19716725  0.011569149  -0.0087190526  
-0.0069363895  -0.0019493173  -0.039954372  -0.17341260  0.97123855  -0.0082283449  0.14105188  -0.048667071  0.012953804  0.013568737  
-0.0024170414  -0.0092942093  -0.0045293252  -0.0042865369  9.5928432e-05  0.99398966  0.063548825  0.016841577  -0.0022150981  -0.074204704  
0.0084062151  -0.0050440061  0.074034878  0.050946768  -0.12874024  -0.054303308  0.97619509  0.039585605  -0.049848155  0.11127221  
-0.0069360647  0.010881024  -0.20820451  -0.24606063  -0.0037480289  -0.016933506  -0.011022316  0.94506669  0.0025433627  0.0019792357  
0.010222946  0.0014505288  0.019288958  0.023646701  -0.014574777  -0.018145249  0.067852626  0.0087803135  0.97255240  -0.21419908  
-0.0029031454  0.00099146242  -0.012305694  0.0079901781  -0.0014064273  0.078634169  -0.093786692  -0.0029970878  0.22082497  0.96613377  
