0.99802585  -0.0037141376  -0.0092662904  0.0024503347  0.0069264938  -0.00081901096  -0.00022415030  0.021209641  0.0013140895  -0.0017091489  
0.0038265255  0.99819406  -0.00018769791  -0.0021082155  0.0015882439  0.0085399412  -0.0054321707  0.0040358816  -0.0045278351  0.00014648859  
0.014982543  0.0025129513  0.83686779  0.23077713  -0.43672905  -0.00022928478  0.013247132  -0.22624362  0.013105566  -0.0041410679  
-0.0065552831  0.0012655503  -0.11251559  0.95585893  0.25607049  0.0011381217  -0.016219766  0.063673293  -0.0068839572  -0.0047453404  
0.0051866337  -0.0013524449  0.39209617  -0.15729117  0.82913778  -0.0048195896  -0.14744906  -0.32244670  -0.064437357  0.021767208  
-0.00040040016  -0.0085985195  0.028042464  -0.0065459405  0.017292379  0.99556543  0.0038972238  0.063270505  0.011349823  0.0059778392  
0.00067113685  0.0053270192  0.044676889  -0.011291140  0.13484694  -0.0039321037  0.98403594  -0.047788790  -0.0064844753  -0.072700603  
-0.017134361  -0.0033396691  0.35577761  -0.065560255  0.17434531  -0.071656725  0.0031259116  0.91078139  0.0022951978  -0.00064273728  
-0.0013004048  0.0044934162  0.013007701  -0.0074467394  0.061814950  -0.010327763  -0.013214017  -0.020818740  0.98744752  -0.12856292  
0.0015076985  0.00091234514  -0.00067906831  0.0070921084  -0.00088320420  -0.0076821771  0.073775824  0.00051898330  0.12980730  0.98684337  
