0.99896483  0.00074662764  0.0063079421  -0.0037451713  0.0013078707  0.0018698723  0.0067770999  0.0048622547  0.0016549788  -0.00019779360  
-0.00024917291  0.94131352  0.049726931  -0.030255625  -0.0045806895  -0.017919013  0.085261083  -0.27396078  -0.013169082  -0.16028118  
-0.00025741567  -0.025972193  -0.10752725  -0.68524795  -0.022455334  -0.71271623  -0.015146338  0.00033394146  -0.083852883  0.021817105  
0.00085512996  0.043401305  -0.59750273  -0.52224624  -0.065335524  0.59734385  -0.047533773  0.044713851  -0.029788178  0.0039484275  
-0.0012938333  -0.015799650  0.23652831  -0.081658012  -0.96111746  0.067284475  0.063186807  0.017315237  0.047913304  0.016161604  
0.0077218796  0.042759542  -0.75098513  0.49207714  -0.25403042  -0.35293998  -0.017328866  -0.0083605847  -0.0072278119  -0.021332550  
-0.00038103833  0.10051212  0.042016283  0.072485403  -0.026021334  0.035176540  0.081733924  0.25784513  -0.91427617  0.26433630  
-0.00043586483  0.25241642  0.0064830390  0.011551795  0.014581214  -0.030091471  -0.23429159  0.29724101  0.32896774  0.82556157  
0.0067409598  0.031103549  0.067394755  0.023094792  -0.060838068  0.00022698737  -0.96011121  -0.055951941  -0.14983600  -0.20172664  
0.0049066258  -0.18022236  -0.023866080  -4.3697227e-05  -0.017275190  0.040792100  -0.021772906  -0.87323815  -0.14473793  0.42304513  
