0.99888988  0.0013040471  0.0034648362  0.0017602055  -0.0020100228  0.0036241674  0.0027703445  -0.0032136928  -0.0015651002  -0.0014808485  
-0.0011649131  0.99837226  0.0085511832  -0.019191867  -0.0055898278  0.0074562516  -0.010828732  0.016729982  0.0029260477  0.010054557  
-0.0027999061  0.0083886121  0.65558860  0.70255616  0.24837274  -0.00040796934  -0.098656761  0.0064176213  0.026245627  -0.043241226  
-0.00039149763  0.018486269  -0.59925165  0.70346627  -0.32352311  0.0056758213  0.18688794  -0.013557386  -0.0050634690  0.059644933  
0.0039898004  0.0072723355  -0.45513493  0.083600400  0.80780225  -0.0043595911  -0.35027965  -0.015677736  0.037665343  -0.081463260  
-0.0032240292  -0.0089978003  0.00014345878  -0.0034105091  0.015989913  0.99321154  0.017885030  0.10407010  0.0033711415  0.0045350925  
-0.0024223925  0.014633115  0.0083928393  -0.026464689  0.33994960  -0.019630796  0.82896335  0.016400640  -0.22858614  -0.37573126  
0.0036893947  -0.015717436  -0.020072092  0.0076097607  -0.0018805168  -0.10377869  -0.019561440  0.99299246  0.0039426481  -0.00013577980  
-0.00072965514  0.0049814979  -0.032309514  0.012649454  -0.23444330  0.012609972  -0.26163919  -0.0058607150  0.19899888  -0.91293295  
0.0011048676  -0.00091695397  0.0055907685  -0.027925066  0.090194768  -0.010297614  0.27174807  0.00099252059  0.95064641  0.10554740  
