0.99840319  0.0013090285  -0.0065075138  0.0083526716  0.0043456327  0.00082053053  -0.0039666945  -0.010567332  0.0050916439  0.0019532540  
-0.0013713855  0.99804838  0.0099198291  -0.011285472  -0.010691779  0.0054240509  0.0035570969  -0.020815876  -0.0020353304  -0.0012202152  
0.0099394450  -0.016386236  0.86973538  -0.34158862  -0.34970741  0.0015826860  -0.024570784  -0.013616124  -0.017998321  -0.0028418131  
-0.0053368283  0.0081134104  0.41115746  0.89780916  0.14307727  -0.0017911221  0.0092664453  0.014784616  0.024195455  0.0012376143  
-0.00020810286  0.0042866001  0.25533647  -0.25547552  0.90437438  -0.0032433422  -0.17354268  -0.016060898  -0.13464251  -0.018773320  
0.00053893792  -0.0023659205  0.0011243821  -0.0016552975  0.0040756156  0.98853546  -0.016629932  0.13913655  0.013818881  -0.0014271030  
0.0042513566  -0.0032074558  0.061800835  -0.060311066  0.14648487  0.015821227  0.97949952  0.0054726762  -0.056699077  0.069264937  
0.010759388  0.021110137  0.0098276401  -0.022195963  0.0069755400  -0.13934631  -0.0063697766  0.98807396  0.00097971702  0.0044217528  
-0.0051018480  0.0022188305  0.043577169  -0.065394144  0.11969518  -0.012567194  0.015162030  -0.0063185385  0.96150782  0.22749759  
-0.0012623851  0.00088462612  -0.0076772519  0.012601314  -0.022302275  0.0036460493  -0.076833262  -0.0035617553  -0.22405123  0.96944382  
