0.99883983  -0.00070601232  0.010897674  0.00026209975  0.0022042016  -0.00086822522  0.011378619  -0.00056222741  -9.4734427e-06  -0.00043257723  
0.00081901060  0.99875181  0.0014570189  0.0037019173  -0.0018433129  0.014380807  -0.00013237098  0.0036325279  0.00066844740  0.00068496609  
-0.010861716  -0.0013245645  0.99868384  -0.010123276  -0.010748524  -0.0035264279  -0.0027975024  0.0021356353  0.00045522946  0.0010115291  
-0.00045241427  -0.0030423630  0.0098690638  0.99796477  -0.0054553883  -0.037763893  -0.0051535798  -0.0015340141  0.0013134503  -0.0070922704  
-0.0021073719  0.0013392574  0.010857285  0.0066361493  0.99788216  0.041158421  -0.015506174  -0.0023718338  0.00097414031  0.00038498265  
0.00094080518  -0.014628077  0.0035753192  0.037459177  -0.041410612  0.99705959  -0.0020165810  0.016599334  0.0044931606  0.0048221733  
-0.011422916  0.00012383506  0.0028232613  0.0053256262  0.015299492  0.0023034686  0.99862048  0.00083472643  0.0012145840  0.0014549866  
0.00062385441  -0.0034055302  -0.0022687508  0.0011692720  0.0028933115  -0.016921064  -0.00087234259  0.99730368  0.032406685  0.043199083  
-0.00013658441  -0.00045371311  -0.00040944980  -0.0017432851  -0.00073704235  -0.0038049601  -0.0011370999  -0.031135487  0.99796858  -0.029287743  
0.00052579621  -0.00049921216  -0.00078674830  0.0068032860  -0.00038905407  -0.0045521246  -0.0018851515  -0.044236167  0.027899412  0.99750943  
