0.99810761  -0.00059864569  0.0072669115  -0.00012837938  -0.00079965570  0.00064815144  -0.012838626  -0.0012905142  0.0011664139  -0.00084691742  
0.00066050193  0.99799892  -0.0061538368  0.013007778  0.0056736452  -0.0014726776  -0.00028534740  -0.0043980361  -0.0018001052  -0.0011285440  
-0.0073302545  0.0062056592  0.99802408  0.0012947010  -0.0093479400  0.00039254126  -0.0028067489  0.00047958231  -0.00081754927  0.0010078350  
0.00015996759  -0.012735444  -0.0017611181  0.99647505  -0.051152997  -0.010746780  0.0065306077  0.0043769191  0.013515494  0.0031121986  
0.00049615065  -0.0061871523  0.0093259984  0.051030975  0.99586569  -0.037343876  -0.025076484  -0.0015688257  0.0047614287  -0.0024846634  
-0.00032551768  0.0010194255  0.00030568189  0.012727432  0.036626551  0.99743401  0.0033619756  -0.0036728335  -0.0059155531  -0.011133113  
0.012816275  0.00022805254  0.0032329952  -0.0052353561  0.025175375  -0.0043337183  0.99770154  -0.00012861736  -0.0039226263  -0.0027692704  
0.0012895490  0.0044171844  -0.00056680745  -0.0036081639  0.0021181376  0.0036520993  -7.7146233e-07  0.99689661  -0.045333205  0.023953333  
-0.00097908671  0.0021733811  0.00078100111  -0.013724473  -0.0038257888  0.0061558647  0.0036606894  0.045767966  0.99681986  -0.022566101  
0.00068879113  0.0011070614  -0.00083715155  -0.0030580734  0.0029648674  0.011132587  0.0027453658  -0.022936601  0.023541742  0.99763461  
