0.99890156  0.0014001699  0.0016353598  0.0010213597  0.00026667158  -0.0010831123  -0.0016279758  0.00092820438  0.0074285939  0.00099484570  
0.0014525229  -0.99765835  0.0046734917  0.0047327189  0.0081291800  -0.025028797  -0.0085455023  0.017490507  -0.010830342  0.034637772  
-0.0011101334  -0.0019608590  0.91354891  0.12068399  -0.16727520  0.0054207169  0.082587705  -0.33504675  0.0015731839  0.038567119  
-0.0014171759  0.015982013  0.18117323  0.70105654  0.38179578  0.040050199  0.046542122  0.56880968  -0.0031202864  0.0053795810  
0.0015049895  -0.0044548912  -0.15170419  0.17386037  0.69356278  0.0068024267  0.18013556  -0.64746493  -0.095468652  0.050959406  
-0.0017505103  -0.0079229646  -0.037352751  0.10447751  -0.061256512  -0.71560529  0.27833046  -0.041158633  0.25334772  -0.57124772  
-0.0018799311  -0.022256402  0.055841203  0.063133265  0.12826426  0.23829252  -0.73410532  -0.13147837  0.17474825  -0.57458242  
0.00032584734  -0.0075691596  -0.31847043  0.66666152  -0.55850636  0.088450470  -0.046449870  -0.34858850  -0.0051134392  0.092116249  
0.0071651117  -0.014840078  -0.00060803291  -0.0074126584  -0.095556175  0.19182382  0.22428098  0.042227320  -0.81434141  -0.48599682  
0.0015511268  0.036281810  0.036915994  0.044759320  0.041327389  -0.61819893  -0.53613639  -0.013747960  -0.48016327  0.30200989  
