0.99863968  -0.00058397842  -0.0017166736  0.0034790370  0.00058796927  0.0021731947  -0.0087440223  0.0014067120  -0.0086123993  -0.0019922376  
0.00054419507  0.99795258  -0.020272755  -0.0050019203  0.0051955123  0.0086444553  0.00012665207  -0.027385537  -0.0013508451  5.9502833e-05  
0.0016784442  0.026034489  0.96486332  -0.052490635  -0.015515977  0.010806502  0.010329742  0.24963814  -0.00089946682  -0.00013716269  
-0.0034967121  0.0057305088  0.059342792  0.99607908  -0.020410287  -0.0015710436  -0.026469575  -0.020899424  0.0016883910  -0.0085584910  
-0.0012638648  -0.00030037790  -0.035772213  0.028326068  0.97020173  0.0076706222  0.074785475  0.20086423  -0.089400631  -0.0059526745  
-0.0025578141  -0.011009976  0.012393773  -0.00059507581  0.0049540120  0.99253607  0.0080955269  -0.090120930  -0.061620206  -8.8819863e-05  
0.0087960835  0.00023389057  -0.010035333  0.024780259  -0.074064171  -0.0053055939  0.99202088  -0.0014455215  0.038086652  -0.075008615  
-0.0019639688  0.021295622  -0.24645819  0.029813523  -0.20349548  0.090142335  -0.016790717  0.94095527  0.0059223372  0.00022546736  
0.0082639383  0.00051575494  3.3067875e-05  0.00037493311  0.091800068  0.061781781  -0.026006946  0.0072315503  0.98993805  0.065619134  
0.0020272050  -3.2784794e-05  -0.00027940520  0.010677821  -0.0059687008  -0.0043513252  0.076922910  0.00025651395  -0.062984506  0.99375129  
