0.99890227  0.00038167480  -0.0043608213  0.0066387314  -0.0011269855  -0.0047801523  0.0038696836  -0.0057274665  0.0015301481  -0.0034789912  
-0.00041142489  0.99824190  -0.024139097  0.013852396  -0.00080183632  0.0082964831  0.0033325290  0.021917713  0.00014313826  -0.0073876527  
0.0034868153  0.021980239  0.98664410  0.14150749  0.058840584  -0.00054581387  -0.010763701  0.0071349484  0.0011600786  0.011299891  
-0.0072568191  -0.017012286  -0.13937501  0.98810725  -0.034006788  0.00029696234  -0.015234044  -0.0093493897  0.0067837801  -0.0046538334  
0.0013644136  -0.00064531006  -0.064347308  0.023659190  0.98780025  -0.0012284752  -0.11293603  0.018705490  0.0011015962  0.064865839  
0.0042216032  -0.0069607096  0.0011690072  0.00058296843  0.0082508036  0.99457480  0.048024272  -0.061050040  -0.051162087  -0.0040108923  
-0.0041991910  -0.0040879973  0.0019725764  0.019071314  0.11800866  -0.047637187  0.98622237  0.017892944  0.0048649662  -0.090228075  
0.0059999618  -0.022550063  -0.0066516484  0.0072720140  -0.020854663  0.061676317  -0.012563260  0.99640374  -0.0019980030  0.00098033198  
-0.0014352370  -0.00089794823  0.00044097662  -0.0070760479  0.0025810997  0.051166600  -0.0087618853  -0.0011111298  0.99527985  -0.066986188  
0.0029004409  0.0067254888  -0.0075665042  0.0028825552  -0.054536771  0.0032898942  0.096975496  -0.00090912300  0.067462409  0.99036068  
