0.99826143  -0.00069285056  -0.0010972542  0.0020363826  -0.0011196752  -0.013269221  0.00039130082  -0.00082362112  0.0015827718  0.0013549126  
-0.00077361988  -0.99676339  0.0071815417  -0.014788472  -0.00050305561  -0.0044500669  -0.045111866  0.00072156798  -0.0012636236  0.028277081  
-0.0012361313  -0.0098527777  -0.97915876  0.18549217  -0.052274661  0.022265727  0.0010883887  0.0049199348  -0.0046430597  0.00029494022  
-0.00043859804  0.013398052  -0.18514848  -0.96572159  -0.029612693  -0.16667631  0.0082448529  0.010957419  0.016155617  -0.00099858467  
0.0010704244  -0.0010989206  -0.056658517  -0.019349352  0.99658924  -0.00099964425  0.0066276268  -0.0051986840  -0.0029817057  -0.0073803954  
-0.013437960  0.0015083468  0.0098550631  0.16825262  0.0029511596  -0.98373851  0.012021781  -0.0017856566  0.0023470658  -0.0053360995  
0.00035190800  0.043605451  -0.0045621603  -0.0086541257  0.0046332477  -0.013010904  -0.96404078  -0.24448996  -0.071857538  -0.0031429713  
0.00076162095  0.013298584  0.0055938296  0.0074854141  0.0074574261  -0.0036388994  -0.24067475  0.96549671  -0.051061494  0.059052443  
0.0012974747  -0.027088658  0.00055603018  0.0023564598  -0.0063181105  0.0055469889  -0.022403582  0.060979543  0.11824372  -0.98863335  
0.0016168902  -0.0055631829  0.0018244521  -0.015669091  -0.0047773891  -0.0033224633  0.080190649  -0.024674266  -0.98715396  -0.12149053  
