0.99869660  -4.2487035e-05  -0.013878395  -0.00011169197  0.0016235350  -0.0023178338  0.00040795240  0.0018329492  -0.0045718198  0.00070756104  
-0.0013424436  0.87884081  -0.048393468  0.0096563441  0.024111212  -0.45712401  0.0098110982  0.00040860180  -0.0010787402  -0.11445827  
-0.013405080  0.0061804335  -0.99102899  0.041316441  -0.015279490  0.11102468  -0.0037210856  -0.0093679030  0.0052093106  0.023795498  
-4.3066216e-05  0.0078231388  -0.039376462  -0.97727933  -0.080887426  -0.0071207375  -0.12116297  0.019574955  0.13738689  -0.0062563256  
-0.0017445769  0.034619746  -0.0057780172  -0.083800169  0.98569027  0.11173087  0.013731410  0.064932295  -0.0092334585  0.025257227  
0.0029327013  0.45818414  0.099516060  -0.0029752118  -0.11199232  0.75374804  0.0014600748  -0.013105908  -0.022395605  0.44284800  
-0.0043051191  -0.013542945  -0.012457952  -0.15613773  -0.0067291646  -0.022150319  0.15682917  -0.22247738  -0.94757780  -0.0032349133  
-0.0027608699  0.0025096140  -0.0096600980  -0.019080006  -0.070017397  0.010455561  0.13247252  0.96622236  -0.20129876  -0.018056699  
-0.00070213967  -0.0056241675  0.0015925886  0.092133711  0.016640927  -0.052074082  -0.96375417  0.096490770  -0.19680480  0.094936936  
0.0021182460  0.11658217  0.030000251  0.013641160  -0.027711273  0.43834800  -0.10649481  -0.013671598  -0.025722367  -0.88168899  
