0.99843263  -0.0014473333  -0.0071895163  4.4833840e-05  -0.00056964072  0.0026560620  0.0013440147  -0.0034004583  0.0054201476  -0.00071771328  
0.00036847937  0.90195040  0.013791170  -0.010665139  0.0059368753  0.40006228  -0.029372713  0.0083107556  0.0036780069  -0.14893749  
0.0018604914  -0.030153161  0.42042664  -0.29664513  0.74498137  0.033587343  -0.0046894144  -0.41758837  0.0036719296  -0.024397616  
-0.0025926571  -0.0025977094  -0.27537208  0.85139327  0.41320056  0.031872316  0.055077219  -0.14202616  0.021733461  -0.019131851  
0.0075417595  0.016413367  0.68778196  0.28658713  0.096510974  -0.057142535  0.022911145  0.65374489  -0.014984252  0.025569876  
0.0021787456  0.39869074  -0.036480438  -0.0042674606  0.052535288  -0.67682960  -0.056524082  -0.057346876  0.046010366  0.60612263  
-0.00084356647  0.028149604  0.095805910  0.0034678109  -0.11104959  0.063442808  0.96631846  -0.12086178  -0.014335349  0.14766895  
-0.0019254919  -0.00093810523  -0.50666988  -0.31816691  0.49348284  0.0024056650  0.18423930  0.59556482  0.080450759  -0.0047782743  
-0.0051116983  -0.0049156178  0.059141955  0.012633385  -0.055663314  -0.036231404  0.016205000  -0.036444353  0.98784313  -0.10561988  
-0.0015630945  -0.14962063  0.0016812924  0.0024557312  0.0072166187  0.60688363  -0.14521308  0.030753180  0.10653400  0.75683315  
