0.99784064  0.0012445199  -0.0020116311  0.0027954256  0.0037971991  0.014942992  0.011863648  -4.6097559e-05  0.00055479279  -0.00038261865  
0.00091824734  -0.99767504  -0.019382139  0.012242066  -0.00059487915  0.0032968359  0.00022129098  0.0048188199  -0.00044310516  -0.00050880375  
-0.0021572119  0.019325377  -0.99769979  -0.0061387736  0.0053573746  -0.0014068286  0.012184401  -0.0046621029  -0.0026511825  -0.0037864370  
-0.0025721516  0.012229303  -0.0055359089  0.99700851  0.030135917  -0.025418716  0.0046813028  -0.0057224165  0.00085459105  -0.00083778770  
-0.0029677642  -0.0010302321  0.0052029529  -0.030563325  0.99637763  -0.029132175  -0.037857765  -0.00078180573  -0.0054967112  0.0032162755  
-0.015175257  0.0036605068  -0.0010401711  0.024323149  0.030070572  0.99694594  0.0023143104  -0.0097151434  0.010564318  -0.0010892034  
0.011872054  0.00016664149  -0.012426190  0.0059526807  -0.037577605  0.0036224687  -0.99708154  0.0040742596  0.00011889902  0.00052312285  
-0.00038703044  0.0049451089  -0.0045183017  0.0056808039  0.0016892517  0.0090855270  0.0040780652  0.99717712  0.024631262  -0.032341447  
0.00049183972  0.00060428081  0.0027404410  0.0012567557  -0.0049076716  0.010910252  0.00032110215  0.022794804  -0.99641701  -0.050490380  
0.00039878068  -0.00025194432  -0.0037435549  0.0011682078  -0.0034134090  0.0019820586  0.00085973229  0.033631607  -0.049721981  0.99620837  
