0.99876691  -0.00068854200  0.0054755454  -0.00087667852  0.00014874249  -0.00043825769  -0.00061996780  -0.00065747653  -0.0084786716  0.0019156169  
0.00056809068  0.90437683  -0.0032533133  0.015082976  -0.035117810  -0.021765066  -0.0022545645  0.41172260  -0.016324875  0.088870136  
0.00024500613  -0.0095029027  -0.098652103  0.17938156  0.20605656  -0.95448600  0.023205283  -0.025600765  -0.0011910766  0.029481427  
0.00034252745  0.021928761  -0.22438092  -0.72884492  0.64085106  0.023743453  0.043732397  0.037010736  -0.010279422  -0.021148683  
0.0031812398  0.019127583  -0.50259540  0.62287695  0.51572886  0.28321004  0.099581047  -0.012288325  -0.019814473  0.011637851  
0.0043450719  -0.026801932  -0.82650067  -0.19981970  -0.51026162  -0.065742562  -0.085463275  0.019287063  -0.015017033  -0.036928804  
0.00047681842  -0.0037997647  -0.0084310946  -0.051963739  -0.12931867  -0.012824485  0.98882198  0.0039217131  -0.0021886016  -0.00056897208  
0.00035349954  0.41360551  -0.019491212  -0.039231006  -0.012842252  0.012034615  0.0015522668  -0.90559600  0.064574732  0.0019536159  
-0.0088583753  -0.010249340  0.015893180  -0.014248729  -0.012901544  0.0042107718  -0.0034006557  -0.072024814  -0.96103654  0.26063821  
0.00061676333  -0.082391694  -0.031643171  -0.034148086  -0.011365083  0.024785140  -0.0024839790  -0.014211792  0.26223027  0.95858370  
