0.99817798  -0.0014059076  0.0062977061  0.0011221691  -0.0046999785  -0.0026853721  -0.0013401721  -0.0058817373  0.011177492  0.0010973589  
0.00094036873  0.90412242  0.017911469  0.014837574  -0.023554925  0.38064044  -0.035278537  -0.034083855  0.062949782  0.16325607  
0.0072940927  0.010192611  -0.90465826  0.36869794  0.092041554  0.029055059  0.13818594  0.042413868  -0.10233944  0.032023581  
-0.0048888118  -0.021297372  0.34058855  0.91254435  0.083215747  -0.023942548  -0.13464328  -0.087584191  0.11430065  -0.025220374  
-1.1504842e-05  -0.025948858  0.050024746  0.15282781  -0.85061843  0.055441780  0.21294704  0.40674720  -0.16628134  0.068251985  
0.00064105445  0.35460863  -0.079937549  -0.0087102769  -0.082154233  -0.77996524  -0.42536789  0.16114346  -0.13974219  -0.15116358  
-0.0079477999  -0.15310089  -0.14644652  -0.049574787  -0.16102789  -0.035450762  -0.40274101  0.054839148  0.61556741  0.61442691  
0.0069133920  -0.019673244  0.094189656  0.011556333  0.43835228  0.12234596  -0.025803872  0.88087046  -0.013497823  0.058611331  
-0.00013934342  0.099613811  0.14461485  0.036160989  0.17594608  -0.42504037  0.59965604  -0.067270954  -0.12749732  0.61020907  
-0.0064249181  0.13580397  -0.035622973  -0.011296264  -0.033367926  -0.20499165  0.45738997  0.10526991  0.72542921  -0.43250719  
