0.99896289  0.00024763192  0.0067181926  -0.0031007227  0.0041795001  -0.00020619289  0.0064384396  0.00059207930  0.00011921554  0.00061643857  
-0.00016137244  0.99818238  -0.013856321  -0.010488431  0.00065617818  0.035811591  0.00069563255  -0.00015564914  0.0021223223  0.00023128158  
-0.0065451774  0.013805800  0.99866479  0.0048159355  -0.0076524753  0.0032007372  -0.015738988  -0.0023400523  -3.2917820e-05  -0.0018114582  
0.0030839795  0.011347624  -0.0046624867  0.99815301  0.0014549859  -0.026283193  0.016196571  -0.0069132050  -0.0087258893  -0.013822677  
-0.0035462249  0.010682444  0.0068215153  -0.0083344318  0.94564836  -0.31198777  -0.078522735  -0.0056210326  -0.0022463738  -0.0074932740  
-0.00097867327  -0.033870956  -0.00028172088  0.025275326  0.31269130  0.94727151  -0.0077599539  0.031186653  -0.0052276769  0.0053301242  
-0.0068846307  -8.0757089e-05  0.016317471  -0.016649335  0.076767349  -0.016765376  0.99552750  -0.00053739228  -0.0024441786  -0.0032031611  
-0.00055687198  0.0013443840  0.0024005980  0.0065817723  -0.0042253414  -0.031586360  0.00055084669  0.99795774  0.020719456  0.023308170  
-4.3991849e-05  -0.0021779600  0.00022555486  0.010064732  0.0045910021  0.0037869553  0.0026573568  -0.023049056  0.99299719  0.10577897  
-0.00069252427  0.00041355203  0.0017918021  0.012413130  0.0053296701  -0.0075206690  0.0027775463  -0.021280957  -0.10638755  0.99294451  
