0.99771068  5.7417120e-05  0.0038842030  0.0011071371  0.00041229391  -0.00093201778  0.0026576211  -0.0032441216  0.016849265  0.0062170777  
-0.0012413697  -0.91389207  -0.018840053  0.011749594  0.0064337397  -0.36216478  0.058409241  0.017092863  -0.0057488432  0.15749171  
-0.0017546502  -0.016231782  0.22221056  -0.42012293  -0.66090208  -0.022115256  -0.044093665  -0.57399132  -0.0096222160  0.018222470  
0.0041207057  0.010462664  -0.46252250  -0.54266018  -0.33974417  0.015171192  0.019822877  0.60771354  0.026749463  0.022426759  
0.0011637151  0.017351609  -0.71227451  -0.23264082  0.37806347  -0.028745339  -0.026132582  -0.53770468  -0.0072102624  0.019608902  
0.0034810176  -0.37094125  -0.0036018303  -0.052358034  0.025758021  0.62308065  -0.12226785  -0.019649123  0.085407197  -0.66660474  
-0.017068144  0.036436574  0.0068932987  0.014949556  -0.00088464028  -0.096117522  0.067017477  -0.025835749  0.98931428  0.0040416025  
-0.0011009204  0.018748679  0.46906635  -0.67991967  0.53996103  -0.080563368  0.10459431  0.051170672  -0.0064932042  -0.035792848  
0.00065477587  -0.014218835  0.053014962  -0.053734843  0.071785920  -0.060884525  -0.97631356  0.058242776  0.062530052  0.14307740  
-0.0053640833  -0.14222182  0.042496108  -0.040797977  0.052779598  0.67501120  0.075131526  -0.020665335  0.062838692  0.70976938  
