0.99847059  0.00048275290  0.0029653140  0.0051360390  0.0016128182  -0.0028215542  -0.00073002221  0.00038470173  -0.0015245988  0.00047041476  
0.00024797371  -0.99787562  -0.0018659809  -0.00067494976  0.027607951  0.018605250  0.0046016048  -0.0038235944  0.0018836485  -0.0012309006  
-0.0031293579  -0.0016592310  0.99818099  0.0044293187  0.017724597  -0.0022553212  0.0019631590  0.00079653463  -0.010057174  0.012538307  
0.0048720053  0.0016404909  0.0047420436  -0.99772208  0.014540553  0.0063540723  0.0027611737  -0.011474431  0.020980809  -0.019382291  
-0.0020371347  0.027377663  -0.017902201  0.013899498  0.99722464  -0.010985466  0.0022779524  0.010092905  0.0075298882  0.027461863  
0.0030213055  0.018817418  0.0023896897  0.0064658458  0.0096319486  0.99679755  -0.012079455  0.043191512  0.029632806  0.0050189487  
0.00054675154  0.0049309269  -0.0020763638  0.0030798119  -0.0021639814  0.013386115  0.99774658  -0.033079932  0.0060868912  0.0039460259  
-0.00036647884  -0.0046988673  -0.00076821470  -0.011400265  -0.0092741199  -0.042034663  0.033806747  0.99633862  -0.011431101  -0.031135585  
0.0012073048  0.00080004023  0.0091625204  0.019091878  -0.010142491  -0.030664164  -0.0055163174  0.012730385  0.99547997  0.063896579  
0.00062232547  0.0022176716  0.012714521  0.021699177  0.027081589  0.0037272663  0.0026044952  -0.029634828  0.064181225  -0.99527257  
