0.99878185  0.00018632495  -0.012236026  -0.0017348405  0.0040171239  -0.0010359775  -0.0034209380  0.0010015205  0.00040420695  -0.00016821963  
-0.00030833072  0.99814495  -0.0071764898  0.012561366  0.0047166254  0.030658604  0.0020394633  0.0067347455  0.00081666565  -0.0020181791  
0.012315852  0.0070724451  0.99842718  0.010611186  -0.010158513  0.0021735382  0.014821753  -0.0024433344  0.00018118792  0.00020067589  
0.0016155628  -0.011130289  -0.010467792  0.99650450  0.013613840  -0.058269136  0.012781319  0.0078074325  -0.0065372282  -0.014334565  
-0.0041315191  0.0040907377  0.011549101  -0.027423208  0.96258969  -0.25850476  -0.055141431  0.0010891443  -0.0019467997  -0.0054942113  
2.8051605e-05  -0.031661675  -5.5824112e-05  0.051833363  0.26035590  0.96172947  0.010814474  0.029874343  -0.013140462  -0.0022641718  
0.0030181463  -0.0014254414  -0.014175193  -0.014962870  0.050476375  -0.024132517  0.99690838  -0.0041328327  0.00072338850  0.0016751861  
-0.0010451342  -0.0057047459  0.0024389624  -0.0086513754  -0.0084619397  -0.027513078  0.0037543449  0.99600073  0.065879831  0.017649315  
-0.00048913033  -0.0016409565  -8.1865987e-05  0.0012348168  0.0028174856  0.012269673  0.00012009520  -0.052880097  0.91107093  -0.40543358  
-0.00013481186  0.0014033620  -0.00035016632  0.016354150  0.0082335173  0.0059852125  -0.0017944967  -0.042323490  0.40353052  0.91236522  
