0.99907585  0.00024785033  -0.0054511718  0.0020173091  0.0049542394  -0.0014325407  0.0014065150  -0.0018862843  -0.00083688199  0.0014861395  
-0.00079188163  0.98180774  -0.037422497  0.055729698  -0.011756003  -0.010589037  0.12365611  -0.0044758197  -0.11785935  -0.016415966  
0.00030988850  -0.054957029  -0.20133248  0.73682023  -0.39830968  -0.076497536  -0.021479255  0.49410715  -0.035015215  -0.032362697  
0.0023692990  0.0018156103  0.82646720  0.46886529  0.16507510  0.076467553  -0.045079109  -0.22354982  -0.093308951  0.039002712  
-0.0063637943  -0.019677821  -0.33158648  0.28582010  0.86328621  0.057976822  -0.12491515  0.12748599  -0.15568067  0.036814991  
0.00070349106  -0.044883898  -0.034319741  0.045803089  0.010320967  0.82676550  0.51183047  0.071169365  0.13890165  -0.15157437  
0.0021399962  0.11661847  -0.042517833  -0.038828288  -0.14707252  0.52655864  -0.78402241  0.0038285353  0.076450271  0.24858107  
0.0036200666  0.035043595  0.39542280  -0.37223731  0.13528743  -0.0018387319  -0.027995711  0.82198307  -0.084299640  0.00084628949  
-0.00033513749  -0.11824935  -0.061020715  -0.086225669  -0.16277542  0.14498196  0.073466607  -0.072138576  -0.94445898  0.15125078  
-0.0018319126  -0.0031332009  -0.013726549  0.027553587  0.012045200  -0.037472382  0.28612933  0.042407241  0.16059187  0.94137845  
