0.99885055  -0.0013045785  -0.0083507141  0.0011331830  -0.00087844437  -0.0019127654  0.00059160466  -0.0096735496  -0.010200847  -0.00024784635  
0.00075672914  0.99679548  -0.050774577  -0.0051286752  -0.037978679  0.0031742743  -0.0026372881  -0.0037749388  -0.010915705  -0.0031599225  
-0.0060936812  -0.045371089  -0.19665321  0.14474747  -0.90191982  0.039231990  -0.038003359  -0.34516732  -0.022661303  -0.0032520123  
-0.0056037800  0.017060652  0.048268721  0.70116257  0.33923216  0.025568583  -0.015395854  -0.62050592  0.049119373  0.014180822  
-0.0069970107  -0.040694813  -0.94201167  0.14914210  0.16114337  0.020875731  0.14224978  0.17493349  -0.077157515  0.057253413  
0.0031867650  0.00078356455  0.058628085  0.032110154  -0.0011049710  0.98580197  0.11967721  0.080079771  0.022940040  0.015120351  
-0.00077208215  0.0071038404  0.11827960  -0.053428155  -0.042443037  -0.11652930  0.96645127  -0.10023878  -0.0075593662  0.14619559  
-0.0066106172  -0.0089308885  -0.20523313  -0.67736099  0.19674373  0.095069875  -0.066807538  -0.66439233  0.038101888  0.039993503  
0.010036266  0.0067978809  -0.066653387  0.0071885202  -0.035415330  -0.026234991  -0.0026770910  0.063681563  0.98398941  0.13713878  
-0.00041311228  0.0035137501  0.052950330  0.015861278  -0.014224955  0.00051835212  -0.15178383  0.029634513  -0.13526104  0.97585681  
