0.99828522  -0.00056670983  0.0070726671  -0.0033131443  0.0052586454  0.00056270825  0.0087579091  -0.00045109467  0.00010801459  0.0011705592  
0.00064025488  0.99754467  -0.015022881  -0.014518077  -0.0076284921  0.031989706  6.7859591e-05  0.0013413116  0.00058314254  -0.00051210238  
-0.0069548707  0.014858681  0.99791970  -0.0035149465  0.00095029618  3.4838933e-05  -0.019224315  -0.0023358068  0.00077594630  0.0019456405  
0.0031299141  0.014370557  0.0032775559  0.99743640  0.0018479909  0.00040848179  0.014259254  -0.0062039144  0.0074308947  0.014042493  
-0.0049238394  0.0080521604  -0.0019024836  -0.0011855419  0.99775715  -0.0059788441  -0.036602569  -0.0019716788  0.0047697962  0.0099108988  
-0.00060476370  -0.031986283  0.00076200662  0.00051246504  0.0062147484  0.99715727  0.0022314284  0.032805898  0.0075565591  -0.010982087  
-0.0091282934  0.00045679134  0.018987833  -0.014462964  0.036394439  -0.0027452247  0.99711418  0.0017892819  0.0019865851  0.0029383291  
0.00051222556  -0.00013987127  0.0025189513  0.0066806756  0.0017442826  -0.032456766  -0.0017436379  0.99671270  -0.043737965  -0.0012683857  
-0.00030666232  -0.00050636613  -0.00067264779  -0.0077911697  -0.0050193142  -0.0084925056  -0.0015066360  0.043718951  0.99620142  0.042640996  
-0.00090403605  -0.00010458910  -0.0022495425  -0.013737358  -0.0096070469  0.011318481  -0.0032672437  6.4550454e-05  -0.042819101  0.99704409  
