0.99844372  -0.00079176586  0.011159463  -0.0032708044  -9.9400117e-05  0.00048280655  -0.0012547769  -0.0095848183  -0.0012650914  0.00070561694  
0.00080871449  0.99836172  0.011348782  -0.0032700358  0.0020504842  -0.0057372636  0.0020698441  0.012411942  0.0010374654  -0.00051041346  
-0.0091102437  -0.011867986  0.96800574  0.19643297  0.092549897  -0.00011442646  -0.0019206975  0.11155751  -0.0075763989  0.00017803041  
0.0049825870  0.0060816047  -0.19024978  0.97808911  -0.021828864  0.00060555634  0.018801229  -0.051008569  0.0059371959  0.0039903144  
0.00018960841  -0.00017340562  -0.078942848  -0.0027829801  0.97295138  0.0015258395  0.15913286  -0.10895021  0.082840218  -0.015612362  
-0.0012373398  0.0066814812  0.011265139  -0.0029517943  -0.0099154269  0.99484175  -0.0076849111  -0.081691884  0.018406466  0.012370853  
0.0011522130  -0.0021715086  0.017524663  -0.017080360  -0.15431261  0.0096386301  0.97847865  0.019880503  -0.045413275  -0.11048322  
0.010888340  -0.010388715  -0.12829372  0.028388317  0.099758399  0.082970707  -0.0020659999  0.98122065  0.00052761641  0.00085690421  
0.0012578671  -0.0013832266  0.015351231  -0.0036963439  -0.085514437  -0.015722467  0.010559239  0.011759554  0.97721542  -0.18475004  
-0.00021955095  -8.5443789e-05  0.0041935389  -0.0067716366  -0.018001725  -0.014663075  0.11569572  0.0031202720  0.18103395  0.97458601  
