0.99852545  0.00074452610  -0.0062911830  0.0033985789  0.0031566294  0.00094697620  -0.00021233762  0.00054020338  0.00065845369  -0.00044389973  
-0.00062714317  0.91219006  -0.0010798668  0.0027686603  0.026162877  0.057264715  0.027967732  -0.39510190  0.012271440  0.062263734  
-0.00016827076  0.038489978  -0.14859777  0.023129648  0.021598644  -0.98412477  0.027081252  -0.044155277  0.0053330316  0.035601291  
0.00030208861  0.019388511  0.080543271  0.72318381  -0.68211393  -0.0086930322  -0.0047235204  0.0078735484  0.029018002  0.028292263  
0.0065196569  0.021916479  0.32688098  -0.66202750  -0.66322415  -0.080252053  -0.063554849  -0.017915089  -0.021990246  -0.017738398  
-0.0043790316  -0.010890527  -0.92687752  -0.17627997  -0.29804198  0.13068409  0.0094939038  -0.021199883  -0.00077581660  0.017412672  
-0.00069918281  -0.011966193  -0.033190799  0.041349909  0.043262721  -0.018087655  -0.98844274  -0.10627606  0.0064149891  -0.060115940  
-0.00084076122  0.39709609  -0.027481712  -0.015512711  0.0033020440  -0.023597521  -0.10306945  0.90918194  -0.013504188  0.020674560  
-0.00031001509  -0.025982020  0.011674535  -0.042924760  0.0079960718  0.011243697  -0.015124243  0.016837602  0.95210160  0.29543137  
-0.00091857509  0.062628865  -0.021211147  0.015201177  -0.011212320  -0.025427717  0.059760052  0.0043622593  0.29821612  -0.94830452  
