0.99784170  -0.00050353600  -0.014687820  -0.0042659923  -0.0069352022  0.00023953272  0.00018581128  -0.010941530  -0.0085063365  0.0017529607  
-0.00081112719  0.90440500  -0.061110357  0.045806788  -0.051092696  -0.34507008  0.12551422  0.013141470  -0.088470854  -0.16391878  
-0.0086870178  -0.067521351  -0.46447635  0.77383986  -0.0072849294  0.017781441  0.075691279  -0.40962962  -0.042107713  0.028896816  
0.0069709542  0.043662191  0.76483506  0.17486451  0.025470390  -0.065475287  -0.12517447  -0.58567754  0.10260182  -0.063313603  
-0.0091564618  -0.047518433  -0.050736187  -0.099441783  -0.97927282  -0.0058904854  -0.080133243  -0.12143973  0.0027992909  -0.026586332  
-0.00030287545  -0.31864920  0.089933101  -0.027096282  -0.022934344  -0.28308830  0.65422063  -0.0059204289  -0.24635697  -0.56238273  
-0.00039995710  0.17869401  0.090680865  -0.084931700  -0.062060993  0.45047973  0.70666818  -0.12329855  0.13663420  0.45649658  
-0.014112199  -0.012116076  -0.40573575  -0.58582987  0.16917658  -0.091287743  -0.036988236  -0.66713294  0.049389187  -0.048119623  
0.0078773838  -0.091599536  -0.061072792  0.053088878  -0.016455084  -0.39784680  0.13245476  0.10067934  0.89136812  0.0029461713  
-0.0032072082  -0.16559669  0.061148360  -0.017088776  -0.013548062  -0.65009154  0.077883527  -0.0087244289  -0.31477774  0.66037037  
