0.99869508  0.0013751891  0.0011695411  0.0036005873  0.00022478710  0.0029773824  -5.5874238e-05  0.00011036736  -0.00013270338  0.0017880316  
-0.0013305384  0.99425660  -0.0098897114  0.0069652278  -0.0062355210  -0.023152271  0.018832460  0.016271586  0.025965760  0.082154566  
-7.1186843e-06  -0.010067893  -0.11546416  0.11551116  -0.97803666  -0.0076493030  -0.056652348  -0.061479958  0.080359616  0.021537231  
-0.0037233052  -0.0046695327  0.090960164  0.98849441  0.10282515  0.018588159  -0.0057091399  0.022271616  -0.023176421  -0.0011643408  
0.00074623319  -0.0093208185  -0.97564087  0.073734572  0.11280228  0.012068219  -0.012962957  0.16190561  -0.014217355  -0.023222620  
-0.0033051935  -0.042581293  -0.011478858  -0.012281603  0.0090843798  0.68858342  0.0096248580  -0.022219805  -0.031326848  0.72084561  
5.5659808e-05  0.013937549  0.0069609530  -0.012437811  -0.091020304  -0.11038588  0.12451512  0.053954672  -0.97670076  0.064815712  
-0.00022820638  -0.015568661  0.15185310  -0.027615716  -0.076475193  0.029797463  -0.029508637  0.98111416  0.055988230  0.0067178367  
-2.4568747e-05  0.015727542  0.013360680  -0.012807303  0.047259279  -0.061253435  -0.98580873  -0.019859720  -0.11928577  0.066253701  
-0.0010148047  0.077807104  0.019631963  -0.015615353  -0.030993143  0.71082164  -0.073206816  -0.016220047  -0.13138625  -0.67937483  
