0.99867140  -0.00067468360  -0.0014390691  0.00091732205  -0.0012943927  0.00049971940  -0.0017662966  5.3595603e-05  -0.00025043582  -5.1941959e-05  
0.00076561380  0.99855127  -0.010507009  0.0063498431  0.0072360386  -0.0080619609  0.00045137184  -0.0027590461  -0.00097380074  0.0016835179  
0.0014474231  0.010444323  0.99857029  -0.0019451864  0.0022799593  7.6170785e-05  -0.00021379932  0.0017306108  -0.0011956107  0.0017444333  
-0.0010751490  -0.0060441826  0.0021383446  0.99795099  -0.029377974  0.016096273  -0.012895748  0.0032117923  0.0072244582  -0.0011761867  
0.0012222082  -0.0070201023  -0.0021488996  0.028998052  0.99716274  0.040576153  0.022940361  0.0012098572  0.0015536020  0.0012000523  
-0.00050129033  0.0084512423  -7.8551802e-05  -0.017162685  -0.040093955  0.99758048  0.0060813723  -0.0065697923  0.00045038881  -0.0077209010  
0.0017360957  -0.00042783326  0.00026724342  0.012308043  -0.023048665  -0.0069112369  0.99823863  0.0012901472  -0.0031677262  -0.0028632489  
-0.00011553407  0.0027450327  -0.0017161986  -0.0030444382  -0.0013454030  0.0064226380  -0.0014113573  0.99776477  -0.039561014  -0.0049859636  
0.00018995925  0.00091549459  0.00088658148  -0.0070860790  -0.0017729047  0.00072800539  0.0036800767  0.039915318  0.98711460  0.14573106  
-6.5956114e-05  -0.0017809491  -0.0017922225  0.0020762647  -0.0013431364  0.0077168100  0.0023452120  -0.00091424650  -0.14584176  0.98788541  
