0.99837556  0.00042702881  -0.012412766  0.0046812713  -0.0033371401  -7.8169435e-05  -0.00044996094  -0.00016986902  -0.00087491121  -0.0064846837  
-0.00038692083  0.99775214  0.00048648796  0.0047940660  0.023215667  0.024591196  0.013132503  0.0029639567  0.0023278013  -0.0091941923  
-0.012736093  0.0016899028  -0.99665466  0.012141687  -0.051138610  -0.0031858791  -0.017284518  0.00065099465  0.0018394165  -0.016163734  
0.0044491723  0.0047323700  -0.012117120  -0.99744837  0.010802349  -0.011548108  -0.010496205  -0.0040680024  -0.011856342  -0.025718179  
0.0024358689  -0.021802065  -0.050616093  0.012126063  0.99455809  -0.064110043  0.0066159687  -0.013034800  0.013462751  -0.020091614  
-0.00044663326  0.026497808  0.0070942943  0.011919278  -0.063057018  -0.99417866  -0.030421873  -0.032718028  -0.041222639  -0.0066777575  
-4.0943750e-05  -0.011791316  -0.016924487  -0.010132890  -0.010528958  -0.028173865  0.99427986  -0.080804016  0.012309593  0.0084934857  
0.00026842859  -0.0035183956  -0.00077659640  -0.0047356526  0.0086124879  -0.038554949  0.078809021  0.99198874  0.068988783  -0.017222203  
0.00053232883  -0.00095315472  0.0037595108  -0.0098081658  -0.017310520  -0.037025669  -0.018781384  -0.069608279  0.99357432  -0.050469642  
0.0064714985  0.0091187435  -0.017231865  -0.025614245  0.018698207  -0.010355098  -0.0090357715  0.013940802  0.051119632  0.99618236  
