0.99875178  -0.00093267064  0.0016311159  0.0013516757  0.010754878  0.00030860354  1.0885496e-05  -0.00072816822  0.0036839477  0.0016660166  
-0.00097773310  -0.99576310  -0.068952438  -0.018716546  0.011550115  0.017848605  -0.016168283  -0.0031622104  -0.0098726189  -0.010427733  
0.0013230157  0.070185161  -0.99320491  -0.028637984  0.042517580  0.044687993  0.0099083499  0.034245918  -0.0054224661  0.016426725  
0.0016188955  0.016963921  0.030063410  -0.99650963  -0.026152820  0.029688102  0.021316953  -0.010109605  -0.027635400  -0.00085230591  
-0.010741121  0.0069030959  0.039308069  -0.027598739  0.99183361  -0.099757203  0.031354407  -0.0058757556  0.017496706  -0.0032275657  
-0.0015576887  0.013552166  0.049905970  0.029208079  0.096764913  0.99070173  0.050886558  0.0026592790  0.010589715  0.027968448  
0.00027948436  -0.017782092  0.0018261297  0.022059993  -0.035588568  -0.048457477  0.99079683  -0.095615109  -0.023769770  0.040057148  
0.00058198783  -0.0074882259  0.035001410  -0.0073967802  0.00063165042  -0.0099453184  0.093909919  0.99296445  -0.0026429348  0.035541157  
0.0036154080  0.010881460  0.0049435338  0.027380124  0.019406958  0.011445938  -0.018672756  0.0034789323  -0.99194369  -0.10850316  
0.0013718700  0.0098389452  -0.013639585  -0.00084937334  -0.0033530497  0.025331766  0.046851903  0.032189137  0.10772275  -0.99086539  
