0.99828966  0.00025458360  -0.0027175032  -0.0027513484  -0.0026619324  0.0038567494  0.0015161177  0.00047389664  -0.0018355136  0.00085440227  
-0.00023766677  0.99784058  -0.016423912  -0.0062347403  0.022177197  -0.0059436907  8.8282371e-05  -0.00074536636  0.00017313600  0.00010014055  
0.0028361700  0.017330944  0.99513102  0.067262507  -0.027265486  -0.00049575544  0.00047049566  0.023154399  0.0055430385  0.00021078540  
0.0023050809  0.0052271746  -0.067867305  0.99527150  -0.020026429  -0.00045162092  0.017311937  0.0047147564  -0.00013375173  0.0056765910  
0.0029250929  -0.021746133  0.026684128  0.022214532  0.99701348  -0.016300943  -0.0068920347  -0.022021119  -0.00015520405  -0.00014713776  
-0.0039344008  0.0058075411  0.00070923670  0.00078799722  0.016381149  0.99808101  0.00014522260  -0.00050905178  0.020210529  0.0056864762  
-0.0014787453  -0.00033422736  0.0020507254  -0.016993846  0.0057462071  -0.00035504117  0.99630859  -0.051954576  -0.00026134821  0.017433904  
-0.00057485581  -0.00018788707  -0.022268843  -0.0066809150  0.023012443  -0.00018707081  0.051908268  0.99620479  0.016072500  0.00044825294  
0.0018068615  -0.00039504029  -0.0053981232  -0.00045519172  -0.00039517245  -0.020361321  -0.0014678264  -0.016104137  0.99674466  0.051451458  
-0.00051120367  -0.00014381614  0.00044354024  -0.0055762048  9.6814882e-05  -0.0043202418  -0.017443132  0.0012549912  -0.051379119  0.99668139  
