0.99845624  -0.00060568276  -0.0035113456  0.0033333818  -0.0070111510  0.0048450484  0.0018068940  -0.0036050330  -0.00043748092  0.0015745207  
-0.00074009981  -0.99816516  -7.4947123e-05  -0.014704888  -0.010988088  0.0099132983  0.0012433775  -0.016199959  -0.00018567221  -0.0068161421  
-0.0062754172  -0.0019894589  -0.038105643  0.39984042  -0.84697689  0.015163439  0.015212133  0.33477713  0.071005364  0.019002701  
0.00019590814  -0.013651976  0.38207311  0.84957861  0.33362620  0.029266403  0.022989810  -0.12740797  -0.010019931  -0.0053893115  
-0.00040895864  -0.013477948  -0.82749582  0.30059983  0.31395553  -0.0079369904  0.0087602843  0.34891978  -0.036424389  -0.0057242222  
0.0043932121  -0.0013750158  0.010842336  0.019950654  -0.0058135793  -0.61302428  -0.12301670  0.0068245046  0.15391354  -0.76288713  
0.0018484672  -0.0046043030  0.0054330256  0.030170870  -0.0014151384  -0.12104566  -0.95905949  0.0077561553  -0.056300291  0.24176516  
0.0068018880  -0.014667672  0.40278098  -0.15183625  0.25587522  0.0010294300  0.0053034721  0.86163107  0.057470104  0.017376429  
-0.00064253104  0.0032451441  0.044677025  -0.0032790962  -0.061023389  0.14410252  -0.037277271  0.065247130  -0.93626916  -0.29707094  
0.0022317317  -0.010909951  0.021788021  0.015740536  -0.013629058  -0.76463343  0.24441396  0.0048131908  -0.28948361  0.51738757  
