0.99803330  0.0018878758  -0.0031553325  -0.00056070905  -0.0084536868  -0.0060032392  0.0022593353  0.0097423467  0.0035717860  -0.0054899317  
-0.00089796163  -0.91171595  -0.032369518  -0.060811198  -0.046115110  -0.078676197  0.36789053  0.016201022  0.11969811  -0.044103679  
0.0071902226  -0.024403469  0.72384701  0.21396623  -0.12454824  -0.026823409  0.034260580  -0.63807505  0.034105302  -0.0016272234  
0.0099387624  -0.057970959  -0.042536724  0.19498026  0.95713976  0.054419862  0.027959323  -0.16983763  -0.033569599  -0.056585049  
-0.0012141758  -0.019228601  -0.44492823  0.84018436  -0.21182539  -0.070697456  0.00068657045  -0.17398248  0.079971081  0.073999271  
0.0056001319  -0.028401703  0.055992150  -0.029605893  0.069939226  -0.017410551  0.065559149  0.040416730  -0.043292438  0.98918386  
-0.0037430358  0.37500781  0.031611187  0.044005237  0.0015954818  0.031458468  0.91507059  0.087214567  0.064878363  -0.050618000  
0.0044960535  0.075416782  -0.51463783  -0.44368216  -0.051340973  -0.032476776  0.077437603  -0.71767114  0.045022444  0.047120393  
-0.0028342414  0.077506310  0.035836700  -0.043668062  0.060820177  0.070418684  -0.10589219  0.054730127  0.98092110  0.043416788  
0.0060928827  -0.087026770  -0.031981854  0.037064015  -0.080079979  0.98678503  0.010846765  -0.048675983  -0.053325221  0.022195173  
