0.99847209  -0.00093445778  0.00052172964  -0.00037733144  4.6090772e-05  0.00089480856  -0.0028398429  0.00040414778  0.0023586465  -0.00040979370  
0.00096697141  0.99838625  -0.0017509336  0.00016585424  0.0053870357  0.0040432443  -0.00019925859  -0.00015944663  -0.00012477009  4.7654700e-06  
-0.00058531792  0.0017136067  0.99529654  -0.060973608  0.041218245  0.00042471393  9.0449722e-05  0.028087268  -0.0040440630  -0.00011435903  
0.00032433119  0.00029070519  0.062028324  0.99582147  -0.025869547  -0.00037133773  -0.0043158817  -0.010418812  4.6750344e-06  -0.0042569426  
4.2335726e-05  -0.0051846695  -0.039179950  0.028192285  0.99611944  -0.045698969  0.00087454040  -0.011178258  -0.00039191761  0.00039866722  
-0.00092940583  -0.0040723927  -0.0022030613  0.0016928098  0.045734708  0.99759209  -0.0011158547  -0.00018253458  0.00033370546  -0.00011452885  
0.0030168934  0.00019100095  0.0014281689  0.0034359722  -0.0015524631  0.0011799623  0.99601732  -0.044618997  -0.0035220071  -0.047222786  
-0.00050039233  7.1771614e-05  -0.027490072  0.012581036  0.0098803744  -0.00031694330  0.045058213  0.99594279  0.043577148  -0.0013959852  
-0.0021766792  0.00013345252  0.0049910598  -0.00096894058  0.00012197478  -0.00051950026  -0.00065910767  -0.043620779  0.99657464  -0.047226540  
0.00057388931  1.2254457e-05  0.00065479409  0.0041610317  -0.00054668000  -3.9312990e-05  0.047372768  -0.0028201797  0.046782665  0.99616177  
