0.99831731  0.0031408696  0.0088703858  0.0039392439  -0.0028637748  0.0063355237  -0.0043028741  0.0010686550  -0.00045230214  0.0072186002  
9.8845161e-05  0.93812957  0.033150810  -0.0034896588  0.054494293  -0.24422142  0.12792531  0.00050922959  -0.071028423  -0.17735277  
-0.0066997350  -0.051295244  0.89190096  -0.11167176  -0.24057276  -0.095948647  -0.048269073  -0.33138877  -0.059778465  -0.056620551  
-0.0016354266  -0.0018169604  -0.10424027  0.85758656  -0.25236757  -0.061525154  0.061190423  -0.39325573  0.14487561  -0.055615889  
0.0057401999  -0.043276516  -0.16349544  -0.24502943  0.54462505  -0.063105660  0.052864574  -0.76059783  0.15811568  -0.026736897  
0.0075814230  -0.21060406  -0.013562177  0.028176643  0.081905483  0.10719050  0.42770112  0.034461558  -0.37619795  -0.77927702  
-0.0045027387  0.17244245  0.054841804  -0.10010270  -0.17014967  0.70097544  0.56583688  -0.087685531  0.24193025  0.21705769  
-0.0049877373  0.0069462317  0.39380835  0.40894231  0.73298089  0.16081768  0.032666261  0.30734618  0.066667576  0.10419303  
-0.0057440202  0.12888880  -0.064486150  0.097813407  0.036003685  0.39593692  -0.28662664  -0.22398324  -0.78614106  0.24086787  
-0.0025395488  0.14661602  0.0043288430  -0.023969257  -0.025733717  0.48454610  -0.62054514  -0.014311345  0.34530772  -0.48446911  
