0.99852388  0.00089751092  -0.015873900  0.0031453773  -0.0056882126  -8.6694878e-05  -0.0026624977  0.0011411592  -0.00041682276  0.00023140614  
-0.00069009771  0.99795427  0.013638042  -0.017501926  -0.012707864  -0.025936375  0.0011916960  -0.00020878001  0.00020414113  0.00023221705  
0.015702001  -0.013629733  0.99792682  0.016718151  -0.020721465  0.0017593651  0.0094954286  0.0014992590  -7.4292233e-06  0.00043262348  
-0.0034773950  0.016086425  -0.016769440  0.99670033  -0.028683390  -0.043593969  -0.015489068  -6.1655642e-06  -0.0092249688  0.0073842843  
0.0061090186  0.0097806252  0.019999319  0.023964377  0.99016342  -0.11906455  0.035519913  -0.0053185225  -0.0089781311  0.0072919439  
0.00066258880  0.028028123  0.00026563384  0.046318145  0.11762020  0.98965946  -0.0022976569  -0.032185754  0.0077252874  -0.0013877092  
0.0022492239  -0.0010977025  -0.010581711  0.014447391  -0.035438992  0.0056278936  0.99773326  -0.0054056349  -0.0087984727  -0.00081481063  
-0.0010894673  0.0011839729  -0.0013281938  0.00068141186  0.0078761756  0.031992789  0.0049176984  0.99422334  -0.068128876  0.055575838  
0.00042184228  -9.7215732e-05  -0.00027987961  0.0098519182  0.0084357507  -0.0069687082  0.0091998137  0.072220039  0.99305496  -0.074271613  
-8.5786043e-05  -0.00047514936  -0.00030771773  -0.0067548631  -0.0068733650  0.00033459960  0.0012002009  -0.050329780  0.078079366  0.99420523  
