0.99788522  0.0014889447  -0.018758732  -0.0051462226  0.0011419954  -0.0039075750  0.0053048352  0.0095643161  -0.0013784258  -0.00053645287  
-0.00095513059  -0.92046321  -0.012606359  -0.041840514  -0.036044008  -0.19673020  0.26809065  -0.049610785  -0.16733031  0.068821710  
0.0092567411  -0.012770970  0.77635822  -0.073803081  0.33460932  -0.30666058  -0.021258886  0.36033079  0.094110261  -0.20489994  
0.0069720123  -0.054443144  0.17528283  0.87691138  -0.39756921  0.011268119  -0.046116678  0.17967431  0.019921828  0.016255179  
-0.017411063  0.0086270806  -0.44180978  -0.17011362  -0.22919084  -0.27210978  -0.0092335011  0.77935135  0.078707300  -0.17489291  
-0.0038121372  0.34505121  0.10001546  -0.032350687  -0.11798453  -0.32073457  0.51252635  0.065154298  -0.48967100  0.49241587  
-0.0017556062  0.081309615  -0.18625086  0.16992714  0.14058319  -0.48643564  -0.29989903  -0.25466723  -0.53545775  -0.47732404  
-0.0068344161  -0.039973907  -0.27664831  0.34925706  0.77571038  0.23927810  0.10537424  0.28299045  -0.14601619  0.15647418  
-0.0042820907  0.13379480  -0.16441170  0.17630707  0.11722583  -0.27673427  0.64108002  -0.23944760  0.48560797  -0.35415286  
-0.00038223157  -0.026357646  -0.13429339  0.088593716  0.15127649  -0.56172203  -0.38270021  -0.13161448  0.41112233  0.54586828  
