0.99837002  0.00071750206  -0.0050392953  0.0034894231  0.0023656629  0.0016086881  0.0054667995  -0.0095755967  -3.0542064e-06  0.0019887548  
-0.0010666188  0.99790829  -0.00053019410  0.0010473590  0.010861520  0.016738070  0.0083027745  -0.016499732  0.0031706421  -0.013114269  
0.0077644621  0.015375261  0.48293882  0.29559672  -0.61776170  0.0030701449  0.024624284  0.53932582  0.039904374  0.024962987  
0.0010489065  -0.0028743030  0.34162806  0.47052297  0.74850629  -0.041242190  0.036950555  0.29831250  -0.078345156  0.0061608703  
-0.0068242901  -0.0027740889  -0.51344378  0.80538611  -0.18071990  0.054261144  -0.022074800  -0.19585290  0.093309152  0.035470648  
0.00042011608  0.0043914575  0.013325277  -0.064252256  0.072956444  0.47342524  -0.35044436  0.065644029  0.26410394  0.75238829  
0.00080865404  -0.0013683334  0.085834604  -0.020784548  0.072954079  -0.30056767  0.010701376  -0.042978025  0.93355411  -0.14010404  
0.0045692632  0.011586088  -0.61222922  -0.18424862  0.094781857  -0.074130642  0.033027404  0.75402132  0.050015116  -0.035634794  
0.0063552120  0.0078569802  0.013086138  0.024743882  -0.0048600314  -0.17905442  -0.93264609  0.032354195  -0.088733525  -0.29121859  
-0.00034185356  0.021142463  -0.021126191  0.012766809  -0.044780899  -0.79978503  -0.0088812007  -0.048827402  -0.16877177  0.56832298  
