0.99848027  0.0020970316  -0.011408514  0.0021660377  -0.00036665886  -0.0029200996  -0.0012177591  -0.0015085236  0.0074528356  -0.00097058741  
-0.0022356610  0.99610535  -0.00075449820  -0.0034893875  0.018679749  -0.029653487  0.014505340  -0.00085357165  0.023464859  0.051657866  
0.0066363940  0.0088608757  0.57150310  -0.29323546  -0.50800997  -0.010934162  0.024468810  -0.56751721  -0.059231271  0.0077619957  
-0.0064505372  0.0047486047  -0.29235909  0.78747632  -0.35910909  -0.020532765  -0.055744253  -0.38846188  0.068723316  0.052706855  
-0.0049690928  -0.0087000997  -0.52466505  -0.33667833  0.36830153  -0.010057960  0.10783040  -0.66463489  -0.13745095  0.017619035  
0.0011131632  -0.016140408  0.0045390536  -0.029152827  0.0013370807  0.75423500  0.18693350  -0.0073332278  0.25832631  0.57051827  
-0.0058554939  0.015311573  0.026218525  -0.057134273  0.11234583  0.18462610  -0.25030417  -0.14651244  0.77156435  -0.51594591  
0.0058745528  -0.013273947  0.55433976  0.40546372  0.66928721  -0.021846873  0.12075919  -0.23776034  -0.066069365  0.030556290  
-0.0016403457  -0.029052728  0.035882135  -0.074133245  0.11352441  -0.25447089  -0.78198790  -0.062573702  0.12618132  0.52924887  
-0.0045432161  -0.054570307  -0.013746690  -0.056000553  -0.022980322  -0.57217396  0.50753266  0.016496757  0.53555209  0.34373280  
