0.99889046  -0.00062416074  -0.00024647447  0.00050646563  0.00031462310  -0.0020229815  0.00011779056  -0.00062419584  0.0041396462  -5.4007678e-05  
7.7043047e-06  0.92801103  0.095983844  0.026027265  0.052164549  -0.31622176  0.053485306  0.0092250200  -0.020078395  -0.14356505  
-0.00013819940  0.088459585  -0.33423848  0.33444388  -0.78104123  0.039062802  0.041389065  -0.39010733  0.00042584406  0.029620811  
0.00044011355  0.031521685  0.30462155  -0.84340227  -0.38093694  0.035335339  0.029796200  -0.20557981  0.043923443  0.029752357  
0.00013725339  0.054615488  -0.82097136  -0.39106251  -0.014814895  -0.093433260  -0.018985595  0.39517054  -0.014903997  -0.046077333  
-0.0010550462  -0.31759293  0.052942302  0.0026973765  -0.072087154  -0.89337446  -0.16235108  -0.086135887  -0.21158607  -0.11230512  
-0.0035860152  0.039550767  -0.021401358  0.025101782  0.018739132  -0.21704087  -0.27020550  0.0013522754  0.77604112  0.52184848  
-0.00057930069  0.027209807  -0.32530152  -0.14044513  0.47972723  0.022762818  -0.044388273  -0.79893337  -0.019975452  -0.0076552870  
-0.00012454459  -0.033915931  -0.028345757  -0.0046364152  0.062598478  -0.18367520  0.82773156  -0.0046253936  -0.10691183  0.51135845  
-0.0028188554  -0.14303675  -0.0090425894  0.016174195  0.0075449052  -0.084507424  0.45323346  -0.035275661  0.57993128  -0.65337289  
