0.99882540  0.00081370719  0.0017810817  -0.0021320257  0.00023334244  0.00090296748  0.00040520762  0.0038223551  0.0058819695  0.0011515820  
2.4594384e-05  -0.98229371  -0.0010637794  0.019405339  0.0044877465  0.022201629  -0.12984318  0.0045424933  0.11824452  0.031834090  
0.0015297305  0.018070199  0.52881215  0.68815242  -0.44689562  -0.032891832  -0.10078632  -0.17544307  -0.043847497  0.019529404  
-0.0019197767  0.00098204048  0.44124765  0.27206745  0.77701550  0.063023481  0.11697704  0.32082423  0.053746087  -0.042759791  
0.0035564205  0.0018336340  -0.61877085  0.58161988  0.28397367  0.10755686  0.10955789  -0.40726949  0.038413103  -0.070814664  
0.00073730311  -0.062169091  0.0063655471  0.014229555  0.049050195  -0.92742602  0.34333687  -0.095955182  0.045996889  -0.043058608  
-0.00024696110  -0.11787825  0.14406528  -0.097594665  -0.16719893  0.34172876  0.87105526  -0.11861162  -0.0078442891  -0.18953170  
-0.0023547684  -0.0067922988  -0.34341984  0.31704176  -0.27932845  -0.033521709  0.16406225  0.81868563  0.052476372  0.0055914360  
-0.0058778589  0.12089635  0.042754152  -0.027063362  -0.061871862  0.036882629  -0.013013545  -0.051113266  0.98584989  0.024432069  
0.00088797447  -0.0032300343  0.0069764909  -0.020209906  -0.036248501  -0.035260664  -0.20314686  0.042816687  0.022148847  -0.97524090  
