0.99828677  -0.0015316289  -0.015286155  0.0019523347  -0.00039072555  -0.0013764088  0.0040408638  0.015607542  0.0034035972  0.00034329312  
0.0014714365  0.99820325  0.0034454174  0.018173853  -0.00019003911  0.016509799  0.00022561560  0.0050056281  -0.00028378053  -0.00016980158  
0.015166661  -0.0039083386  0.99770932  0.023519621  -0.0058663562  -1.6107139e-05  -0.00062374347  -0.0021211828  0.016807779  -0.00088013360  
-0.0023436413  -0.018153404  -0.023371026  0.99742470  0.0052552858  -0.00029200435  -0.0045445263  -0.0025231330  -0.00077344059  -0.016675833  
0.00019804298  0.00021307429  0.0062295688  -0.0049719742  0.99821956  -9.9727688e-05  0.021036815  0.0082017287  -0.0081887347  0.00076867381  
0.0014407512  -0.016413172  -0.00019166566  -0.00034815664  0.00025491201  0.99827958  -0.0015108903  -0.0085286014  0.0043881371  -0.018961383  
-0.0041726593  -0.00042438739  0.00082282785  0.0046014454  -0.021150885  0.0015539907  0.99759697  0.017641212  -0.016528796  -0.010110220  
-0.015516893  -0.0052321571  0.0024701826  0.0023750102  -0.0078189925  0.0083025381  -0.017892591  0.99819397  -0.00064512543  -0.00024356094  
-0.0037882854  0.00041038540  -0.016598333  0.00037213467  0.0080997277  -0.0043894090  0.016642642  0.00097161072  0.99816328  -0.0023323422  
-9.1578401e-05  -0.00045281580  0.00045726291  0.016688529  -0.00087886659  0.019054542  0.0098624387  0.00020753873  0.0021048072  0.99778213  
