0.99905236  0.00020418970  0.0043500803  0.0068954216  -0.0025333281  -0.0027518363  -0.00097665434  -0.0057657464  -0.0041340719  0.00085723971  
0.00027935861  0.99315546  -0.022135021  0.0022383448  0.013434666  0.042903011  -0.029963009  0.0029277719  0.040263553  -0.082412299  
0.0042670585  -0.021643518  -0.20725624  0.034680016  0.94110413  -0.017805041  -0.065501990  0.24506211  -0.034158962  -0.044378837  
0.00059458516  0.0075547149  0.35942265  -0.69249710  0.25283508  0.012194147  -0.0083855607  -0.57018516  -0.0094614063  0.0016802958  
-0.0059866532  0.013047424  0.88284409  0.41945727  0.14108632  -0.0061497832  -0.077830498  0.11166757  -0.049405560  -0.040201586  
0.00071535165  0.028700719  -0.00018501099  0.046917216  0.042219958  0.65107252  -0.13404154  -0.019996058  0.0031379371  0.74245750  
0.0039877449  -0.032209444  0.048811897  0.010417659  0.046375222  -0.042696158  0.069636595  0.020098114  0.99162166  0.044259230  
0.0074093504  0.00065753763  0.19734582  -0.58120200  -0.13759162  0.076196546  -0.034240815  0.77162693  -0.0068708164  -0.0077384379  
0.00074899996  0.039399170  0.062913628  0.013955638  0.074530434  0.067436916  0.98063735  0.044950061  -0.077291404  0.11278873  
0.0024525747  -0.087890431  -0.025076978  0.033203919  -0.0081284117  0.74826639  0.035341171  -0.048370527  0.058207600  -0.64958188  
