0.99865766  -0.0019566117  0.00066724266  0.0045744790  -0.0070110414  0.0087082966  -0.00070249778  -0.00061058856  -0.00020007296  0.00051684028  
0.0019404062  0.99824624  0.029522945  0.0039863926  -0.0030969263  -0.0043417825  -0.00080051073  -0.0032755650  -0.00010041761  0.00083267541  
0.00073860582  0.029454250  -0.99768223  0.0072744949  0.0056734632  0.0014339362  -0.028887251  -0.011101257  0.0022800296  -0.013103226  
0.0043425716  0.0044312896  -0.0075979888  -0.99822493  -0.0062817760  0.019515274  0.014011711  -0.0050951587  0.011004446  0.0062079594  
-0.0077660200  -0.0026034223  -0.0059590713  0.0077789415  -0.99541910  0.073726405  0.022561737  -0.0016199621  -0.012309944  -0.013372232  
0.0081406038  -0.0045334094  -0.0021770659  -0.019462267  -0.074070782  -0.99502985  -0.015661286  0.0081315308  -0.028500323  0.010055192  
-0.0010001858  -0.0015950932  0.028616993  -0.013762811  -0.021548960  0.017448015  -0.99773420  -0.0057933458  -0.00026830881  -0.0035706369  
-0.00072167541  -0.0036585771  0.010960201  0.0054471264  0.00034224538  -0.0099096043  0.0058100454  -0.99707782  0.054101553  0.0013460502  
-0.00025107029  2.5805232e-05  -0.00050838697  -0.010906015  0.015522033  0.026101828  0.0010053013  -0.054304687  -0.99279724  -0.087783851  
0.00079098288  0.00047190026  0.013135519  -0.0054950156  0.011228063  -0.013454844  0.0033168082  0.0036063739  0.087586176  -0.99452124  
