0.99862219  0.00010487264  0.0046135401  0.0028937586  0.0072812330  -0.00075398695  0.0015718447  0.0045241575  -0.0052040930  0.0016140173  
2.3819353e-05  -0.99444222  0.013592940  0.013821547  0.019272560  0.023030052  -0.024534572  0.0053210920  -0.0036191805  -0.080011268  
0.0098441161  -0.020715161  -0.65419820  -0.21794233  -0.47566426  -0.039412358  -0.062375612  -0.53640510  0.023894172  -0.036150388  
0.00049615984  0.0057199925  0.23927521  0.83897443  -0.38101257  -0.036360875  0.038253018  -0.29574137  -0.0055567909  -0.019574877  
0.00052302794  -0.010489021  -0.42157820  0.21011125  -0.40667320  0.058230719  0.052303828  0.77518508  -0.021097163  0.050037631  
0.00056660316  0.040854361  -0.013872340  0.0048590665  0.018596343  -0.70495035  -0.043813126  0.10436998  0.089877872  -0.69081841  
0.0015377354  0.032473806  0.089614463  0.0095120427  -0.079909737  0.13084157  -0.97783163  0.064889352  -0.0037774504  -0.064176363  
-0.0029406392  0.011934415  -0.57046566  0.44826090  0.67301699  0.0066193657  -0.10809490  -0.072961943  0.012022647  0.024079623  
0.0050513053  -0.0028140978  0.015631671  0.0093055749  -0.0084346168  0.10756294  0.012773886  0.018348013  0.99212319  0.020720505  
0.0011184300  0.069880972  -0.017984843  0.011180352  0.015614422  0.68182808  0.13628852  -0.019871142  -0.059856391  -0.71000561  
