0.99875480  -0.0012356617  -0.00045837947  0.0038431036  0.0039068169  0.0019698877  0.0048471242  0.0032146806  0.00011798419  -0.00094784858  
-0.00093285407  -0.99566062  0.057606583  -0.017013655  -0.022749144  0.0040144826  -0.022556589  -0.011410571  -0.011824718  -0.034758852  
0.0040742784  0.029661708  0.11622557  0.0089789776  -0.98504142  0.015247392  0.027628083  -0.10582057  -0.021957415  0.010003492  
0.0048771876  0.016431042  -0.043931477  -0.76026631  0.054530901  -0.016583793  -0.028928488  -0.63935594  0.062436729  -0.0079183947  
-0.00020198093  -0.056609869  -0.98342143  0.10066131  -0.10906969  -0.010653520  0.023324532  -0.064300871  -0.0043481306  0.019481723  
0.0023639768  -0.019491773  0.017054824  -0.014946285  -0.011848609  -0.85809539  -0.037409129  0.034072411  0.014426561  0.50764020  
-0.0047175855  -0.022282850  0.025286875  0.0017609105  0.035165696  -0.030687194  0.99557786  -0.046773556  -0.0065221873  0.023992135  
6.5645789e-05  -0.0018830835  -0.10311839  -0.63665187  -0.097697056  0.027377909  0.043837506  0.75424290  0.0073876567  -0.018918166  
-0.00055959916  -0.013602101  0.0028511037  0.052239088  -0.024082048  0.037769167  0.0090206843  0.030726287  0.99515097  0.034489823  
-0.00033131620  -0.026565785  0.0097067574  -0.017619911  0.018381821  0.50745224  -0.0071057644  -0.0071897746  -0.047658703  0.85777146  
