0.99785684  0.0027954175  0.0089747253  -0.00074930769  -0.0025629189  0.0073066083  -0.0084097989  0.0072549684  0.00098041874  -0.0029271460  
-0.0017219747  -0.90965249  -0.014251316  -0.010403840  -0.031730284  0.32252996  -0.15718472  0.013318948  0.12546781  -0.14985087  
-0.0081904452  -0.017524054  0.98631618  -0.038965773  -0.074892898  -0.013480348  0.076956445  -0.016315914  0.091245676  -0.0029534710  
-0.0057021086  0.022405213  -0.015728278  0.45377898  -0.67872914  -0.019345513  -0.049661793  0.56839262  -0.048945095  -0.0015683703  
0.0060583904  -0.023577293  -0.015931591  0.58310377  -0.25524352  -0.033595298  0.030097588  -0.76497909  0.044341024  0.023172011  
0.0080188290  -0.33286717  -0.021492318  -0.049781167  -0.015302240  -0.51909994  0.12360355  0.028077051  -0.014857706  0.77213639  
-0.0083108579  0.13915691  0.078329210  -0.026232677  0.0027656447  0.067006234  -0.94528110  -0.060817158  -0.024922092  0.25890427  
0.00021279284  0.041734592  -0.087827553  -0.66554829  -0.68017451  0.025029629  0.028699503  -0.27722153  0.045424823  -0.017774848  
0.00099860214  -0.14386915  0.082853644  -0.036515804  -0.018959869  -0.11259323  -0.032128876  -0.075291211  -0.96168878  -0.14877184  
-0.0025872963  0.12043790  0.015525525  0.025306481  -0.0074099245  0.77662635  0.22532227  -0.0027723469  -0.19851151  0.53580654  
