0.99865330  -0.0022093756  -0.0013021109  0.00081593470  -0.0014974973  0.00025626947  0.0016904992  0.0015036925  -0.0024888256  4.5160002e-05  
0.0022954057  0.99822868  -0.0012667919  -0.018088220  0.0032203268  0.023344737  -0.0011119032  -0.00062948132  0.00024290259  -0.0029283579  
0.0012249685  0.0052594816  0.96787731  0.22857261  0.085483217  -1.9473004e-05  0.00090994851  0.023808971  0.019434933  -0.0030425565  
-0.0010254412  0.017181660  -0.23451032  0.96850492  0.057519011  0.00028120590  0.0051720509  0.021291174  -0.0023582158  -0.019448203  
0.0014673430  -0.0063186157  -0.069640402  -0.075536965  0.99026067  0.075306282  -0.018322402  0.0030970004  -0.00027197809  0.00062320376  
-0.00039247611  -0.022767979  0.0053683905  0.0061152880  -0.074875625  0.99541807  0.0032587322  -0.00013387120  -0.00062938276  0.013489557  
-0.0019368003  0.00070839958  -0.0039925325  -0.012757773  0.016532305  -0.00073568977  0.97788655  0.18469772  -0.0083779156  -0.080175760  
-0.0015163501  5.6879992e-05  -0.016027104  -0.023736218  -0.0096028424  1.3805733e-05  -0.18439200  0.97808742  -0.073713956  0.013641780  
0.0023804314  -0.00099790796  -0.019886894  -0.0074477386  -0.0024511216  0.0033165520  -0.020468609  0.071849921  0.97825245  -0.18482958  
0.00032627570  0.0035344654  -0.0055429371  0.017642858  0.0028383917  -0.013327015  0.078887051  0.015573017  0.18538993  0.97773607  
