0.99831348  -0.00091155985  -0.0026810392  0.00035572330  0.00019878301  0.00055526674  -0.0080449646  -0.0013513719  -0.0074539792  -0.0021900810  
0.00075839178  0.99789781  -0.013622607  -0.016567801  0.010764149  -0.015393370  -0.0015811429  0.00084131151  -0.00060663642  -0.00096194390  
0.0024785291  0.011380584  0.98444189  -0.13255645  -0.0036285846  0.012175370  -0.033132183  0.092705492  0.00014659948  0.0033217077  
0.00025466611  0.017751789  0.13594798  0.98754278  0.031423334  -0.0066872193  0.020393716  -0.027173775  -0.0049260938  0.015779054  
-0.00025475779  -0.010977552  -0.0066165430  -0.028265749  0.99550179  0.024047993  -0.021313062  0.059072803  0.013438853  0.0039861363  
-0.00063111559  0.015735719  -0.012285309  0.0089051526  -0.024103189  0.99755667  -7.5190606e-05  0.0084974979  -0.021036513  0.011072993  
0.0079802566  0.0012728983  0.025552913  -0.022518662  0.017895929  0.00081798586  0.99530590  0.052284202  -0.0084007319  -0.038215400  
0.00081789010  -0.00097554487  -0.089115772  0.042480173  -0.059321707  -0.010645228  -0.047466840  0.98995545  0.031671582  0.0022633263  
0.0077317967  0.0012272942  0.0032101311  0.0031289519  -0.011943729  0.020502227  0.012018589  -0.031890236  0.99631954  0.048720904  
0.0021767275  0.00049953231  -0.0043038184  -0.016429173  -0.0028115888  -0.011962900  0.037652024  0.0010976950  -0.048690753  0.99620257  
