0.99864022  -0.00056548859  0.010613145  -0.00057399785  0.0020087260  0.0037995981  -0.0054861060  -0.0098050939  0.0045171332  0.00067528764  
0.00051002111  0.99845395  -0.011116152  0.0033107710  -0.0040988913  0.0027272984  -0.0012992933  -0.019103105  -0.00094325327  -0.00022393056  
-0.0069719577  0.016011536  0.90310193  0.21011105  0.22346012  -0.019744224  -0.011251502  0.29457136  -0.010285112  0.0015395059  
-0.00040765395  -0.0098247055  -0.097391252  0.94744417  -0.17691315  0.015856710  0.026149655  -0.24019919  0.0066584496  -0.0028510318  
0.012994862  0.012923378  -0.34950918  0.19972080  0.017235772  -0.067874415  -0.0086794313  0.91100274  -0.0038215584  0.0015579340  
-0.0029744781  -0.0014274151  -0.0034020151  0.0021491646  0.0034546007  0.99601042  -0.0036247939  0.072353200  -0.012952023  -0.00089046731  
0.0054147630  0.0016844061  -0.0090595939  -0.010262313  0.088126276  0.0027000096  0.99162602  0.0069989858  -0.0044305780  -0.076274904  
0.00090885525  0.0017145544  0.22295774  -0.12395262  -0.95031491  -0.0040018268  0.083897371  0.13128966  0.069927395  -0.0099041461  
-0.0045980302  0.0010722765  -0.0072523231  0.0052673685  0.070705014  0.012644348  -0.0082247049  2.0895621e-05  0.99259690  -0.082927017  
-0.00080735687  0.00038868539  -0.00022804166  0.00053855370  0.0023149717  0.0025638480  0.076458385  -0.00065828561  0.083268397  0.99219636  
