0.99862499  0.0025327014  -0.0033974613  0.0013217167  0.0029292131  -4.1641230e-05  -0.0053371120  -0.0036487017  0.0052967483  0.0029286091  
-0.0026228682  0.99859885  -0.0017681689  0.00035459291  -2.0347894e-05  -0.00077452102  0.0013712533  0.0056574071  0.0091639309  0.00070571599  
0.0037056523  0.0018073533  0.99077761  -0.11590310  -0.047101153  0.0017602081  0.0067649703  -0.0022440684  6.7958629e-05  0.00071621635  
-0.00088260811  2.6731946e-05  0.11748958  0.99100092  0.031764632  -0.00071937372  -0.012503113  0.0024071612  -0.0087391646  0.0030871237  
-0.0024737278  -0.00019307893  0.042591576  -0.035872188  0.99436571  0.00027267371  0.070684129  0.0010106826  0.021131548  0.0026489951  
-2.6273851e-05  0.00054000980  -0.0018530159  0.0012673210  -0.0015162329  0.99788580  0.013149138  -0.021066289  0.017550756  0.030283345  
0.0060062079  -0.00081248042  -0.0081672919  0.015412729  -0.068209598  -0.010057788  0.99187662  0.00018583809  -0.053847424  -0.072329300  
0.0036808312  -0.0056866032  0.0018444892  -0.0025170351  -0.0013476509  0.020974241  0.00023156515  0.99835965  0.0065332124  0.00043393839  
-0.0052946028  -0.0092395041  -0.00072626100  0.0098711997  -0.025388489  -0.023238792  0.063033291  -0.0060573884  0.98285281  0.16197424  
-0.0014014577  0.00070940794  -0.0015852912  -0.0033243067  -0.0035336185  -0.027766585  0.062111328  0.0012275460  -0.16660009  0.98234556  
