0.99851772  -0.00031860758  0.0078574457  0.0061964578  0.0014158517  -0.0012689657  0.0011097726  -0.00023404470  -0.00072431676  -0.00017444833  
-0.00032399287  -0.99745717  0.0063260709  -0.014835195  0.027636202  0.00030503918  -0.029314513  -0.0010843858  -0.012224907  0.0056900578  
-0.0072164478  0.0077881720  0.99271291  -0.098690480  -0.010643981  -0.037488881  -0.0076574543  0.0060282523  0.0039416468  0.0013794331  
0.0067231264  0.016296725  -0.097211079  -0.98633697  0.11084950  -0.0050679581  0.013559130  -0.019467858  0.035957786  0.0018519524  
-0.0021722506  0.025344038  0.023496404  0.10952489  0.98938303  0.046740873  0.019194657  -0.042525021  -0.0095326686  -0.020284955  
0.0011202895  -0.0012229227  0.035715156  -0.013800078  -0.045293335  0.99615030  0.015779154  0.031922249  0.015750012  -0.0064836908  
0.0011908095  0.029425877  -0.0090710554  -0.012268321  0.024010380  0.012454693  -0.98768170  0.13105919  0.00025108376  -0.049960738  
-0.00025143728  0.0040653779  0.0071088169  0.010656752  -0.043208011  0.032233568  -0.13154087  -0.98756575  -0.037120211  -0.0020479832  
-0.00045532876  0.013035227  0.00033656678  -0.037083006  -0.0033586433  0.014122309  0.0021430107  0.037396957  -0.99398409  0.077584864  
0.00033624891  0.0066520772  -0.0010443632  0.0065269599  0.020902752  0.0070992640  -0.049581267  0.0010264450  0.077504136  0.99401046  
