0.99809153  -0.0011305189  -0.0024646414  -0.0037222697  -0.0078198117  -0.00011751965  0.00014619642  -0.0054731669  0.0038019609  -0.00023189070  
-0.0012783899  -0.98416067  -0.010098666  -0.0011100077  0.031524731  0.016711731  -0.10309981  0.0071129600  0.12197886  0.026851653  
0.0029887040  -0.0073242949  0.47777988  -0.071650181  0.64989434  -0.012574581  0.16413205  -0.55911726  -0.014686206  -0.0077544040  
0.0059889223  0.0098926736  -0.59653312  0.51257612  0.58950367  -0.051587485  0.078490299  0.13534791  -0.044945563  -0.022533732  
-0.0023980871  -0.013676234  -0.46521431  -0.83203842  0.21490808  -0.073508033  0.17523102  0.013796907  -0.042713370  -0.053601088  
0.00063674879  0.052020263  -0.016642685  -0.064459640  0.12282115  0.95909689  -0.042555316  0.096223821  0.20558049  0.030874102  
-0.0018476715  0.096089212  0.020444715  -0.022397276  0.057602291  -0.20405302  0.14642684  0.10512243  0.79005397  0.53333511  
-0.0079244016  -0.019330988  -0.41976809  0.14422534  -0.37917721  0.11778278  0.19083498  -0.76790481  0.077324260  0.096236432  
-0.00036530326  0.098740361  -0.12712654  -0.10175700  0.12914084  -0.048293059  -0.89184503  -0.21060172  -0.051943147  0.31374582  
-0.0027558833  0.072453022  -0.046011490  0.0021897461  0.012276199  -0.10032933  -0.25831825  -0.10363337  0.54966780  -0.77418795  
