0.99824171  0.0021604658  -0.00052877579  0.0042257737  -0.0020198828  0.00084663431  -0.0051301918  0.0025396868  0.00053890993  0.00045567765  
0.00086782045  -0.92172968  0.0067831017  0.013984881  -0.0018794628  0.31235125  -0.15888425  0.00011155591  -0.084839799  0.12907601  
-0.0011111163  -0.0070741565  -0.48291205  -0.36889677  -0.59820915  0.00091712114  0.0014643190  0.51844721  0.00034660812  0.0047766425  
0.0021395290  -0.012951716  -0.32278858  -0.39604403  0.79051606  -0.011896766  -0.0083113688  0.32923128  0.033628935  0.019012372  
0.0035377899  -0.0071997287  0.59870163  -0.78144059  -0.10170785  0.0069388454  -0.020287965  -0.11535170  0.053117231  -0.0055369348  
0.0017772880  -0.30894364  -0.011072146  -0.0045859748  0.0014811535  -0.55885500  0.062636134  -0.0082499021  0.017435973  -0.76448854  
-0.0053222938  0.16017334  -0.010861309  0.016692360  -0.0011928057  0.060957567  -0.96493599  0.0069268467  0.0069271470  -0.18808084  
-0.0029757875  0.0018955775  0.54694040  0.29815816  0.048852781  -0.012025801  0.0060321467  0.77853224  0.0030222172  -0.0094511257  
-0.00075415763  -0.083849933  -0.020993709  0.055940538  -0.022671191  -0.019855275  -0.020635978  -0.0082289080  0.98969184  0.069168539  
0.00022978810  0.13602053  -0.011793344  -0.0029163517  0.016065708  0.76306689  0.18738828  0.010893527  0.072637043  -0.59546830  
