0.99886675  0.00061143934  -0.0025820904  -0.0030207368  0.00090268747  0.0016556613  -0.0010100959  0.0017412635  -0.0015414153  0.0027305450  
-0.00080919568  0.99871906  -0.011446791  -0.0079394689  -6.0770356e-05  -0.0059948807  -0.0013158074  -0.0058164385  -0.0014710971  -0.0020759125  
0.0023635967  0.010924681  0.99658372  -0.064553547  -0.0026983625  -0.0022230065  0.00032153477  0.0084880135  0.0016606108  0.0087686799  
0.0032440895  0.0087528091  0.064632061  0.99647388  0.015343499  0.00075845020  0.0039666067  -0.010203201  0.0071581618  -0.00036675937  
-0.00075903552  -0.00041268914  0.0024622489  -0.015456182  0.99336146  0.0035133621  -0.078799977  -0.028475621  0.0012636125  -0.060716259  
-0.0017464495  0.0062379255  0.0015942896  0.00014506260  -0.0052411827  0.99520287  -0.045092750  0.072467877  -0.0069033081  -0.0035771840  
0.0019374671  0.00033343859  0.0037465232  -0.0042069757  0.042358383  0.038572991  0.88540934  -0.0048997466  -0.073775546  -0.45274832  
-0.0016179026  0.0053951646  -0.0078985834  0.010243339  0.028979847  -0.072098334  0.0042417810  0.99575015  0.0019667758  -0.0061508096  
0.00077762313  0.0023276885  -0.0048158066  -0.0076181255  0.037563846  0.018478548  0.23964607  -0.00056946843  0.91267407  0.32496251  
-0.0025896221  0.0016931972  -0.0063646388  0.00078225178  0.081721480  0.017912092  0.38478206  0.0030753679  -0.39904299  0.82666554  
