0.99814674  -0.0010515100  0.016397270  -0.00037302571  -0.0018379438  0.0011563603  0.00089620058  0.00096138462  0.00013992344  0.00044385857  
0.0011433214  0.99758438  0.0049799628  0.033484126  0.015107752  -0.0035238516  0.0017021783  0.00089667762  0.00085868671  -0.00043944865  
-0.016383463  -0.0049538859  0.99793488  0.0035402776  -0.0053773431  -0.00056066679  -0.0071945509  2.6954837e-05  0.00064474872  0.00043736294  
0.00043872032  -0.033506090  -0.0037348458  0.99725238  -0.0024890660  -0.0074784849  -0.0057462619  0.0017892846  0.014986732  -0.013287906  
0.0017684591  -0.015307480  0.0052917895  0.0017497399  0.99653028  -0.052934733  0.017348056  0.00048790956  0.0086546835  -0.0023112969  
-0.0010637042  0.0023962613  0.0011777978  0.0075506959  0.052943894  0.99675073  0.0027910601  -0.0095090407  -0.0039840145  -0.011376275  
-0.00098790870  -0.0016755679  0.0070272121  0.0057580372  -0.017445126  -0.0019259106  0.99796221  0.0029379930  -0.0039852781  0.0021106391  
-0.00090180179  -0.00080086500  -7.5520808e-05  -0.0016052741  6.5031320e-05  0.0096103111  -0.0029790619  0.99816471  -0.00016171189  0.010132537  
-0.00031544061  -0.00020460573  -0.00057038513  -0.014696321  -0.0084297085  0.0047631201  0.0038551074  -6.9662360e-05  0.99784211  0.017995915  
-0.00061107096  3.0432280e-05  -0.00045557705  0.013651787  0.0031597515  0.010965813  -0.0022591140  -0.010023621  -0.017779840  0.99769709  
