0.99857001  0.0016292535  0.0010570050  0.0050417082  -0.0010052988  -0.0021736542  -0.00073235534  0.00047442721  -0.0022823127  0.00070560583  
-0.00051716453  0.89560141  -0.016413630  0.0061314049  -0.015086181  0.41777628  0.093976406  -2.3966512e-05  -0.029951022  -0.10103741  
-0.0035836829  -0.0036081397  0.11883275  0.44328204  -0.77842151  -0.018938420  -0.050010134  0.41574193  -0.066833410  -0.014000334  
-0.0036418960  -0.017634576  -0.16652649  0.88760703  0.35557230  0.012940209  0.057117405  -0.22297807  0.022065765  -0.026221782  
0.0012360000  -0.0042122645  -0.94174063  -0.086802053  -0.020230857  -0.022676191  -0.024801497  0.31757557  -0.017180239  0.0039868958  
-0.0028387214  0.40282066  -0.0071734657  0.0068606944  -0.0030565099  -0.86917938  -0.17135002  -0.096041571  -0.14768536  -0.13588890  
-0.0014185290  -0.11500059  0.0082768941  -0.011696668  0.071695957  0.16409555  -0.12320282  -0.023258100  -0.94892320  -0.18770334  
0.00063250872  -0.051142775  -0.26015566  -0.053672238  -0.50612383  0.074031634  -0.0014289673  -0.81305906  0.0055418654  -0.033517831  
-0.00036448428  -0.0021498262  -0.0088467578  -0.025983895  -0.053089676  -0.18247011  0.94552717  0.011256548  -0.19191840  0.17037696  
-0.0015710356  0.12827326  -0.0077423418  0.033575630  0.0021662428  -0.012368795  -0.20769841  -0.050489015  -0.17785320  0.94971512  
