0.99822566  -0.00021635276  -0.0016384771  1.9586164e-06  -0.00054680345  0.00020417012  0.00066598449  0.00021387986  -0.0079244655  -0.00048284065  
5.4684175e-05  0.99465657  -0.061493732  0.013070656  0.042548240  0.0065541254  0.0040151203  0.025956899  -0.021861345  0.0054512305  
-0.0011924156  -0.051831474  -0.86301955  0.20732671  0.15079604  -0.010870914  -0.048035765  -0.42199982  -0.0011395733  0.054858694  
-0.00064153645  0.013540502  -0.19835862  -0.93457071  -0.24835631  0.0088141435  0.0090407014  -0.14365131  -0.023931285  0.0093764910  
-0.00028034435  0.051244739  0.12362392  0.26600642  -0.85149321  0.0082961326  -0.041961936  -0.42264401  -0.014147944  0.044528509  
0.00073265975  -0.0045258353  -0.0034476253  0.0044255029  0.013987436  0.99134760  -0.046254265  -0.0094730851  0.10375518  -0.029645646  
0.0079835306  0.023940267  0.0052408988  -0.023480266  -0.0094865031  -0.10663992  -0.10109456  -0.011913199  0.98580545  0.039431932  
0.0011788536  0.030250356  0.43747594  -0.087096521  0.42871293  -0.012981237  -0.081133187  -0.77801999  -0.020306572  0.0021660001  
2.2035847e-05  -0.0010367040  0.010533578  0.017515419  0.014654320  0.040305210  0.96507058  -0.091284921  0.094543635  0.21348917  
0.00010834246  -0.0060653138  0.041750123  -0.017597713  0.029326801  0.025863037  -0.20496385  0.066405050  -0.056674976  0.97129273  
