0.99864693  -0.00021225368  0.00036736063  0.0025538865  -0.00081680357  0.0015860451  -0.00048699991  -0.00011759338  0.0096159487  0.0035182736  
0.00064740676  0.99265980  -0.0025560899  -0.090833063  -0.0096498448  0.012522006  -0.037627410  -0.027829233  -0.031117501  -0.011090321  
-0.00045666101  -0.017845304  0.94724530  -0.26812398  -0.0075136626  0.034232651  -0.039115504  0.14328221  0.065464437  0.018628240  
0.0013361564  -0.078117572  -0.057813616  -0.60291094  -0.13797491  -0.066618133  -0.033139929  -0.76397035  0.050875860  -0.11596548  
0.00090714160  -0.016732858  -0.092677482  -0.29043005  0.94461284  0.045863787  -0.052037262  0.067920765  0.048477340  0.0056313730  
-0.0033438673  -0.0034826726  -0.032439603  -0.0098155172  -0.047048220  0.96326278  0.16713143  -0.074837011  0.15813849  0.086776820  
0.0095773597  -0.026287398  0.061857911  -0.032940800  0.047531545  0.14099396  0.24244895  0.0044218113  -0.84267917  -0.44783930  
0.0016188814  -0.045789571  -0.28586530  -0.67879223  -0.27875075  0.0041034927  0.062070531  0.60919298  0.0099452614  0.0058969877  
0.00019176661  -0.028530098  -0.036038063  0.046406872  -0.049661235  0.17337310  -0.77747768  0.091821836  0.10739011  -0.57984619  
0.0021206103  -0.038290757  -0.018981769  -0.071436523  -0.034815340  0.10788102  -0.54367788  -0.051046712  -0.49021053  0.66260354  
