0.99882115  0.00051338468  0.0032941179  0.0011641451  0.0047530224  -0.00020805667  -0.0043847675  0.0048922523  0.00038974829  -0.0041124200  
-0.00060809655  0.99849230  0.0063448387  0.0016126006  0.0090010966  -0.0041926918  -0.013709560  -0.010361080  -0.0031195144  0.015329932  
-0.0030710201  -0.0039596076  0.85642319  -0.49658247  0.016960726  0.0045181302  -0.027698445  0.12802923  -0.00074517482  0.0097222844  
0.00014062152  0.0096364092  -0.48056849  -0.69257426  0.030300407  0.016915244  0.045308546  0.53116862  -0.017328842  0.031074594  
-0.0046856229  -0.0083178658  0.010020438  0.053799513  0.99590597  0.0025488259  0.047739343  0.018231511  -0.0083998383  0.00094314176  
-0.0017482123  -0.0073985460  -0.013107272  0.027655060  0.021119602  0.80138207  -0.54828547  0.028998719  -0.11131148  0.20063369  
-0.0028742137  -0.016033376  -0.026043451  0.015434188  0.036617943  -0.56743694  -0.75237527  0.065827018  0.15697383  0.27932828  
-0.0048146072  0.0080435245  0.17818670  0.51618565  -0.048212641  -0.0031908883  0.062352449  0.83142911  -0.043227566  -0.015197610  
0.0039235226  -0.010721423  0.011927952  0.0096350664  -0.015122214  -0.13237491  0.18872287  -0.049212327  -0.71575437  0.65503814  
0.0037389564  -0.0036133663  0.016929510  0.026829516  -0.011080051  0.12534794  0.29339967  0.0046002714  0.66785931  0.66987007  
