0.99891218  0.00054019778  0.00076449906  -0.00015965586  0.0010677947  -0.00062967624  -0.0020102782  0.00021992342  -0.00020225850  0.00031436563  
-0.00046532650  0.99878911  -0.00047287373  -0.0054691314  -0.0042391525  0.013830311  -0.00049632868  -0.0012199025  -0.0010492417  -0.00064333871  
-0.00078761826  0.00043811414  0.99887279  -0.0016317649  -7.7926498e-05  0.0021134553  -0.0029583353  -0.00052060702  0.0017939523  0.00034863719  
0.00023473136  0.0053112140  0.0015929639  0.99853053  -0.020898033  0.0021147243  0.012760009  0.00070579677  -0.00020309228  -0.0069303609  
-0.0011202735  0.0046491700  0.00020813417  0.021322263  0.99828616  -0.015607636  -0.025459655  -0.0012962761  -0.0052713817  -0.0081072362  
0.00067815891  -0.013784294  -0.0018522542  -0.0018142865  0.015988445  0.99855250  0.013787513  0.0077631058  -0.0058064608  0.0017847804  
0.0019213184  0.00074983402  0.0029753658  -0.012258756  0.025445827  -0.014296942  0.99839302  0.0048336506  0.0031677121  -0.0058094284  
-0.00025043607  0.0013312731  0.00048865460  -0.00053858481  0.0010699383  -0.0076449808  -0.0049282721  0.99883852  0.0073709414  0.0054380965  
0.00024794048  0.0010428774  -0.0018984137  0.00072789434  0.0055921779  0.0057606096  -0.0029353953  -0.0074304921  0.99772771  0.048567816  
-0.00031993745  0.00067423279  -0.00016774832  0.0070476193  0.0077320545  -0.0021944761  0.0057831020  -0.0051409274  -0.048578225  0.99764756  
