0.99883680  -0.0011078830  -0.0074953633  -0.0015276899  -0.0015206781  0.0020371734  0.0025902798  -0.00024196477  0.00010091793  0.00040061092  
0.0012134941  0.99862822  -0.0057336414  0.013776987  -0.0035502054  -0.0091786567  0.00081394845  -0.0071879230  0.0025289878  0.0020253194  
0.0075232418  0.0055903825  0.99863021  0.0030500599  0.011401817  -0.0013511319  0.013277430  -0.00045222873  0.00093237487  0.00029191478  
0.0014993041  -0.013171652  -0.0033066924  0.99791228  0.032396415  0.020244468  0.0044132232  0.0069396964  -0.0089530166  -0.0018637918  
0.0016110374  0.0028775328  -0.011588568  -0.029335756  0.98930011  -0.13231325  0.013753835  -0.0071336507  0.0065449150  0.00054442256  
-0.0017634824  0.0097284560  0.00026050169  -0.024020439  0.13170714  0.98960568  -0.0063867240  -0.013622671  0.0036290141  -0.0057405232  
-0.0027040712  -0.00080081524  -0.013021585  -0.0041792839  -0.013118244  0.0078203238  0.99850606  0.0019364464  0.0069348032  0.0067848303  
0.00017469031  0.0074858286  0.00051305604  -0.0074012406  0.0082541289  0.012046257  -0.0018234628  0.99751157  0.014513987  -0.045458962  
-0.00018824425  -0.0027142758  -0.00090470870  0.0093257863  -0.0064256293  -0.0031038813  -0.0065853824  -0.016237668  0.99757614  -0.043878183  
-0.00032757438  -0.0017726770  6.5199803e-05  0.0018867217  0.00061862129  0.0060962599  -0.0074812579  0.044733525  0.044480992  0.99675231  
