0.99889863  0.0019978983  -0.0011384821  0.00056860147  0.014982089  -0.00048709449  0.00094990507  0.0010869842  -0.0068353191  0.00057997234  
-0.0016203952  0.89940922  0.045284809  0.023157334  -0.010874247  0.41116782  -0.025506038  0.010064761  -0.0036774314  0.12784209  
0.0012462879  -0.025899956  0.99352083  0.028215776  -0.011455104  -0.048136710  0.044352918  -0.069638401  0.00013701669  -0.0077195942  
-0.00032926107  -0.028539271  -0.028562453  0.99640853  -0.024587352  -0.0044313257  -0.018493219  -0.00065918837  -0.029376587  0.036434906  
-0.015239383  0.027927460  0.0063032719  0.024959977  0.99599805  -0.033419234  0.015215074  -0.041362587  -0.029821922  -0.0050097608  
-0.00093319139  0.41068688  -0.030791073  0.025035372  -0.041059584  -0.72830125  0.047970748  0.017784585  -0.068740688  -0.53717914  
-0.0063861117  -0.029951264  -0.0045885009  -0.028912671  -0.028438022  0.054185758  0.16585066  0.0029830235  -0.98115341  0.045135561  
-0.0016580785  -0.015540187  0.069897566  0.0024500337  0.041440101  -0.0029292867  -0.0023875897  0.99536532  0.0021051239  0.017575238  
-0.00012371496  0.0010018755  0.040602327  -0.023529636  0.0077504375  -0.078908949  -0.97963967  -0.0058974718  -0.16823882  0.037315142  
-0.00071459156  0.13031272  -0.019460690  -0.027977161  -0.017633013  -0.53457010  0.071484832  -0.011808210  0.017971854  0.82936504  
