0.99906871  0.00078499255  0.00033742492  0.00053420170  0.0083370151  0.0024798584  -0.011667188  3.3769054e-05  7.3283054e-05  0.0024358865  
-0.00040636096  0.91982850  -0.0098764577  -0.0014476817  -0.0070769230  -0.34499588  -0.032591512  -0.0091010484  -0.16947868  0.055658775  
-0.0061487399  0.012443268  0.29803203  -0.15989717  0.62349832  0.039554924  -0.065463970  0.69379458  -0.085716613  -0.019082112  
0.0032861852  -0.010790231  0.25559284  0.71051412  -0.45424027  -0.040939970  0.0022636149  0.46718693  0.0096471213  0.038479959  
0.0026309135  -0.0023839909  -0.69616622  -0.31525467  -0.35380403  0.049311602  -0.059476375  0.52493654  -0.081641904  -0.030139550  
-0.0039621345  0.32905448  0.058431031  0.033434986  -0.053811778  0.92470117  -0.14480655  -0.047320590  -0.055791317  0.033517945  
-0.010746999  -0.079388403  0.061788113  -0.024355456  -0.054742020  -0.13325162  -0.98017886  -0.061150135  0.038603653  0.024103205  
-0.0053815812  -0.013684910  -0.58427449  0.60427815  0.51394093  0.026390593  -0.081556543  -0.093938551  -0.10465561  -0.012732690  
-0.00062180103  0.18827054  -0.093849762  0.023827963  0.079259908  0.0096493464  0.0021725379  0.086794810  0.96279029  -0.11149216  
0.0021971089  0.039273580  0.046350272  0.030430724  -0.038050759  0.0032759019  -0.026604402  -0.023365360  -0.11322766  -0.98904514  
