0.99802603  0.0024788982  -0.010946589  0.0090703998  -0.0026928976  -0.0035630733  -0.0064318942  -0.012283430  0.0063751990  0.00086377795  
-0.0024215955  0.99806227  -0.0081711558  0.0015243463  -0.00050087629  -0.0027151918  0.0051019005  0.010384738  -0.0022596054  -0.0020423035  
0.013624506  0.0082594570  0.92207807  -0.35182265  0.14720862  -0.00030008828  -0.0028052903  -0.013003649  -0.0095289842  -0.0019129076  
-0.0045119926  0.0013989651  0.36219856  0.92837874  -0.049958334  -0.00063875391  -0.0056353974  0.014856419  0.00097014211  0.0068560760  
0.0011760896  -0.0014915526  -0.11257708  0.096126451  0.94729681  0.0066589415  0.24826859  -0.0019808375  0.12052807  0.027534164  
0.0020309978  0.0037155696  -0.00036777082  0.0027500599  -0.0018535445  0.99078481  -0.010006428  -0.11818626  -0.019167490  -0.021322005  
0.0062021699  -0.0044872787  0.034088694  -0.021484064  -0.24659796  0.011811496  0.95945987  0.0031675404  -0.012882173  0.11114311  
0.012847586  -0.0098783583  0.0060801792  -0.017723856  0.0051552022  0.11793005  -0.0038407588  0.99069128  -0.0032821960  -0.0037575046  
-0.0063736650  0.0030503313  0.021671253  -0.017628785  -0.11339012  0.023142563  -0.044675719  0.0014849070  0.96213909  0.23378760  
0.00016046720  0.0019896879  -0.0066736811  -0.0031378174  0.029513104  0.015196184  -0.10729458  0.00049682921  -0.23554750  0.96330301  
