0.99786593  -3.9634541e-05  -0.021250577  -0.00082522402  0.00018379127  -0.0013746108  0.0021351667  0.00054598403  9.4819769e-05  0.00083931285  
0.00019832652  0.99781760  0.0037690495  0.018253649  0.0084450309  0.0055431322  0.0010960056  0.0019889318  0.0013053576  -0.0024039032  
0.021184090  -0.0038586098  0.99686189  0.0046787288  -0.0096379499  0.0017510710  0.036573831  1.6141184e-05  0.0031515359  0.00027925547  
0.00082782080  -0.018318269  -0.0043064346  0.99589779  0.027538255  -0.042513492  -0.00031593113  0.015644762  0.0027063555  -0.018032359  
-0.00044812056  -0.0053755505  0.0096601954  -0.040358426  0.93543054  -0.34518387  0.0064987910  0.0026076717  0.0064289120  -0.0011903147  
0.0013097622  -0.0087701901  0.0011852213  0.029958271  0.34651676  0.93525272  0.0099733786  0.011160558  -0.014388863  -0.0077732295  
-0.0028727145  -0.00085373059  -0.036616380  0.00011125727  -0.0092157543  -0.0072435230  0.99708400  0.0012480780  -0.0038611215  0.0053936573  
-0.00064987981  -0.0016370262  -5.1580862e-05  -0.015874643  -0.0067940232  -0.0081560075  -0.0013244339  0.99679129  0.045089930  0.0055104051  
9.2283892e-05  -0.0018120872  -0.0031684227  -0.0065500004  -0.0020263968  0.013776815  0.0059302496  -0.041811357  0.95518736  -0.28517327  
-0.00082493411  0.0015799901  -0.0010413191  0.017265752  0.0040233432  0.010608809  -0.0039420941  -0.017602508  0.28476449  0.95588401  
