0.99890095  -0.00087489860  0.0022897335  0.00043492545  -0.0016328142  0.00050553793  0.00062901488  0.0015135287  -0.00051568108  0.00088044737  
0.00090228604  0.99876795  -0.0030596517  -0.0098898968  0.0026745655  -0.0066321142  -0.0028088726  -0.00017609350  0.0015917755  9.1971453e-05  
-0.0024625512  0.0029153853  0.99247084  -0.029029396  -0.085427838  -0.0012154018  -0.0018938321  0.068546162  -0.00091562269  0.00014655773  
-0.00050182692  0.0097479542  0.027590307  0.99816657  -0.00062315412  0.00027866801  -0.0052181402  0.020972053  0.0017497494  0.0045186624  
0.0014286161  -0.0023694181  0.082592437  -0.0025899995  0.99441619  0.010927112  -0.010419595  0.042572251  0.00011738345  1.2282053e-05  
-0.00049777045  0.0067858323  0.00024491134  -0.00036860778  -0.011078211  0.99880263  0.00024371680  -0.00016178473  -0.0079627555  0.0057763858  
-0.00047350975  0.0028626446  0.0051284864  0.0058184011  0.011145955  -0.00010478919  0.99805594  -0.030447827  -0.0096390297  -0.019767886  
-0.0014844110  -2.4571683e-05  -0.072361276  -0.018738829  -0.036234622  -0.00032885777  0.031171405  0.99493695  -0.011476306  -0.00055464381  
0.00048359952  -0.0015321063  0.00017876617  -0.0020874324  -0.00059289433  0.0076882535  0.010729718  0.011262875  0.99820436  0.036232185  
-0.00081883412  -6.3054282e-05  -0.00022258386  -0.0044462498  0.00029557802  -0.0058532097  0.019535593  -0.00056830348  -0.036338508  0.99804050  
