0.99858505  -0.00047597335  9.5785777e-05  0.0010187376  -9.8813165e-05  -0.0010010001  0.0029853682  -0.00021416914  0.00062274275  0.00015930081  
0.00043671537  0.91876435  0.015446964  -0.0085514891  -0.032163587  -0.024604115  0.0060643454  0.37385559  -0.077876825  0.072033736  
-0.00032214053  0.0040180746  -0.11803674  -0.50800150  0.38267846  -0.75871177  0.040714288  -0.029914419  0.0024443131  -0.019186954  
0.00049786372  -0.019162622  0.50845908  -0.60930806  -0.60389038  0.026264617  0.0069066965  -0.033491121  0.010298762  -0.012914583  
-0.0014615225  -0.021691328  0.41799725  0.60540439  -0.28352129  -0.61041982  0.047624748  -0.011646063  0.011480264  -0.0075913797  
-0.00045142651  -0.020741236  -0.74013161  0.0030930032  -0.63439463  -0.20331216  0.070694741  0.012107334  -0.0027055211  -0.00060409855  
0.0028515656  -0.0043990092  -0.033361758  0.0035800648  -0.047174566  -0.074976078  -0.99363147  0.023678065  0.0096812018  -0.011571721  
0.00010836456  0.37729219  -0.024597531  0.028539608  -0.0092903722  0.018210424  -0.023294126  -0.92122622  -0.031342574  -0.051935358  
0.00015766738  0.058173582  -0.0057055789  0.010938405  0.0023309957  0.018035119  0.013108714  0.075548616  0.12950690  -0.98520927  
0.00061735799  -0.077318716  0.010392296  0.00060130625  -0.0041993984  -0.0051259168  -0.0073001018  0.0093396442  -0.98636734  -0.13375585  
