0.99903273  0.00058765194  0.0010194571  -0.00047204620  -0.0012672835  0.0020310965  0.00029954850  -0.0011569446  -0.0012806648  -0.0031985378  
-0.00051199427  -0.91860332  -0.025160896  -0.0066620026  -0.027131310  0.34206236  -0.14384079  -0.0091890759  -0.093331812  -0.079664534  
0.0012974234  -0.024728736  0.34476191  0.28206748  0.80461498  0.011010568  -0.063001453  0.38394034  0.0035576153  -0.0075821021  
-0.00018638959  -0.0092541138  0.29610727  0.56215836  -0.57154140  -0.048170109  -0.049243646  0.51228521  -0.018671995  0.0047391964  
-0.0014287169  -0.029165939  0.84272303  -0.50571030  -0.13885011  -0.025668846  0.050475385  -0.086494902  -0.033783935  0.0094102877  
-0.0017200565  0.33364584  0.012229358  -0.048692622  -0.035961542  0.93042697  0.040694483  0.10319584  0.0033098776  0.069879800  
0.0020427564  -0.14713911  -0.019422590  -0.077242082  -0.015309884  0.0030020188  0.21668713  0.12855862  0.92029351  0.24384616  
-0.0010046406  0.0025329227  0.27941243  0.57889527  0.033963223  0.10500316  0.13469802  -0.73039212  0.13756383  -0.045630718  
-0.00085679210  -0.10926313  -0.046485601  0.0032949088  0.024398740  0.0010194799  0.93961971  0.13323378  -0.20395473  -0.20256519  
0.0027404604  -0.087688900  -0.0014879051  0.056484171  0.021971558  -0.035030200  0.13666930  -0.047182829  -0.28357162  0.94036950  
