0.99892379  -0.00040738494  -0.0073176763  -0.0069181785  -0.0074095726  -0.0034524985  -0.00069432816  -0.0060169552  -0.0010696266  -0.00074407212  
0.00044326020  0.99866804  -0.017948238  0.0082429653  -0.010820124  0.0013077166  -0.0069989604  0.010685681  -0.0067585669  -0.0012143110  
0.0082091671  0.016573914  0.99274569  0.041994852  0.012415154  -0.0093407241  0.0091259167  0.099024694  -0.0088155468  -0.0020619648  
5.8261324e-05  0.00019812479  0.038390346  0.72321955  -0.16408202  0.011975846  -0.016477961  -0.66756847  0.00051725079  0.0097351160  
0.0027497643  0.016556057  0.041383476  -0.20636444  0.87333882  0.0032670749  -0.024186184  -0.43529923  0.026554268  0.0093514444  
0.0036087543  -0.0014103365  0.0070500908  0.0017840534  0.0066072188  0.99780652  -0.0035208114  0.018140776  -0.031789128  -0.031518951  
0.00092790549  0.0070702272  -0.0088616781  0.016655494  0.025162009  0.0023972034  0.99723979  -0.014264677  0.0076795780  -0.045891770  
-0.010854900  0.0085706733  0.092423054  -0.65519756  -0.45413549  0.014741638  0.016509827  -0.59279838  -0.024530935  0.035861238  
0.00090497139  0.0065664490  0.010270772  -0.011066009  -0.034499211  0.031360248  -0.0074358407  -0.0015215966  0.99753781  -0.020316647  
0.0011935791  0.0012552198  -0.0019971140  0.019002354  0.010479649  0.031639917  0.045596170  0.032071106  0.020374431  0.99629769  
