0.99816283  -0.00029193514  -0.011069035  -0.0010325816  0.0045845952  -0.0012253183  -0.010548883  4.7166284e-05  -0.00078825599  -0.00019934544  
0.00033384679  0.99789588  0.0035941230  -0.017761202  -0.0081730747  0.014547689  0.0016786670  -0.0050636611  -0.0018902040  0.0014745341  
0.011084404  -0.0036865889  0.99802460  0.0015509051  -0.012240753  0.00035710424  -0.0040254275  -0.0025776784  0.00051443462  -0.0019948294  
0.0011865037  0.018065138  -0.0019097765  0.99740142  -0.022828816  -0.024547583  0.0031372298  -0.0014860807  -0.0070888190  -0.0052485496  
-0.0044618969  0.0096469176  0.012282083  0.020604489  0.99431674  -0.084844178  0.0025179289  0.00022204692  -0.0012375826  -0.0022285286  
0.00098943314  -0.013143748  0.00066442608  0.026683136  0.084240244  0.99395767  0.0067647739  0.022661228  0.00037646348  0.0012144541  
0.010633114  -0.0016749827  0.0038508482  -0.0033577937  -0.0029943392  -0.0064885068  0.99807364  0.0024752755  -0.0068393288  0.0034277808  
-0.00012520256  0.0053951822  0.0026262043  0.0011381899  -0.0020663349  -0.022518990  -0.0025486817  0.99701411  0.017894248  0.040670506  
0.00080182585  0.0018161018  -0.00044169364  0.0073765541  0.0013100910  -0.00035935826  0.0064946593  -0.020375374  0.99620026  0.059869546  
0.00015601655  -0.0016715251  0.0018401061  0.0047719125  0.0019190816  -0.00067049371  -0.0035365952  -0.039527955  -0.060650015  0.99562235  
