0.99910581  -2.9476603e-05  0.00064538756  0.00040094144  0.0015363399  2.1744480e-05  0.0030476769  -0.0019677975  -0.00060046996  0.00044651836  
-0.00017969989  -0.91626691  -0.015991346  0.021045525  0.017223203  -0.35615731  0.057914877  -0.012619671  0.032439483  -0.16181067  
0.0014516392  -0.014136555  -0.13057097  0.031040258  -0.98574732  0.0081009076  0.062013098  -0.043689553  0.045478448  0.0095135956  
-0.0010617517  -0.010485473  0.044237923  -0.73080281  0.0053974214  0.018964967  0.021040874  -0.67608965  0.060822920  -0.0092338140  
0.00036402851  0.0077366493  -0.98531154  -0.054355286  0.13365404  0.029062042  0.022877333  0.0025246791  0.067243046  0.018613547  
8.9770637e-05  -0.35821481  0.027697209  -0.0073334705  0.0051867366  0.57176577  -0.12720339  0.019835581  0.025045326  0.72451623  
-0.0031077354  0.046821503  0.032402296  0.018427942  0.057818414  -0.074555017  0.96097894  0.0069194142  0.0053225914  0.24888632  
0.0016826195  -0.013204321  0.033795482  -0.67283258  -0.055444179  -0.022590574  0.012613362  0.73365538  0.045578726  -0.015761609  
0.00062531448  0.022301479  0.069401816  0.078933016  0.038576719  0.075220201  0.014424280  0.011587725  0.98600332  -0.082513921  
-0.00049989114  -0.16459740  0.0072652588  0.0097097151  0.0099736789  0.72904744  0.22314138  0.018589609  -0.10844020  -0.61427032  
