0.99873106  -0.0011212810  0.0037323272  -0.0074763128  0.0078650880  -0.0015829656  0.0060348302  -0.0067157230  -0.0014085986  0.0035506842  
-0.00059166323  -0.92642398  -0.0038855220  0.0065153977  -0.0039624501  0.33248159  -0.057277029  -0.013687572  0.048099279  0.15164010  
0.0074015833  0.0075763330  -0.22102540  -0.25790783  -0.92466497  -0.020786814  -0.11137354  0.068223180  0.097421176  0.0068633675  
-0.0037825047  0.016121330  -0.079160788  -0.75867061  0.26020725  0.091631282  0.057362480  0.57755847  -0.041780766  0.022514938  
0.0038631833  0.0063752194  -0.96186135  0.16768372  0.19473682  0.0060926801  -0.043544558  0.0091680397  0.056475159  -0.034425433  
-3.5774697e-05  0.32959433  -0.010269172  0.094330497  -0.027870643  0.58121494  -0.049425370  0.0061781823  -0.051819409  0.73239236  
-0.0013932381  -0.079523533  -0.082364941  0.0033923159  -0.095037412  -0.084590926  0.082076703  -0.028835714  -0.97945816  0.034041542  
0.010272260  -0.028670275  0.081870917  0.56237572  -0.11851220  -0.036081832  0.0069846348  0.81012109  -0.012662216  -0.041579119  
0.0052285408  0.044937979  0.059122189  -0.019763709  0.099198598  0.023550582  -0.97870526  0.026202345  -0.10697107  -0.10549979  
0.0034123438  0.14584798  0.014266791  0.037199970  -0.056742728  0.72897311  0.096711845  -0.033582542  -0.084006447  -0.65001476  
