0.99834818  -0.0017085541  -0.0019628933  -0.0031449034  -0.00017723680  0.0036759900  -0.00097305184  0.00031921537  -0.00051270944  -0.0010818355  
-0.0016860456  -0.99692129  -0.0083885060  0.013558360  -0.020322029  0.0051450599  0.011802721  0.035484860  -0.024106075  -0.011704921  
0.0018279350  0.014155623  0.86798668  0.045479528  -0.20190479  -0.037809204  -0.021508135  0.44029343  -0.065094039  0.014110902  
-0.0031309350  -0.014151982  0.046468908  -0.95985057  0.23840085  -0.0024677740  -0.053842230  0.10899525  -0.034312525  0.0013470029  
-0.00075654621  -0.0071480854  0.096329791  -0.25651205  -0.80390044  0.037765091  0.010022308  -0.52046775  0.052791295  -0.013147866  
-0.0034127285  0.0084958649  0.025389205  0.0042041625  0.019376204  0.99138706  0.094492739  0.043078068  -0.038226706  -0.026157993  
-0.00079121774  0.027618259  -0.11478260  0.015144853  -0.10216056  -0.023379956  -0.15758001  0.031509358  -0.95624949  -0.17709695  
-0.0013348827  0.036627649  -0.46381821  -0.072097267  -0.48884300  -0.014099186  0.092829841  0.71698463  0.11561606  0.0043563424  
-0.0010844245  -0.012295570  -0.046016030  0.040479807  -0.047137661  0.10117789  -0.97246664  0.045770052  0.15195232  0.096973268  
0.00091033213  -0.0059651494  -0.024929983  -0.0035105026  -0.019606926  0.013413554  0.070969355  -0.013884470  -0.18862065  0.97705452  
