0.99870776  -0.0011601370  -1.4075804e-05  0.0010875891  0.0010127291  0.0035421891  0.00030562825  9.4255961e-05  -0.0030169112  -0.00066203849  
0.0010754843  0.90724927  -0.0079019369  -0.0035055907  -0.0081004140  0.027954617  -0.010987960  -0.41063018  0.018158614  -0.065869147  
0.0027982621  0.028684377  0.14081235  -0.075329583  0.44586292  -0.87835977  0.0027701408  -0.011726850  -0.0063471046  0.024228145  
0.0022443709  -0.0014858311  -0.030607251  -0.77987064  -0.57795031  -0.23144011  -0.0074933924  -0.00040365221  -0.018571089  -0.00076026850  
-0.0012541703  -0.010556621  0.37415357  -0.57762653  0.59482094  0.41053317  -0.021870756  -0.0062614768  0.029103872  -0.0090861521  
0.00023447627  -0.00078851716  0.91409945  0.22149798  -0.33111106  -0.040947156  0.020181399  -0.013825254  -0.011235023  -0.028434115  
0.00044830624  0.0092509997  0.010697442  0.022573812  -0.013486483  -0.012000701  -0.99580019  0.053249663  0.0095334370  -0.041807654  
-0.00050811724  -0.41096043  -0.014643828  0.0048046792  -0.0010847295  -0.0043128546  -0.052850416  -0.90839226  -0.015312485  0.0070181671  
-0.0031494687  0.019426523  -0.00090607866  -0.0043176187  0.029458725  0.021549334  -0.0073758878  0.0076405727  -0.99659367  -0.048625387  
-0.00061875125  -0.063579500  -0.026144160  -0.0028414031  0.014830353  -0.026304664  0.042324563  0.018285969  0.047089628  -0.99363843  
