0.99884668  -0.00041281504  0.018734569  -0.0028788464  0.0067895558  0.0034200679  -0.00017637236  0.00036102366  -0.0026234038  -0.00094415187  
-0.0010312130  -0.90600597  0.015509119  0.0043281117  0.011326532  -0.0087085560  0.025826685  0.40662272  -0.096023969  0.038886744  
0.0015675151  0.011324291  -0.14935431  -0.16548047  0.52888187  -0.81717103  -0.016718865  0.0064776816  0.018464610  -0.0068370448  
0.0044242200  -0.0025301254  -0.055420379  -0.69696401  -0.65659269  -0.27471943  0.045835397  0.011413143  -0.0041521752  0.0099975356  
-0.014655823  0.0090968039  0.43213605  -0.64999485  0.49783484  0.37425328  0.011834208  0.00099452268  -0.010321225  0.0094220313  
-0.013424957  0.014478293  0.88570465  0.24531553  -0.19531901  -0.33777791  -0.018601375  -0.0068483198  -0.0083705645  0.0053166214  
-0.00011647749  -0.035094154  0.0095710688  0.039744241  0.029757916  -0.013638777  0.98197910  -0.15654462  -0.034374321  0.062241852  
-4.9814903e-05  0.40644222  0.0022784607  0.017964712  0.0028480313  0.0076172033  0.15573877  0.89803889  0.024085995  0.032727858  
0.0023651202  -0.094552469  0.014775732  -0.0021296079  -0.0062547450  0.013058515  0.023862353  0.0072214577  0.98448474  0.13640386  
0.00084793160  0.037500881  -0.012617826  0.0078316842  0.0051489072  -0.0054444414  -0.071999429  -0.036837186  -0.13068246  0.98609400  
