0.99895616  0.0012161051  -0.0013115496  -0.0031148798  -0.0016336693  -0.00055519642  -0.0016633301  -0.00067256519  0.0037341373  -0.0015160791  
0.0010549621  -0.99808588  -0.021339625  0.0018125775  -0.0037937468  -0.026102170  -0.019519133  -0.0076649138  0.0088618949  0.0048196217  
-0.0025507416  0.018680425  -0.51851351  -0.19254941  -0.46624881  -0.014401609  -0.031175534  -0.68729291  -0.018663708  0.012952698  
-0.00023435031  0.0043279755  -0.26414746  -0.26361180  0.86771735  0.014607913  0.0098863961  -0.31805589  0.061424283  -0.015016451  
0.0025676046  0.0065136819  -0.42734543  0.88482539  0.12956296  0.066953438  0.087543284  -0.019345655  -0.010290397  -0.052493035  
0.0017956607  0.0034170509  0.0063225686  -0.015251388  0.026552580  -0.69897977  0.48000557  -0.017166733  -0.47193021  -0.23457425  
0.0022542423  -0.016450297  0.015483258  -0.038288710  0.033505669  0.47077526  -0.24458287  -0.0085890557  -0.77144221  -0.34355665  
-0.0014731158  0.0080713677  -0.68671141  -0.31337019  -0.066528721  0.016998488  0.039959177  0.64937870  -0.0097896447  -0.0020419191  
0.00010421342  0.028537617  -0.064100470  0.090921476  0.060201873  -0.49337962  -0.76228391  0.039738611  -0.21143653  0.33204261  
-0.0032268503  0.011117368  -0.0083217947  0.0031329001  -0.027875347  -0.19634342  -0.34024149  0.018585292  0.36175756  -0.84334606  
