0.99855817  -0.00098715585  -0.0017031786  -0.00090665837  -0.0019279191  0.00073902907  -0.0031577298  -0.0043736778  -0.0015145931  0.0037219154  
0.00044910795  0.94316629  -0.0084662506  0.0049525356  0.0054168987  -0.28544131  -0.0016692469  -0.0079024953  -0.012996452  0.16072069  
0.0024124785  0.0090376422  0.21479701  0.075116741  0.97113356  0.035130598  -0.0087643854  0.024843938  -0.0083414254  -0.014148052  
0.0029078394  -0.0013653710  -0.0041263292  0.88004891  -0.077946713  -0.0024791168  0.029977891  0.45889609  0.066692499  0.0065622665  
-0.0012920237  0.0053869590  -0.97132831  0.038765095  0.21204640  0.045385762  0.038489455  -0.053250876  0.028230861  -0.010279119  
0.0029167335  0.28764567  0.026443060  -0.00080492884  -0.037351295  0.48593991  -0.031627765  -0.0013119435  0.096311572  -0.81625887  
-0.0036898233  0.017888098  -0.035710262  0.024578281  -0.0066901121  0.13508309  -0.98033903  0.017275316  -0.016821861  0.12180235  
0.0033596013  0.0096994894  -0.060713944  -0.45898765  0.026171369  0.0019495300  0.0064669708  0.88434020  -0.0018010534  -8.2830395e-05  
-0.00061053803  -0.010982816  -0.031649849  0.060221190  -0.0060966311  -0.087118518  -0.013351163  0.027816552  -0.97678621  -0.17139569  
0.0020156110  -0.15546905  -0.028960700  -0.0029630369  0.029661280  -0.80673653  -0.17938000  0.00058306164  0.16614690  -0.51077136  
