0.99873950  -7.4327692e-05  0.013482012  -0.0013591166  0.0016929525  -0.0015666600  0.0092499226  0.00043947477  0.00011409299  0.00038509225  
-2.3957944e-05  0.91605096  0.0098640112  -0.0098876788  0.041318723  -0.025389445  -0.0037359902  -0.36587440  0.14843705  -0.0026042435  
-0.00020338423  0.012104320  0.15594038  0.21126270  0.34802483  0.89323588  -0.092434169  -0.0057655073  -0.031569834  0.0014230967  
0.0011385604  -0.016405282  -0.21185325  -0.67672204  0.69341890  -0.078808729  -0.050709741  0.046853781  -0.022949690  -0.032600644  
-0.0032821037  0.032949503  0.33917427  -0.69294830  -0.54636053  0.30855820  -0.081469775  0.025306323  -0.0080216995  -0.012940753  
0.012488536  0.017327916  -0.89676697  -0.073229598  -0.30428271  0.29951682  0.058356937  -0.018576946  0.039159551  -0.0043129298  
-0.010412577  0.0053346422  0.084608595  -0.067910927  0.041333183  0.087394324  0.98773543  0.0053725353  -0.0013289771  -0.00054073769  
-0.00026493798  0.36410810  -0.012657625  0.050050222  -0.0086318973  -0.0037532551  -0.0016174405  0.92737537  0.044587105  -0.0097650491  
0.00067675113  0.15493252  -0.037719156  0.012760315  -0.029339494  -0.021503466  0.0043117546  -0.014770014  -0.98487067  -0.0071328620  
-0.00014862254  0.0070716030  -0.0068684203  -0.031241734  0.013662379  0.0012926224  -0.0012271363  0.010186288  -0.0066475706  0.99775980  
