0.99882540  -0.00018840040  -0.0041295780  0.00066431684  -0.00085810109  4.2687607e-05  -0.0064433780  0.00012965955  0.00036243836  0.00011965566  
6.8752521e-05  0.99857261  -0.011985438  0.011208489  0.0047958211  -0.014344571  0.00052905736  -0.0021718297  0.00056555871  -0.00039485375  
0.0041998625  0.011952987  0.99866800  -0.0029829646  0.0073128873  -0.0042055541  0.0087648740  0.0035081060  -0.0032637477  0.0011732597  
-0.00048833504  -0.010887758  0.0031874529  0.99839013  0.0037486991  0.020840730  -0.011150625  0.0047590303  0.0095865172  0.0075643373  
0.0010569336  -0.0046111020  -0.0073453639  -0.0038716482  0.99859518  0.015245885  0.014248002  -0.0015025526  0.0024298019  -0.0024320013  
-1.2527977e-06  0.014714995  0.0039260928  -0.020487176  -0.015349648  0.99826119  0.0010636955  -0.011617641  0.0025390391  -0.0088031719  
0.0063992561  -0.00069058237  -0.0086703170  0.011245427  -0.014279195  -0.0010095516  0.99858621  -0.00041017076  0.0026440928  0.0038298428  
-0.00012327861  0.0023145721  -0.0033998273  -0.0050571118  0.0011036056  0.011133932  0.00046307852  0.99751931  0.037827252  -0.032721957  
-0.00033760609  -0.00055049444  0.0034621439  -0.0091735425  -0.0024820038  -0.0034655405  -0.0026292460  -0.038629615  0.99772259  -0.025914578  
-0.00028774526  0.00063492941  -0.0011609813  -0.0082256623  0.0022748118  0.0089867511  -0.0034856667  0.031506168  0.027079982  0.99789596  
