0.99800092  -0.0018338517  -0.0018983170  0.0046552889  0.0044947952  0.020691980  -0.00012545158  -0.00016858605  -0.0026550208  0.0068992708  
0.0019222671  0.99813504  0.0081981520  -0.0048639392  -0.0023808631  0.0017720704  0.0030336691  0.0062795812  0.00010945878  -0.0011517241  
-0.0019216515  0.0082864231  -0.99801801  0.0070090883  0.0034690788  -0.0011144050  -0.016122937  9.7418993e-05  -0.00041481214  0.0021386191  
-0.0048771877  0.0048925219  0.0072376092  0.99748004  0.025634507  0.014962983  -0.00050886873  0.0090530181  -0.00072128421  0.0019565094  
-0.0047636022  0.0023150534  0.0029556435  -0.026011379  0.99735104  0.024989839  0.015439841  0.0023078748  0.0022703424  0.0022360870  
-0.020560341  -0.0019621273  -0.0010444021  -0.014621420  -0.025651565  0.99736062  -0.00029171266  0.0081052909  -0.00065290787  0.0042985567  
0.00015358204  -0.0028374443  -0.016063142  0.0011483185  -0.015274127  -2.5971161e-05  0.99773785  -0.016172516  -0.00050856549  -0.00058184263  
-0.00020898433  0.0063393021  0.00027696411  0.0087294343  0.0026744607  0.0084225813  -0.016137704  -0.99771941  -0.013435055  -0.014095865  
0.0031462585  -0.00013161293  -0.00061949003  0.00095360040  -0.0019618375  0.0012534714  0.00019748222  -0.011548949  0.99259842  -0.10372052  
-0.0065249817  0.0012084199  0.0020004925  -0.0017887325  -0.0024606414  -0.0043392885  0.00039691066  -0.015599747  0.10355820  0.99256227  
