0.99905704  -0.00061686481  -0.0044620516  -0.0015374056  0.0024196329  -0.0046014909  -0.0026004753  0.0012655467  -0.00065711225  0.0012767844  
0.0017363858  0.95712736  0.014513361  -0.0094938965  -0.012198610  0.21319613  -0.046080344  -0.0045697739  -0.031764747  -0.18161634  
0.00088211664  0.0074289814  0.47861539  0.48528738  0.71057369  -0.0041346614  -0.018342384  0.16201886  -0.036656173  0.0070076974  
0.0036753623  -0.023239890  0.47459756  0.032529674  -0.14405717  0.018477048  -0.021941675  -0.86516391  0.011772597  -0.029350243  
-0.0037834994  0.00094208713  -0.70130881  0.076308459  0.52253874  0.023145574  -0.081981194  -0.46630638  -0.046645504  -0.022499514  
0.0026319399  -0.20739734  0.021431479  0.0048719683  -0.033236216  0.83703939  -0.49708777  0.053931594  0.053160847  0.0087938079  
-0.0041363150  0.046537305  0.021220954  0.020232750  -0.062453683  -0.49748856  -0.85347738  0.035720785  -0.035323281  -0.11215283  
0.0016051344  0.0043247107  -0.22457125  0.86721434  -0.43182043  0.0064011423  0.042660338  -0.017645646  0.078302860  -0.027804349  
-0.00055970536  0.032231756  0.00015625653  0.052883916  -0.086024836  0.041753814  -0.028373950  -0.0084998992  -0.91262269  0.38887259  
-0.0012014640  0.18773645  -0.0075106053  0.0037159393  0.016840626  -0.044318791  -0.10026176  -0.035242522  0.38749953  0.89391479  
