0.99910031  -0.0028093943  0.0057778401  0.0034173594  0.0016831279  -0.0057339357  -0.0040396125  0.0047523104  0.0045725889  0.00078472978  
0.0027005781  0.99802919  -0.028669748  0.019829610  -0.0040860805  0.0081532126  -0.0016299196  0.030001257  -0.00018891539  0.00027653302  
-0.0060630561  0.025446383  0.98698925  0.14719902  -0.038278386  0.00088239328  0.0017343792  -0.0057074614  0.020254830  -0.0047202080  
-0.0025509200  -0.023248717  -0.14509689  0.98673392  0.033077102  0.0010337440  -0.037135866  -0.013345100  -0.016627157  -0.0092673438  
-0.0020378861  0.0043996196  0.045084522  -0.030049103  0.98939605  -0.0056276751  -0.075044821  0.048164024  -0.091173516  0.011020205  
0.0055814282  -0.010772708  0.00056747186  -4.8883560e-05  -0.00048119986  0.99428290  0.014594968  0.089654571  -0.032862669  -0.0095065470  
0.0035785303  0.00071985306  -0.0044633230  0.034561082  0.078756152  -0.015582312  0.99397280  0.017792336  0.028455440  -0.035344532  
-0.0053800506  -0.029534800  0.0024437944  0.014293391  -0.049385361  -0.089487593  -0.015756874  0.99308724  0.0031696553  0.0018639284  
-0.0044552595  -0.00050783896  -0.018484061  0.0080739881  0.090255964  0.031598777  -0.039963800  0.0036715403  0.98470649  -0.13253613  
-0.0012729967  -0.00051070913  0.00020462565  0.012515846  0.0041008577  0.013447374  0.030822052  -0.00058928391  0.13354494  0.98945910  
