0.99815476  -0.00012657638  -0.0070427401  -0.0050959343  0.0037634272  0.0011663800  0.0017242043  -0.0059368932  0.0057533805  0.0049508965  
-0.00029284672  0.99580325  -0.037225748  0.017250927  0.039069886  -0.011888587  0.026089919  -0.022514980  -0.0036056606  0.017160184  
0.0066423097  0.037542585  0.98752580  0.034605824  -0.017731840  0.030309977  -0.098007946  -0.054325500  -0.0079175576  0.069341061  
-0.00091991672  -0.025789165  -0.058349028  0.65408290  -0.13063947  0.055230837  0.060920754  -0.73435178  0.016461667  -0.025790635  
-0.0029578891  -0.041152779  0.0015308619  0.20063122  0.97228843  0.0057940909  -0.059114648  0.0012314881  0.026831101  0.068426859  
0.0013798429  0.015612691  -0.043003884  0.051351687  -0.016873572  0.93938909  -0.17358566  0.10304736  -0.25989608  -0.030677181  
0.0057557356  -0.0053640226  -0.014580866  0.017669438  0.016135794  -0.28452151  -0.13920326  -0.039534896  -0.94492260  -0.011154242  
-0.0084654053  -0.0062189590  -0.016797682  -0.72122802  0.14581173  0.10264570  -0.054697629  -0.66405348  -0.0056163548  -0.0028907055  
-0.00043026987  0.018701421  -0.10658155  0.054185599  -0.084920923  -0.12724607  -0.94456606  -0.018978371  0.17730664  0.18470332  
-0.0051404688  -0.021039587  -0.052346915  -0.0099612482  -0.054965382  0.049876060  0.18382360  -0.010732604  -0.053006423  0.97517832  
