0.99782355  0.00058114513  -0.010357013  -0.00095242233  -0.0028994341  -0.00085599071  -0.018740449  0.0021275170  -0.0016360864  0.00056185770  
-4.3297827e-05  -0.99522200  0.0015277829  0.017775039  0.0052690916  0.00010670072  -0.036806458  0.0026696461  0.052540054  -0.026912278  
0.011274957  0.0049459724  0.96039855  0.19730958  0.18110927  0.015576843  0.029615997  -0.014619759  -0.0037476171  -0.0091409792  
0.0013976563  -0.016516360  0.19923522  -0.92922399  -0.068377886  0.29471111  0.012894342  0.018309687  0.012732433  0.0031900590  
0.00081140869  0.0041130488  -0.16735941  -0.086628952  0.97725772  0.069554154  -0.017571584  -0.020687340  -0.00047155058  0.0017809462  
-0.00041508325  -0.0041534181  0.065869734  -0.29113605  0.052852074  -0.95045267  -0.017222713  -0.0033659702  0.0094851049  0.0080498686  
0.017663922  -0.034821757  -0.030998300  0.0040692298  0.018099403  -0.019870712  0.97758885  0.18634575  0.030921781  0.033253190  
-0.0052451821  0.016596279  0.013032138  0.017975829  0.021457884  -0.0028542047  -0.18663663  0.97309654  0.10617842  -0.040279924  
0.0020630894  0.057610198  -0.0029893458  0.0092275008  -0.0015682101  0.0037897987  0.0049671311  -0.11548277  0.94112493  -0.30582977  
-0.00087969254  -0.0075886602  0.0089794566  0.011929056  -0.00017393095  0.0089566015  -0.041632265  -0.0025299411  0.30831850  0.94807183  
