0.99872177  0.0012536667  0.0084941167  -0.0024148242  -0.0093263059  -0.0015523783  -0.0028296811  0.0096761742  -0.0011234720  0.00071185686  
-0.00054981988  0.90899708  -0.0095789131  0.015903336  0.023671774  0.38639571  0.055728994  0.036360530  -0.050977488  0.11938901  
-0.010384194  0.028558417  0.95655083  0.15826683  -0.034415230  -0.060872502  -0.015293096  0.22387485  0.036053900  -0.0038295114  
-0.0040705117  0.014487483  0.16961691  -0.97095570  -0.00052281578  0.0053795022  -0.10731202  -0.027857424  -0.11179844  0.025721351  
0.0041572257  -0.0092657655  -0.073618735  -0.020584623  0.88636957  -0.064419841  -0.055986943  0.44566159  -0.0015375526  -0.0099331727  
-0.0018783966  0.39064674  -0.070245425  -0.016798394  -0.069319631  -0.71603942  -0.32332488  -0.017695959  0.28557584  -0.36893760  
-0.0015824959  0.043356086  -0.063320254  -0.11740944  -0.098996635  -0.29999564  0.52911581  0.21917316  0.48241518  0.56320512  
0.011099433  0.041371825  0.19791443  0.011475901  0.44003935  -0.054798051  0.23088460  -0.81932326  0.18722743  0.011165810  
0.00055536026  -0.046115548  -0.0096939360  -0.12059110  -0.041734740  0.30910454  0.43781231  0.16046616  0.42026696  -0.69947979  
-8.6366296e-05  0.10956718  -0.0022849714  0.0052084940  -0.0095199269  -0.37334361  0.59153855  0.034768289  -0.67453700  -0.19982399  
