0.99837001  -0.0017770768  -0.0050926090  0.0019844025  0.0049347080  0.0034669805  -0.0035091211  -0.0096847903  0.0027452042  -0.0037546626  
6.9658336e-05  0.93686259  0.0087584536  -0.014340244  0.010047668  0.33169209  -0.065092130  -0.041203397  -0.028996228  0.044992187  
0.0038166370  0.018690419  0.88273430  0.40673562  0.065574016  -0.057062762  -0.098107905  0.088250199  0.16306317  0.019334022  
-0.0047125435  0.020810607  -0.39262595  0.88092079  0.21970572  -0.012455787  0.077939982  -0.035320789  -0.098247424  -0.019589549  
0.0048473084  -0.0020794028  0.049137799  0.20637086  -0.92232907  0.051748784  0.17552915  -0.059161366  -0.25013743  -0.037090978  
-0.0041154530  -0.32057484  0.068081686  0.025020356  0.073289867  0.75790720  -0.37809841  -0.12420313  -0.34041362  0.18722314  
0.0062249187  0.094573332  0.12143840  -0.069808133  0.16078833  -0.38521824  0.081670181  0.062096435  -0.73739947  0.48909351  
0.0087902534  -0.011125123  -0.10118503  0.020413597  -0.069682620  0.14342323  -0.033077875  0.97640156  0.018884022  0.076153304  
0.0010766222  -0.043788715  0.17657647  -0.079577960  0.23852180  0.29291445  0.71273863  0.059662910  -0.29458329  -0.46521509  
-0.0018204503  0.068111534  0.0082121894  -0.012243497  0.011198097  -0.22710314  -0.53636740  0.080444262  -0.38755038  -0.70447510  
