0.99820843  0.0013029989  0.0018188951  -0.00010793819  0.0012386806  0.0020419019  0.010601912  -0.0017491528  0.00035578680  0.0043441906  
-0.0019673354  0.99163921  -0.00021005634  0.023830435  0.0068144670  -0.025630766  0.061321207  0.024923763  0.068415336  0.052140124  
-0.00033596462  0.00020131301  0.75369070  -0.55689629  0.15947522  -0.021675986  -0.058909318  0.26450968  0.13639117  -0.015071959  
0.0017977756  -0.0020710421  -0.60739228  -0.48815285  0.28296347  -0.030192374  -0.0011245512  0.55328132  -0.044073234  0.0018719194  
-0.0021674440  -0.0099836523  0.11549494  0.36354043  0.90921505  -0.010160643  0.076501002  -0.028035536  -0.13153223  -0.0031283621  
-0.0037103348  -0.020768206  0.031343216  0.031075528  -0.0075834296  0.59784853  -0.065810698  0.090579065  -0.059300704  0.78780251  
-0.0011310766  0.039580512  0.12246136  -0.076658238  -0.12664754  -0.31152153  0.11869164  0.042341421  -0.90319422  0.17140506  
0.0016217875  -0.036698329  0.16577430  0.55157520  -0.21146898  -0.089457011  0.019415448  0.77717126  0.064536811  -0.046450599  
0.010623993  0.066184762  -0.019988348  0.063326846  0.042859157  -0.084712908  -0.98200437  -0.0033412062  -0.11591653  -0.025691084  
0.0012018664  0.072280746  0.043817334  -0.014265512  -0.039847013  0.72451359  -0.0059616048  0.070375911  -0.34220299  -0.58379798  
