0.99818852  0.00051081637  -0.0025847530  0.0097732859  -0.0048395880  -0.00021048691  -6.2074180e-06  0.0072324384  -0.00054315555  -0.00056157830  
0.00071670514  -0.92767973  0.0098607570  -0.016379873  -0.0013014769  0.30097757  0.13139844  0.0060474792  0.10575999  0.12866825  
-0.0034717133  -0.018809770  -0.98272237  -0.017123061  -0.0073358660  -0.017634099  -0.094686024  0.12780448  0.0026745884  0.066059305  
0.010174332  -0.0073074230  0.0030137547  -0.99155394  0.012114069  -0.054567216  0.025417463  -0.077725525  -0.034063391  -0.044061178  
0.0028095583  0.014352579  0.032105720  -0.015223941  0.94144536  -0.035256700  0.025741314  0.29330991  0.13907484  0.037095904  
-0.0012728567  -0.32882266  0.023979153  0.059065008  -0.0057261743  -0.90567280  -0.00055490609  0.048163996  -0.24368123  -0.048534237  
2.9860143e-05  -0.10078119  -0.0048091638  0.025393315  0.15899193  0.27244819  -0.30906449  -0.014523505  -0.80192939  -0.38375390  
0.0072563558  -0.020150784  -0.12095527  0.076808107  0.28803491  -0.057876479  -0.013848421  -0.94082493  0.051034924  0.030362730  
-0.00075020908  0.057080039  -0.11879755  0.044972604  0.019450944  0.032279588  0.87317055  -0.011919010  -0.11299613  -0.44751827  
0.00060092726  0.11578350  0.015849848  -0.012232651  0.033970410  0.048617353  0.33217983  -0.0046105915  -0.49700213  0.78852351  
