0.99791342  0.00025478095  -0.0088870403  -0.0062317577  0.011596221  0.0020706771  0.0091325324  0.0053382056  0.0014446411  0.0044419459  
-0.00073358060  -0.98817683  -0.0039422312  0.011844864  0.0030720204  -0.0031132707  0.085249639  -0.0073421690  0.10106480  0.043637978  
0.010730686  -0.0054703535  0.46215558  0.31412579  -0.61732125  0.011995159  -0.057015549  0.54554514  0.033384834  0.0048823981  
0.0056579467  0.010539952  0.30906193  0.81566258  0.34405362  -0.0047655960  0.012116034  -0.33980846  -0.028255509  0.0062726400  
-0.0097651647  0.0021025325  -0.59957430  0.36522991  0.30536648  0.019329397  -0.035206991  0.63876675  0.014880290  0.013713281  
0.0039168425  -0.018040397  -0.010691336  0.017546261  -0.0029618034  -0.60317433  0.078671708  0.019111960  0.076963359  -0.78690724  
-0.00037376305  0.082994780  0.024439158  -0.0091233416  0.053236400  0.16942309  -0.15000591  -0.032273723  0.96464993  -0.053770554  
-0.0066954065  -0.0090370162  0.57129208  -0.31184238  0.63171403  -0.0024010709  0.021155411  0.41464069  -0.034176986  -0.0060938032  
-0.0093354310  0.099052910  -0.0056714189  0.024362568  -0.035055744  0.095586594  0.97694632  0.043748427  0.13258785  0.036618456  
-0.0014938129  0.048658928  0.0014738513  -0.0026927844  0.0035515144  -0.77086626  0.024507618  0.0085966299  0.16904438  0.60842095  
