0.99862962  0.00095229420  -0.0087432489  -0.00035432115  -0.0012126133  0.00030235641  -0.00093933067  -0.00054465505  0.0018362900  -0.0023816964  
-0.0012773244  0.98893856  -0.062629190  0.0030971480  -0.017219750  -0.0016735637  0.076887089  -0.058350751  -0.071683193  -0.025735847  
0.0082266187  0.058773149  0.93378346  0.34708646  0.025406230  0.024003826  -0.00069208602  -0.0011252765  0.0069357875  -0.0091324712  
-0.0027232651  -0.026927675  -0.24496055  0.67837156  -0.57069069  0.38624934  -0.028938712  -0.0074005728  -0.018400415  -0.018944174  
0.0010271937  0.0043632298  0.24617083  -0.62417220  -0.71162423  0.19920618  -0.016547417  -0.017745320  -0.019575343  0.0098196856  
-0.00020060281  -0.011191351  -0.025396723  0.16287750  -0.40227876  -0.89852541  -0.0089583144  0.0025131474  -0.024082402  0.014456677  
-0.0031064558  0.028915124  -0.0063549748  -0.017246354  -0.019607269  -0.020787009  -0.083895090  0.11278657  0.52702705  -0.83537832  
0.0010331985  -0.040550533  0.0083582587  -0.010589497  0.0092674053  0.0065964633  0.17925129  0.56809744  -0.70139852  -0.38548370  
-0.00060070353  0.057213528  0.00056507523  -0.011966523  0.038000528  -0.0049178869  -0.96757433  -0.011025608  -0.23199618  -0.049100443  
-0.00029617289  -0.096281940  0.0048277298  -0.0024566152  0.024013864  -0.0087941524  0.12211163  -0.81120535  -0.40910623  -0.38352188  
