0.99892977  -0.0011839384  -0.0013740879  0.00012675359  5.6455322e-05  -0.0016153972  0.00071767175  -0.0022558617  -0.0098771390  0.0014023334  
-0.0010781181  -0.99814852  -0.0011430937  -0.014408481  0.0013956632  -0.018705461  0.022353472  -0.0046208115  0.0092145596  0.020394904  
-0.00089926577  0.0048101007  -0.16742706  -0.15897109  0.96905265  -7.7999181e-05  0.050901145  -0.027690122  -0.045468468  0.0028177909  
0.00074335790  0.013286011  0.024345587  -0.98476306  -0.15270684  -0.0029152717  -0.036861135  0.032907762  0.038082286  -0.010044936  
-0.00076564346  0.00039141218  -0.98184289  0.0056383080  -0.16422497  -0.0023072477  -0.019603426  0.073482795  0.031525951  -0.00093622707  
0.0021661861  -0.010593645  -0.0027459616  -0.0076695013  -0.010865418  0.95879738  0.26164726  -0.0017029624  0.097234248  0.021481470  
0.0011139057  -0.020999772  0.011570140  0.025774084  0.057766585  0.24668549  -0.93792363  0.021177217  0.048501103  0.22362070  
0.0021870626  -0.0046043143  0.066584511  0.026983492  0.042471920  -0.0027781003  0.024406233  0.99515040  -0.012593427  -0.0038321965  
-0.0095032282  0.00055298391  -0.022067637  -0.033695451  -0.056572514  0.064965302  0.061854557  -0.0064576091  -0.90631667  0.40423805  
0.0024516709  0.028416590  0.0073217534  -0.0010417371  0.0066494640  -0.11499939  0.20129106  0.0025878520  0.39969502  0.88519936  
