0.99897237  0.00013138642  0.00048742709  -0.00027729738  2.0691135e-05  0.00056865401  -0.00065502113  -0.00056390248  -0.0015890740  -0.0011179619  
-0.00046164397  0.89124818  0.016457999  -0.012155466  0.016027331  0.44094258  0.0050074501  0.0073842817  -0.0026747475  -0.091869853  
-0.00038316966  0.010209717  0.99286007  0.089449681  0.0018408396  -0.048706814  -0.0058504642  0.021744947  -0.0030915326  0.033456408  
-5.3394582e-05  -0.0045178319  -0.049791357  0.74213420  0.014035968  0.040912886  0.029229944  -0.66342529  0.039003414  -0.0045124617  
0.00019843021  0.0099672781  -0.0079509142  0.021786051  0.99305037  -0.048284084  0.053052591  0.047874804  0.046668079  0.039054133  
0.00038174097  0.44209539  -0.050574844  0.035018850  -0.047913888  -0.89190356  0.018955065  -0.016189861  -0.017848014  -0.012635226  
-0.0016453895  -0.0067424688  -0.0074166259  0.042534598  0.054271367  0.012396983  -0.15320882  -0.014701804  -0.98436512  0.015597109  
-0.00066789131  0.0047847394  0.073976961  -0.65771764  0.052871163  -0.018051973  -0.052122606  -0.74419523  -0.0071037307  0.0066819118  
-0.00040177195  0.0086329237  -0.0093108688  0.051265578  0.044282929  -0.019099935  -0.98169932  0.024089725  0.15584572  -0.064676503  
-0.0011611782  -0.088125742  0.033548842  -0.0058869985  0.036586052  -0.031877762  0.062345822  -0.0016760016  -0.023561836  -0.99103432  
