0.99892274  -0.00063388993  -0.0085104057  0.0031914197  -0.0011545710  -0.0031362093  -0.0033936351  0.0071965177  -0.0026457760  0.00030453353  
0.00078824076  0.99875021  0.015349278  -0.0045308705  -5.5228863e-05  0.0022232294  -0.00057562098  0.011184590  -0.00042815052  1.0166822e-05  
0.0083753902  -0.015785484  0.99678203  -0.041873128  -0.034887757  -0.0012959004  0.0042823378  0.029948432  0.0015086049  0.00017611978  
-0.0028801547  0.0040583705  0.042363466  0.99777655  0.00087527702  0.00049462134  -0.014989688  -0.0072635848  -0.00016954052  -0.0021083347  
0.0014626422  -0.00040935656  0.035157233  -0.0029140736  0.99768592  0.00069712295  -0.033894064  -0.0093535298  0.013851363  0.00044215292  
0.0030196938  -0.0023902745  0.00072475839  -0.00036903336  -0.00057952853  0.99882654  0.0026592199  0.014021406  0.0052591809  -0.0084682265  
0.0034798352  0.00072648036  -0.0025398720  0.015138970  0.033413657  -0.0025699534  0.99686839  -0.0021802640  0.041844576  0.031157866  
-0.0074638230  -0.010653250  -0.029316763  0.0085198293  0.010450671  -0.014123217  0.0015972800  0.99830544  -0.0012359681  -2.4965325e-05  
0.0024058015  0.00042074832  -0.0019590915  -0.00021916422  -0.015087154  -0.0045588815  -0.043331990  0.0013900698  0.99582741  0.064250036  
-0.00055944412  -6.8675052e-05  0.00011420388  0.0016496452  -0.00050961511  0.0087645409  -0.028539584  0.00010033659  -0.065510208  0.99628602  
