0.99852326  0.00064102032  0.0062674307  8.5907230e-05  -0.0021218998  0.00012777640  0.0025269728  0.0053255176  0.0053787331  -0.00066458159  
-0.00070998672  0.99809940  -0.0086724036  0.011299232  0.0012684603  0.015690417  -0.013219720  0.0099444542  0.010521441  -0.0029274554  
-0.0066869625  0.0073786143  0.98329113  0.085764983  -0.14128128  0.00076887437  0.0042575793  0.047731153  -0.0068920157  -0.0073582370  
0.0010759720  -0.011564532  -0.056183167  0.97776665  0.18576003  -0.0013403198  -0.022015648  -0.046795618  -0.0032158265  -0.0015209208  
0.0013617633  0.0017572885  0.15489479  -0.17643200  0.96881705  -0.0028305193  -0.052162040  -0.0030385857  -0.019919100  0.016282398  
-0.00010200758  -0.015129852  -0.00037773364  0.00089155494  0.0056626244  0.99710676  0.041245054  -0.00092719591  -0.011352461  -0.030813973  
-0.00078035779  0.015835058  0.00091179659  0.013075176  0.040936481  -0.030895140  0.91323849  0.0080582064  -0.24682785  0.31426004  
-0.0049192285  -0.011000393  -0.049317415  0.041073154  0.017822808  0.0010478420  -0.011453728  0.99635761  -0.0035448819  0.0016989779  
-0.0059235394  -0.0061628065  0.0086753390  0.0032919244  0.038224646  -0.0082335543  0.31184844  0.0066936552  0.93004675  -0.18144241  
-0.00010144030  -0.0038870442  0.0064348070  0.0015928536  -0.023991828  0.041992681  -0.24575025  -0.0028743926  0.26503132  0.92942250  
