0.99883130  0.00068116491  0.0015884985  0.0020434898  -0.0026912276  -0.00091353450  -0.00055598113  0.0016709801  -0.0021490741  -0.00096890450  
0.00054331489  -0.91599783  -0.086704648  0.00031473596  0.042002706  -0.37182174  0.020595508  -0.036756589  -0.037906124  0.088416694  
0.0025609755  0.087308510  -0.17952315  -0.0058837545  0.95308382  -0.089132694  0.15205476  0.10616525  0.020205496  -0.082880540  
-0.0019357205  0.025211114  -0.084221915  0.98926551  0.00063149890  -0.043388437  -0.075979468  -0.039320539  0.042299554  0.013215687  
0.0010385215  0.038645562  -0.94500186  -0.083804085  -0.14939030  0.11377051  -0.17246343  0.13773605  -0.037722777  0.10355914  
-0.00078136635  0.37460009  -0.098959431  -0.058581962  -0.12760291  -0.89445890  0.052551603  -0.15688142  -0.016764086  -0.0013042879  
0.0021303364  -0.038380286  -0.076144893  -0.025840382  -0.079431143  -0.0010412569  0.24600532  0.016946586  0.95714065  -0.078427060  
-0.0023393582  0.015889789  0.12860637  0.047432420  -0.10580763  -0.16107806  0.063118933  0.96692174  -0.026898418  0.040121102  
-1.7677171e-05  -0.016546973  0.11699887  -0.069704386  0.13040360  -0.10285478  -0.92067885  0.060671892  0.23588046  -0.21005011  
0.0013014393  0.080512653  0.10953897  -0.024568401  0.12082450  -0.0021936070  -0.15325334  -0.027732860  0.13987002  0.95935129  
