0.99881724  -0.00059904928  0.0017603021  -0.0027854296  -0.00083904596  0.00049328623  -0.00044686568  0.0010104549  0.0030928927  -0.00068523520  
0.00060688495  0.99640839  -0.0022924389  -0.0065075640  -0.0068877831  -0.016715398  -0.055809611  0.015798847  -0.013465587  0.029516791  
-0.0010314102  0.0052576507  0.96667901  0.23906631  -0.065917905  0.016029420  0.032691316  -0.013002388  -0.0055856976  0.011723795  
-0.0029813282  -0.0082157529  0.23116490  -0.94372894  -0.075754534  -0.21429504  0.0086482831  -0.031854697  0.019786203  -0.0083998430  
-0.00059766110  -0.0037506386  -0.081042612  0.046563791  -0.99128713  0.054119399  0.046083633  0.035415659  -0.0010508324  -0.0020627426  
-0.0012368993  0.013559006  0.041432336  -0.21503119  0.039082065  0.97284268  -0.030446868  0.025661048  0.0059794672  -0.0086325624  
-0.00066051607  -0.056992689  0.034814915  0.00042853283  -0.036870355  -0.036987154  -0.93906013  0.31277653  -0.069777045  -0.077063913  
-0.00097103875  0.0035570052  0.011927683  -0.024028707  0.045164377  -0.023069310  0.31614714  0.94516033  0.0088335359  -0.031940834  
-0.0030898242  0.015712058  0.0039099518  0.023651850  -0.0026567831  -0.0046534367  -0.056091016  0.0038848026  0.97828414  -0.19103344  
-2.3690392e-05  -0.031433291  -0.0054362644  -0.0087695028  -0.0033344267  0.0026256376  -0.073664964  0.055956049  0.18691100  0.97626393  
