0.99811906  0.00027725420  -0.0029081974  -0.00042283147  0.0086574629  0.0021724315  -0.012338133  0.0059726054  -0.00082869529  -0.0016888108  
-0.00063931133  0.90020079  0.077645397  -0.016851070  -0.069042342  0.40441296  -0.041919022  0.0025733917  -0.054390610  0.082660938  
-0.0053049203  0.086287698  -0.21645040  0.20025123  0.79203005  0.0067205870  -0.085351281  -0.50550691  0.10633002  -0.025184196  
-0.0019100407  0.00031153724  -0.22250541  -0.96033523  0.11624956  0.025097687  -0.032080503  -0.090421415  0.028123652  -0.012232120  
0.0070200578  -0.055446592  0.79094005  -0.14261044  -0.11410607  -0.033809655  0.017713510  -0.57306262  0.058574357  -0.031889097  
0.0011640935  0.40320256  0.023645284  -0.031037670  0.0017994705  -0.90437719  -0.036394394  0.060007415  0.088876564  0.041746242  
-0.00015649916  -0.0088816421  0.070549652  -0.030357412  0.15959155  -0.098991232  0.10036497  -0.018992225  -0.97046296  0.054362259  
0.0082646468  0.032154643  -0.51264195  0.10441177  -0.54881797  -0.059983444  0.089759772  -0.63059396  -0.10411134  -0.014966083  
-0.011180064  -0.059609842  -0.0033668102  0.019844668  -0.10554733  -0.0015390680  -0.98302042  -0.025573755  -0.11916839  -0.00053462111  
-0.0019707370  0.090652733  0.0018313758  0.0051758545  -0.0064456836  -0.0085456952  0.0018366003  0.043557277  -0.057310885  -0.99144885  
