0.99843995  -0.00034805793  0.0078420194  0.0013186458  0.00070401671  -8.6889638e-05  -0.010002136  0.00022952696  4.3069899e-05  5.2346475e-05  
0.00047621071  0.99829506  0.00097755616  0.010008916  0.015883057  0.0050397566  0.0010037687  -0.00028458022  -0.00089037647  0.00050711231  
-0.0078037737  -0.0010205021  0.99841530  -0.00071318452  0.0030146984  0.0020830337  0.00076530670  0.0017606995  0.0011570207  -0.00021542159  
-0.0013075482  -0.010323777  0.00066679210  0.99812892  0.014071836  -0.00082321215  -0.0087484117  -0.0042185327  0.0065700848  -0.0030848982  
-0.00063806447  -0.015829354  -0.0030944146  -0.014042482  0.99789745  0.020601179  0.0088549292  0.014148894  0.00088669697  0.0019936109  
0.00054268373  -0.0046485747  -0.0020756004  0.0015959699  -0.020947595  0.99753007  0.039315319  -0.0030094764  0.0022468719  -0.0018611268  
0.010041501  -0.00076475445  -0.00055231585  0.0088099254  -0.0077901485  -0.039487262  0.99748633  -7.5391260e-05  0.0051300070  -0.00039330296  
-9.6303187e-05  0.00046242588  -0.0017295932  0.0044058517  -0.014132649  0.0025863969  -2.3647448e-05  0.99834231  0.0069417846  -0.00061122457  
-0.00030062200  0.0010009903  -0.0010258292  -0.0066260439  -0.00082667495  -0.0020792010  -0.0048735934  -0.0068314403  0.99838055  -0.0074880191  
-3.5578928e-05  -0.00050992705  0.00018671519  0.0030736994  -0.0020061836  0.0019495830  0.00034013925  0.00053350925  0.0074650697  0.99841190  
