0.99891898  -0.00062273016  -0.0030040413  0.0021590057  -0.0043995089  -0.00076361148  0.0026282291  2.9354652e-05  0.00082610305  -0.00016768053  
0.00069221598  0.99858205  0.0053310004  -3.4503200e-05  0.0084404826  -0.022629045  0.00036199645  -0.0024916529  0.00035845514  -0.00051312739  
0.0030393296  -0.0053978601  0.99874418  -0.0017586321  0.0075613953  -0.00061072416  -0.011663286  0.0023594234  -0.00052213306  -0.0010326299  
-0.0021154375  0.00033159194  0.0018384085  0.99851058  -0.0072618923  0.012062360  -0.0086932800  0.0040521203  0.0066866161  0.0077532709  
0.0043474773  -0.0075755804  -0.0074145654  0.0072747794  0.99810726  0.033366318  0.017872463  0.0069579203  -0.00015645780  0.0030620111  
0.00063190202  0.022813388  0.0012947099  -0.012231237  -0.032856232  0.99760203  0.010459487  -0.027281878  0.0059832786  0.0068787982  
-0.0027190573  -0.00054739441  0.011796813  0.0086375482  -0.017461701  -0.010955129  0.99848999  0.0024067525  0.0045345835  0.0017127505  
-6.0208210e-05  0.0031543551  -0.0023114265  -0.0043470093  -0.0077625470  0.027000482  -0.0021799342  0.99813705  0.012228490  -0.021851286  
-0.00091874154  -0.00054917537  0.00049143661  -0.0062420861  0.00065895668  -0.0060343645  -0.0040426511  -0.013042804  0.99775732  -0.044156036  
0.00013592518  0.00042305070  0.0010286993  -0.0080967299  -0.0028399961  -0.0067138508  -0.0019104011  0.021457612  0.044355769  0.99756396  
