0.99863213  -0.00042288239  0.0042007654  -0.00089076635  -0.0040116432  0.0018765135  -0.0010371031  -0.0058963045  -0.00094702849  0.00093511731  
-0.00047892730  0.91770181  -0.010406762  0.016830207  0.00017213410  0.37381809  0.010837473  -0.033920668  0.026961286  0.11325239  
-0.0044919176  0.010776308  0.97204642  -0.20728104  -0.049476917  0.0032341318  0.010909709  -0.0095171292  0.079745885  -0.00032737234  
-0.0037866991  0.0086751692  -0.18113199  -0.79082440  -0.13327142  -0.034322649  -0.0069935039  -0.56498615  0.0052543931  -0.025720663  
0.0039962562  -0.0083685577  -0.0080163886  -0.23055777  0.95808911  0.029895366  -0.047882828  0.098977532  0.11357738  0.0076501751  
0.0024519788  0.35880315  0.0084796634  -0.022047786  0.024354375  -0.67249551  -0.12087986  0.096618385  -0.14064900  -0.60958262  
0.00043245743  -0.063191817  -0.064280317  0.031688798  -0.10593584  0.23758908  -0.18712507  0.016313312  0.82312998  -0.45573527  
0.0037604656  -0.0045649105  -0.11088993  -0.52299287  -0.20974433  0.095750251  -0.016058282  0.80917668  -0.040144194  0.041398621  
0.0012180048  -0.030622724  -0.0087719057  -0.018243559  0.042218339  0.16446586  0.91157625  0.013031052  -0.040622993  -0.36646983  
0.0018832786  0.14513649  -0.049882134  -0.0086762898  -0.038708200  -0.55734566  0.33754068  0.050541495  0.52606104  0.51823543  
