0.99853347  -0.0011264537  -0.0016881189  -0.0053211046  -0.0048836717  -0.0071849456  -0.00021182366  -0.00048981468  0.00068510063  0.0013035172  
0.0010095067  0.91556289  0.059666947  0.010332458  -0.015373613  -0.027216618  0.0032355581  0.36944207  0.13277426  -0.014205207  
-0.0054469541  -0.020800472  0.14537964  -0.19783227  0.37005058  -0.89337003  0.030890392  -0.011139213  -0.017044808  -0.0039702747  
0.0071347273  0.012540989  -0.19376328  0.74946942  0.62687907  0.060664209  -0.019622406  0.0026636226  0.019667605  -0.0049736333  
-0.0013310205  -0.052775826  0.39776020  0.61917078  -0.58795088  -0.31723558  -0.077496288  0.0040360296  -0.0074216892  -0.018867196  
-0.0048535673  0.049866006  -0.88014522  0.081883343  -0.34260758  -0.30578401  -0.046041146  -0.019165518  -0.0027950422  -0.0042175175  
0.00023923330  -0.0019217265  -0.018137815  0.072939782  -0.060731782  -0.0096714305  0.99371607  -0.0056723536  -0.0028515635  -0.010740477  
-4.0205942e-05  -0.36563343  -0.041599969  -0.0096003016  0.0038597825  -0.0051542322  0.0045195456  0.92725341  -0.040882744  -0.0066760175  
-0.0011123336  -0.13883941  -0.0028847830  -0.014760340  -0.0095457938  -0.016600527  0.0030073327  -0.011188840  0.98829669  0.016323427  
0.0011652227  -0.012013322  -0.0038296324  -0.016120915  0.0086674528  0.010779267  -0.0090815410  -0.011616047  0.014646373  -0.99802786  
