0.99805313  -0.0016671857  -0.0095721052  -0.0012651774  -0.0020746827  -0.0013913388  0.0033756927  -0.00069563844  -0.00028024799  0.00067353590  
0.0015787224  0.99803676  -0.0036604411  -0.0059241373  -0.0047558947  -0.0031224393  -0.00052433543  -0.0040130063  0.0011792671  -1.6902713e-05  
0.0096073593  0.0035499155  0.99776895  -0.010021130  0.0048853635  -0.0024284078  0.015283786  0.00089295827  0.0015568914  -0.00031463434  
0.0012452262  0.0057550824  0.010286982  0.99734429  -0.018084413  0.024707267  -0.011256026  0.0010130812  0.0056333522  -0.00042350401  
0.0019748211  0.0050898807  -0.0048899778  0.017183871  0.99663977  0.046463716  0.018078112  0.0035071844  0.0012273304  0.00024311842  
0.0013530675  0.0027795173  0.0025521931  -0.025510564  -0.046008072  0.99666004  -0.00024641415  0.0029656697  -0.0073228843  -0.0010852524  
-0.0035559118  0.00047079379  -0.015077760  0.011052835  -0.018385027  -0.00040555228  0.99763129  0.0029211102  0.00065200910  0.0040235573  
0.00052702284  0.0039512828  -0.00082299239  -0.0010349775  -0.0034596511  -0.0030589551  -0.0031352143  0.99730154  0.0062098762  0.036844275  
0.00038976186  -0.0012099789  -0.0015501426  -0.0058142804  -0.0012596651  0.0069805163  -0.00019846363  -0.0020155972  0.99187453  -0.10982239  
-0.00055100682  -0.00025185493  0.00013878214  -0.00027771765  -0.00017446403  0.0018946922  -0.0038886735  -0.037254463  0.10963868  0.99123832  
