0.99845373  0.0023390671  -0.0029603779  0.017486038  0.0041089151  -0.0048281268  0.0033239755  0.011101425  0.00068396710  -0.0029608235  
0.00025243739  0.93498090  0.0097845389  0.010603853  0.011398845  0.28113804  -0.12450793  -0.035190346  -0.082897192  0.14197593  
0.0045733782  0.0086747817  0.53531963  -0.56354446  0.42791915  -0.0099609735  -0.036787930  0.45009436  -0.070545429  -0.028711554  
-0.0099236564  -0.017594192  -0.090699685  0.45136097  0.85753083  -0.040121968  -0.057187022  -0.16893188  -0.11237257  -0.058735173  
-0.011473953  -0.0076401046  0.65637337  0.65801113  -0.19913336  0.043246783  0.057083918  0.26196577  0.12063253  0.071517543  
-0.0065501094  0.23101785  -0.065634027  0.0012386550  0.058379368  -0.051713963  0.58757882  0.087365523  0.39670434  -0.65045577  
0.0024101422  -0.17383899  -0.051644428  -0.028646449  0.077351560  0.62271439  0.63557432  0.011587717  -0.20362154  0.35225371  
0.013551823  -0.0061815206  0.49960223  -0.19550303  0.015898339  -0.014886860  0.096664284  -0.82634659  0.12769791  0.0036655295  
0.0018321752  -0.076456678  -0.11015902  -0.055481295  0.15929946  0.25993144  -0.20913306  0.054988135  0.85727799  0.31857091  
-0.0041729385  0.18227618  -0.052342910  -0.015719979  0.062443405  -0.67543586  0.41408352  0.048810797  0.089688987  0.56465280  
