0.99868142  -7.6234523e-05  -0.0056292305  -0.0036777701  0.0052900881  -0.0035679020  -0.0034083751  -0.014187158  -0.0018267106  0.00034651568  
-0.00039487376  0.99679826  -0.045236809  0.036881410  0.014778470  -0.0011739755  0.00064210417  -0.018473672  -0.0084417716  -0.0029932043  
0.0060499101  -0.0010221862  -0.088804690  0.33665729  -0.91194763  -0.10083000  -0.095482919  0.071178983  0.10835606  -0.092582416  
0.013415286  0.048264241  0.42301519  -0.32995032  -0.095786961  0.014910409  -0.039399534  0.83428098  -0.0075107216  -0.0042881374  
-0.0019883952  -0.022532020  -0.87960036  -0.30837421  0.028319007  -0.074526600  -0.068805060  0.32731395  0.070808594  -0.071547195  
0.0024213317  0.00053174085  -0.062122648  -0.022590229  -0.082684492  0.96048509  -0.24965780  -0.015612894  0.026395290  0.022293133  
0.0042800556  0.0034476990  -0.055861245  -0.10898749  -0.15663873  0.22863453  0.95104758  0.0075356154  -0.0075842136  -0.032757023  
0.0072298141  -0.033487597  -0.14064902  0.81296806  0.31031026  0.074775062  0.11630016  0.43415843  -0.085984467  0.068327747  
0.0021551947  0.0063668100  0.079527470  0.066086952  0.15163417  0.0083984054  0.033530503  0.011422474  0.94719244  -0.25537428  
0.00022603895  0.0057593768  -0.041899334  -0.035507068  -0.071808771  -0.032816439  0.024645005  0.0077315648  0.27422917  0.95509269  
