0.99907734  -0.00019752328  -0.0025627113  -0.0013924930  0.00037782837  -0.0015675811  0.0044299607  -0.0018198650  -0.0036383107  9.2648969e-05  
0.00021808565  0.99879895  0.017865418  0.0024084933  0.0015279242  -0.0057481947  0.0020732839  -0.012819684  -0.0014959728  -0.00030302859  
0.0022950881  -0.016281651  0.96997275  -0.20008564  0.11519213  -0.0022321536  -0.010454904  0.059190803  0.0040158842  1.0873912e-05  
0.0018243797  -0.0064009799  0.20844377  0.97531465  -0.046745648  0.0014420807  0.018273421  -0.026156519  0.0018462550  0.0051216537  
0.0017459036  0.013418409  -0.054152142  0.039160898  0.012733298  -0.034257514  -0.0079841964  0.99612035  0.00047124433  0.00048142110  
0.0014629918  0.0061006643  0.00029892909  -0.00062245938  0.00040231114  0.99807612  0.0053582751  0.034333254  -0.028996013  0.0022317838  
-0.0043829762  -0.0020081134  -0.011939696  -0.0070500695  0.17358107  -0.0045649251  0.98138185  0.0052127145  0.027147099  -0.062359067  
-4.5869642e-05  -0.00016835306  0.10145301  -0.071055233  -0.97537090  -0.00017780248  0.17126390  0.022128912  0.039852459  -0.011353144  
0.0038039039  0.0017645088  -0.0077944441  0.0028244806  0.033578273  0.029232019  -0.041694336  -0.00073391274  0.98810513  -0.13416530  
0.00015518054  0.00043021835  -0.0017036086  -0.0059272959  0.0045408258  0.0014652397  0.058148096  5.1113782e-05  0.13643704  0.98794455  
