0.99857578  0.0019987168  0.0019601403  -0.0012229758  0.0017816877  -0.0014140080  0.0027884685  0.0012056989  0.00029024987  -0.00049847192  
-0.0017090382  0.91407798  -0.0013457173  0.012843078  0.014699719  -0.22362633  -0.18582332  0.017557152  -0.12311191  -0.24691047  
-0.00063740133  0.0072491377  0.73167560  0.36676995  0.20412435  0.041305491  -0.033291945  -0.53027113  -0.034412524  0.019897189  
-0.00037015132  0.012080522  0.35341646  0.50152291  -0.36893280  0.035183774  0.030123274  0.69315144  0.029249601  0.025986480  
-0.0029462679  0.011304135  0.34261010  -0.38661720  0.70616588  0.023217431  0.017173116  0.47538380  0.056044227  0.034298312  
-0.00017801048  -0.21913471  0.026216647  0.047732339  0.023256300  -0.90830688  -0.26449597  0.013461940  0.18692324  0.12267050  
-4.0258959e-05  -0.19802450  0.028826021  -0.021169159  0.019718552  -0.18714804  0.075927424  0.065898100  -0.94325324  -0.14573118  
0.00075316777  -0.011133611  -0.46626207  0.67498830  0.56330355  0.045380001  -0.025985600  0.048383105  -0.027274188  0.025655587  
0.0032366992  -0.12007861  -0.0015229946  -0.042558900  -0.031618293  0.28445264  -0.93837339  0.045481153  -0.11288510  0.059295606  
-9.1453496e-05  -0.24380536  0.023981489  0.029214099  0.029352292  -0.0092049242  -0.056220207  0.016349380  0.19639849  -0.94530176  
