0.99810761  -0.0013981993  -0.0041086254  -0.00096844908  -0.0031342835  -0.00041956831  8.9072009e-05  0.0035999435  0.012674858  0.0044071527  
-0.00067682032  0.92440902  0.0082880072  -0.00032279277  0.016797435  -0.31980738  -0.028128586  -0.0094950876  0.18334624  -0.067707925  
-0.0045058039  0.017218668  -0.96237492  0.23706767  -0.043320424  0.040469524  -0.075068147  0.061577844  0.021849284  -0.0036583665  
0.0015587204  -0.0090915155  0.23925793  0.96550974  0.043104653  -0.010932282  0.0075942855  0.065191704  0.015103872  -0.0065554585  
0.0020417263  0.018773853  -0.037340603  -0.039515317  0.98145107  0.11545648  -0.058593210  0.10196232  0.029804273  0.041119456  
0.0091066490  0.33537751  0.0086993419  0.014530031  -0.047080836  0.46787832  0.12928705  0.092580486  -0.77401482  0.19600018  
0.0078278596  -0.059195422  -0.043024252  0.0021490736  0.089431972  -0.19349433  0.31722734  -0.023007252  -0.31630491  -0.86273307  
-0.0037933736  -0.025023487  0.054497237  -0.076480490  -0.099540948  -0.056560172  -0.10034117  0.97786935  0.040910016  -0.076949012  
0.0028525204  -0.15306708  -0.060640454  0.0061150037  0.094275985  -0.77318580  0.17914065  0.032268006  -0.40244807  0.40934809  
0.0052733044  -0.031692308  0.051850317  0.0033837558  -0.0058371820  -0.14809664  -0.90943954  -0.10722104  -0.31361348  -0.18439633  
