0.99871827  -0.00012936469  0.0013457580  -0.0013182933  0.0061512883  -0.00071073081  -0.0023504388  -0.0057066109  -0.0033655451  -0.0025684413  
0.0012301663  0.92136331  -0.047400666  0.029121992  -0.027958177  -0.25915786  0.25550644  0.00032014835  0.041917600  0.10186234  
0.0029415122  -0.046468799  -0.72086864  0.63841416  -0.068147443  0.14186659  0.10868170  0.016775809  0.15031703  -0.091094651  
-0.0022813191  -0.011113872  -0.51710082  -0.56954533  -0.23104172  -0.020456147  -0.033277416  -0.58971127  -0.051411467  0.013755702  
0.0042705041  -0.031931067  0.21188448  0.25461128  -0.89560182  -0.15569320  -0.13486529  -0.049369984  -0.18005403  0.084518067  
0.0018799627  -0.33809695  -0.020927604  0.056522830  0.080268291  -0.42517541  0.53214597  -0.061892021  0.00086272704  0.63671431  
-0.0012558060  0.13370171  -0.10331106  0.13225246  0.18432953  0.034894181  -0.70625604  -0.053000477  -0.060856274  0.64098897  
0.0056475754  -0.034343332  -0.36896860  -0.39695575  -0.19218422  -0.11855222  -0.063719517  0.79797932  -0.064068722  0.080932877  
-0.0053373932  -0.040323444  -0.12557096  0.14549984  0.24101885  -0.48877643  -0.12350717  -0.041853693  -0.74677998  -0.29504344  
9.5582007e-05  0.10142275  0.0028382034  -0.017308081  -0.028300501  0.67129603  0.31591092  0.041070506  -0.61019237  0.24812716  
