0.99881352  5.5383429e-05  -0.0018111020  -0.0027366987  0.0045878909  9.7095904e-05  -0.0031540363  0.0055656212  0.0014060132  -0.00029714483  
-0.00010213352  0.99794219  0.028823526  0.019689347  -0.0057298604  0.0028531291  -0.010236706  0.0055997372  -0.0038343012  0.015351538  
-0.0059404236  0.022521708  -0.73450894  -0.21387481  0.15234603  0.040132644  0.026356032  0.61866846  0.038498816  0.046266779  
0.0018881546  -0.014974790  -0.18305939  0.97005798  -0.0030048575  0.082660669  0.037880749  0.10730871  0.018078513  0.049974272  
-0.0041826411  -0.00054508489  0.21124502  0.040841167  0.97261453  0.0077397519  0.0045913566  0.025330076  0.048362018  -0.046438582  
-0.0017203658  0.0090980843  -0.0070611058  0.039438485  -0.056104488  0.061705584  -0.37943282  0.079706615  0.26654612  -0.87615705  
0.0024058536  0.013086974  0.054826824  0.010807941  -0.039442364  -0.32721620  0.86119457  0.079176034  0.14480622  -0.34204980  
-0.0024381394  -0.025405198  0.61213226  0.021734606  -0.14847416  0.071125601  -0.047767228  0.76370656  -0.025077644  0.092817348  
-0.00042706574  -0.00068473880  0.036422379  -0.046725344  -0.039657977  0.32147865  0.075633445  -0.062629476  0.90165293  0.25872842  
-0.0015112666  -0.0036922981  -0.0068111511  0.065278186  -0.00073199820  -0.87740613  -0.31926597  0.053658108  0.29698132  0.17455506  
