0.99883651  0.00065466376  0.0012884201  0.0025790323  -0.0013492379  -0.0015659814  0.0034433443  -0.00091209792  -0.0011565378  0.0029557950  
-0.00053833115  0.99576355  0.010992737  -0.031885578  -0.017798626  0.0089865307  0.015684843  -0.025528260  0.028394163  -0.055307010  
0.0010895171  0.016731380  -0.98169072  0.011605471  0.018316015  0.0078297951  0.067660023  0.14656813  -0.083559328  0.0037696190  
0.0025937525  -0.031969679  -0.011451108  -0.99672155  0.012903656  -0.045421593  0.0073668940  0.014493969  0.018603011  -0.012856890  
0.0010974285  0.0087393279  -0.024456204  0.0080028957  0.94556031  -0.0078164969  0.043700665  -0.31648757  -0.023162634  -0.011080873  
-0.00031191992  -0.027379325  -0.010627053  0.051609859  0.0061515322  -0.79056615  0.22520792  0.062537231  0.32527249  -0.45708119  
6.6579986e-05  0.027599140  -0.083907018  0.010846980  0.028064790  -0.24163707  -0.44847752  -0.029251507  0.59125845  0.61564449  
-0.00099470453  -0.029570040  -0.14417809  -0.012227844  -0.31709137  -0.058110035  0.00099881538  -0.93238206  -0.025511443  -0.045331730  
0.0050830232  -0.037330816  -0.069617304  -0.0028900757  0.030456771  0.33862712  -0.59787793  0.0014474659  0.33756188  -0.63593573  
-0.00074338950  -0.033395678  -0.015094348  -0.0031353894  -0.020537636  0.44053537  0.61770127  -0.034146978  0.64736299  -6.6285383e-05  
