0.99847154  0.0013341356  0.0043405415  0.010920955  -0.00017163579  0.0040520726  0.0079223612  0.0055540944  -0.0029026108  0.0063512705  
0.00039052398  -0.98201844  0.024854174  -0.067865097  -0.063551757  0.015465477  0.096190467  0.062549778  -0.10011816  -0.0011518899  
0.0062674129  0.075433121  0.39708102  -0.62677174  -0.62564546  0.026574212  -0.031154522  -0.21692875  0.017350621  0.019442873  
-0.00094397136  -0.016894844  -0.57295280  0.39260523  -0.67186127  0.031565303  0.0041387198  -0.24358581  0.041723884  0.026113074  
0.012010951  -0.0087945032  -0.65264592  -0.61315957  0.29688185  -0.068820283  -0.022646000  -0.30022483  -0.067354443  -0.080952878  
0.0043823191  0.033119822  0.041880855  0.043511944  -0.089489783  -0.34403903  0.19760884  0.060910080  -0.10151769  -0.90161293  
-0.0025829428  0.079893703  0.015692189  0.048981666  -0.037882339  0.23267635  -0.20176894  0.0041649134  -0.94413979  -0.016389460  
-0.0016648871  0.083397492  -0.28632278  -0.25344212  -0.22258738  0.062408466  0.024664748  0.88774580  0.011593558  0.040000171  
0.0092805669  -0.10951591  0.00067018430  0.022211634  -0.012199458  -0.11488519  -0.95171547  0.054107498  0.17107069  -0.18192153  
0.00023794666  0.013272956  0.010297315  0.016773479  -0.055645493  -0.89468342  -0.0016814293  0.041704788  -0.22220862  0.37610167  
