0.99930200  0.00046008937  -0.0035763004  0.0012398985  -0.0024646750  0.00022216596  0.00095382028  0.00068086569  -0.00024378293  -0.00021938402  
-0.00047995815  0.99916738  -0.0012787786  0.011110884  0.0059629910  0.010569590  -0.00034947760  0.00040068039  2.7076457e-05  -0.00058644621  
-0.0036129138  -0.0012465932  -0.99911466  0.0025775134  -0.0054159036  8.1032642e-05  0.017698756  0.0023232139  -0.0015670870  -0.00043207460  
0.0012334087  0.011370444  -0.0025486646  -0.99878904  -0.0077761857  -0.018016114  -7.4621849e-05  -0.015252025  -0.013289932  0.0099844440  
0.0024414627  -0.0062955304  -0.0056649704  -0.0089002080  0.99819314  0.039513905  -0.014670614  0.015035758  0.0085477372  -0.0040685133  
0.00031764912  0.010117436  -0.00034881872  0.018076685  0.039965833  -0.99794301  -0.0028341326  -0.020799888  0.010258300  0.011601210  
-0.00084541190  0.00030375420  0.017635964  -8.4083851e-05  0.014973253  -0.0022527208  0.99901752  -0.0028769265  -0.0049203540  -0.0017487630  
-0.00061099738  8.1366122e-05  0.0023958778  -0.015370790  -0.014635469  -0.021382919  0.0031685987  0.99803176  0.039044797  -0.010160094  
0.00025913572  9.1781623e-05  -0.0015880768  -0.012385345  -0.0082602084  0.010987614  0.0051082806  -0.038618621  0.99742447  0.043843868  
-0.00022682148  -0.00031924207  0.00031102362  -0.010137153  -0.0038967772  -0.011252990  -0.0015052771  -0.012269714  0.043376658  -0.99816180  
