0.99852680  0.0011121419  -0.0049258474  -0.0093448985  -0.0014493905  0.0038231805  0.00025574037  0.0021516378  0.0047394453  0.0081706663  
-0.0011920169  0.99809795  0.0030318250  -0.0093716522  -0.0053908343  -0.027948858  -0.0015332533  0.0047503739  -0.0014532694  0.00073734676  
0.0048554703  -0.0031860065  0.99837782  -0.013141721  0.0095534725  -0.0016516020  0.0012163232  -0.00097138260  -0.0044280848  0.0014234372  
-0.0090389812  -0.0091216450  -0.012878883  -0.99737595  -0.011928381  0.010760882  0.0071639799  0.0095623796  -0.0092835905  -0.039913418  
-0.0013400474  -0.0036457410  0.0097841755  0.013179272  -0.99642913  0.061380461  0.0028694716  -0.0049638525  -0.0065113227  -0.016084520  
0.0035696384  -0.028398791  -0.00087723122  -0.0091831426  -0.061622294  -0.99413921  0.0019156081  0.044368859  0.044427929  -0.014067352  
0.00014969853  -0.0016296943  0.0011151652  -0.0074500467  -0.0031065647  -0.0024048485  -0.99850078  -0.012039506  -0.0055161825  0.0044103066  
0.0023649985  0.0035369717  -0.0011234390  -0.0090874761  0.0025900606  -0.043247080  0.011962860  -0.99686782  0.021299969  -0.029680595  
0.0044822211  -0.0025844692  -0.0046776135  0.0059678719  0.0026934807  -0.046448082  0.0061443426  -0.021057855  -0.99505776  0.066249426  
0.0087197812  0.0012999655  0.0015203703  0.040427189  0.017470195  0.010884089  -0.0045572019  0.027430673  -0.067025928  -0.99487385  
