0.99835544  -0.00049123276  -0.0063948200  -0.00051732682  5.5723094e-05  0.00069596932  -8.1538583e-05  0.0063729211  -0.00022584928  0.00018039711  
0.00035355676  0.99831407  -0.0026945576  0.00078171718  0.0016533757  -0.0017718894  0.0079082446  0.00015402829  0.0072121757  0.0023734115  
0.0061854004  0.0027172435  0.94945285  0.30517696  0.032134794  0.014873255  -0.0028509749  0.0095206312  -0.0089792600  -0.0091633801  
-0.0013421734  -0.0016969757  -0.30341295  0.94980165  -0.038403238  -0.014390270  0.0024922195  -0.018470277  0.014364457  -0.0039828649  
-0.00059760149  0.0012090957  -0.048321838  0.029278944  0.89536868  0.31509694  0.0018268335  0.0026705957  -0.28733569  -0.099887122  
-0.00035622880  0.0036969965  -0.0038407854  -0.0043512978  -0.34281613  0.84149271  -0.079101404  -0.032881661  -0.0052094540  -0.40427517  
-0.0019196490  -0.0067579688  -0.0012752113  0.0025125184  -0.052322323  0.048345610  0.94392834  0.30118913  -0.078722779  -0.063205227  
-0.0061662116  0.0020217632  -0.014889735  0.014361405  -0.0055793782  0.0050531155  -0.30400376  0.95083605  -5.8030308e-05  -0.0017710325  
-0.00028448888  -0.0077137319  -0.00064421307  0.00098038327  0.22733052  0.25508632  0.084737127  0.027647313  0.88151696  0.30795034  
-0.00047345955  0.0014294357  0.0014845457  0.0089590830  -0.14377866  0.34832567  0.0010349025  -0.00094508277  -0.36110627  0.85087606  
