0.99884605  0.00018334763  0.0086913681  -0.0023413502  -0.0025143050  0.0034656732  -0.0035160070  0.0094230927  0.00036058455  -0.0012346418  
0.0013486604  -0.92128912  0.0042315832  -0.0068850397  -0.00067389789  -0.37054534  0.057971978  0.017868018  0.057059656  -0.069286940  
-0.0066811132  0.00097933189  0.20487034  0.16645616  -0.91332063  0.014482412  -0.024783675  0.29866832  -0.030238892  -0.053017978  
-0.0033084398  -0.0064684650  0.14071102  0.78044307  0.33799699  0.021025246  -0.0015221217  0.50346026  -0.011484993  0.020537683  
0.0079448097  -0.0055745143  -0.94897763  0.19214644  -0.14912354  0.0083005043  0.085520774  0.067045839  -0.14277352  -0.075737185  
-0.0025936598  -0.37869788  0.019917105  0.025843041  -0.0010131044  0.83415842  -0.23172727  -0.096762260  -0.28235417  0.12130602  
-0.00074243634  0.015785036  -0.12445692  0.0042928611  -0.031230159  -0.24386578  -0.79340910  0.038304060  0.11445666  0.52679997  
0.0080571006  0.020809647  0.074636752  0.56741002  -0.14238885  -0.094441788  -0.019877857  -0.79920518  0.032993689  -0.018680575  
0.0020052860  0.032020242  0.095511166  -0.017626514  -0.0037787419  -0.24810380  0.27658789  -0.023214929  -0.77753383  0.49399020  
0.0021932971  -0.062625190  -0.069050827  0.031017885  -0.076071632  0.18456360  0.47572045  -8.7545671e-05  0.52389481  0.66903036  
