0.99765274  -0.0017480987  0.0048817315  -0.0046152232  -0.016600927  0.0044281988  -0.0014755413  -0.010090813  0.0042572778  -0.0019828699  
-0.0022098797  -0.98579226  -0.012827538  -0.0028762796  0.014741657  0.010369353  0.078561232  0.0064873717  0.12349616  -0.043811109  
-0.0061338754  -0.0044592868  0.99068225  -0.089405860  -0.018302060  -0.0018344974  0.063389043  -0.027123498  0.025091180  -0.0038766705  
0.0047880975  -0.0097644280  0.094739696  0.99004950  0.023108102  0.026121191  -0.057853512  0.040986508  -0.013152898  0.0068543287  
0.015270870  0.020378607  0.0088871359  -0.013336664  0.98620582  -0.033681281  0.073874553  -0.12352006  0.013292308  0.010977968  
0.0042446279  -0.021083166  -0.023786388  0.037532126  -0.058351187  -0.42204939  0.51604109  -0.0092110487  -0.20422340  0.70971293  
-0.00098838003  0.089296356  -0.048023556  0.041636143  -0.034352792  0.45814616  0.81699393  0.072333314  0.039804591  -0.31314136  
-0.011826530  -0.00063379883  -0.028247057  0.048329097  -0.12392540  0.045193261  0.042423754  -0.98579319  0.020009770  -0.024272906  
0.0028207214  -0.11906530  0.026243779  -0.023601142  0.024865919  0.14911856  -0.070942965  -0.017727424  -0.96599275  -0.13733615  
0.0023393261  0.027481809  -0.011994242  0.037211886  -0.033678264  -0.76234444  0.18985410  -0.0065994187  -0.049727373  -0.61011511  
