0.99883078  0.00022554312  -0.0012447288  0.0035214834  0.0026731450  0.0024313593  -0.0023336968  -0.0020777288  0.0030119844  0.0024043299  
-0.00012468760  0.99822449  0.014997402  0.015853939  0.0046382444  -0.023730770  -0.0036480088  0.0064197212  0.0013913988  0.0018870371  
0.0025477809  -0.011765289  0.92683406  -0.16296451  -0.28838011  -0.034886375  -0.13444294  0.064996761  -0.070047311  0.0017074660  
-0.0031053064  -0.018112956  0.19401512  0.97683097  0.043224524  0.019677802  0.051263479  0.0052923692  0.014824422  0.017775659  
-0.0017737919  -0.0076498809  0.27889392  -0.098125176  0.95312311  -0.026902519  0.0079549666  0.022608952  0.014721929  0.0090456592  
-0.0023597811  0.022954990  0.031254315  -0.025362175  0.015134855  0.99444268  -0.021367728  0.067182822  0.013847627  -0.031728447  
0.0025012019  0.0042960377  0.11955109  -0.073652297  -0.047935736  0.024355952  0.98135891  -0.091592719  -0.029231956  0.052164821  
0.0023697348  -0.0068390838  -0.057915269  0.0020084224  -0.0094179281  -0.062830871  0.10127729  0.98964251  0.026450831  0.0028564103  
-0.0032372255  -0.0020013876  0.059252587  -0.028470120  -0.036804358  -0.0080846554  0.0058651163  -0.024600712  0.97745514  0.18864207  
-0.0018945904  -0.00058153575  -0.024316086  -0.0079478709  0.0010863029  0.032649181  -0.055114033  0.0084934698  -0.18683981  0.97867134  
