0.99844790  -0.00068450979  -0.0089333440  -0.00082698889  0.00033406357  -7.0606488e-05  0.0018655087  -0.0010985061  0.00031992962  -9.6168680e-05  
0.00073137746  0.99835448  0.0024387986  0.013905118  0.0040480805  -0.0019030963  -0.00051481875  0.0017425128  -0.00020274904  0.00021617679  
0.0088969129  -0.0024577078  0.99819157  0.0024267612  0.0070655381  -9.9457692e-05  0.013189937  -0.0017914730  -0.0014542855  0.00037552065  
0.00067980197  -0.013992174  -0.0021847930  0.99766216  0.014899807  0.015816873  -0.0066912835  0.011767125  0.011424394  0.0017216612  
-0.00050731728  -0.0036486758  -0.0072563113  -0.014947607  0.99741112  0.033503090  0.029165256  0.0046246242  0.0016360586  -0.00099771585  
0.00014226806  0.0021939104  0.00082542971  -0.015671769  -0.033856526  0.99759794  0.0013075057  0.012595985  0.0098117469  -0.0081607467  
-0.0019805152  0.00053562870  -0.012962339  0.0071144313  -0.029085987  -0.0023069652  0.99776904  -0.0011783612  0.0066868010  0.0021305620  
0.0011914690  -0.0016240609  0.0018030168  -0.011698054  -0.0044958660  -0.013338118  0.00092461882  0.99759298  0.023448297  -0.023177678  
-0.00044142463  0.00037135445  0.0015394773  -0.011073943  -0.0012066297  -0.0092469289  -0.0064924412  -0.022568093  0.99645313  0.053528028  
9.3477341e-06  -0.00022472977  -0.00031842653  -0.0015568503  0.00068699113  0.0083729992  -0.0015467093  0.024601181  -0.052952971  0.99659466  
