0.99910451  0.00091523987  0.0066426801  0.0018787461  0.00016657999  -0.0012437777  3.5176095e-05  0.0021506729  0.00054619971  -0.00083146810  
-0.00088729454  0.99613573  -0.0024289035  0.011179250  0.016518524  0.0074474181  0.036182187  0.0024670332  -0.054625268  -0.035463893  
-0.0062377142  0.0066311767  0.98948859  -0.10831247  0.0065806481  -0.016536936  -0.034036596  -0.070803547  0.010576672  0.027141014  
-0.0025072654  -0.0074442906  0.10537654  0.98812267  -0.019007360  -0.0095660325  0.034335963  -0.047025008  0.080946938  -0.0084552756  
0.00014246354  -0.014109010  -0.011945802  0.015410084  0.99501738  -0.023032630  -0.013253496  -0.078596802  0.020430396  0.017381966  
0.0013874974  0.0084591312  0.0042214201  -0.0074959641  0.0085350396  0.77468205  0.29366130  -0.025113249  0.098885244  0.54900118  
-1.8120633e-05  0.034027072  -0.013118333  0.043029376  0.0052180868  0.31273283  -0.93209284  0.15538701  0.024948271  0.060020748  
0.0027537657  0.0042489440  -0.075752004  -0.027804923  -0.076789451  0.044048840  -0.15138932  -0.97698895  -0.079493337  -0.010257499  
-0.00025235140  0.055850340  -0.026490227  -0.081906719  -0.026353757  -0.097045046  -0.022342549  -0.073978648  0.98513412  -0.033448470  
0.00015885168  0.036759424  -0.034950944  0.012011740  -0.028553390  -0.53677549  -0.12618616  -0.0061031804  -0.030852550  0.83041693  
