0.99790305  -0.00061230143  0.0046733265  0.0041782779  0.00037201014  -0.00079424673  -0.0058962895  0.0065545204  -0.0085971616  -0.0033032795  
0.00072066695  0.99778999  -0.0079661657  0.0052694163  0.0036073363  -0.00066501534  -0.0088784095  0.0018677245  0.0087960335  0.0038835324  
-0.0058311255  0.0024922429  0.62141853  0.70842300  -0.32714210  0.00077176786  0.013388792  0.016785228  -0.0028063677  0.0040380654  
0.00076680068  -0.0095440439  -0.75552429  0.65086558  -0.026668572  -0.00025848019  0.0055389333  -0.0041244733  -0.00099426029  0.0031171893  
0.00031809522  0.0037804943  0.15448885  0.20590479  0.76358322  -0.0099460740  0.57206908  0.010252474  -0.12918177  -0.049183539  
-0.00095573198  0.00088325090  -0.0044486343  -0.0035927862  -0.0028782072  0.97547908  0.0095662895  0.20666271  -0.035539036  -0.023260871  
0.0071073806  0.0080645577  -0.11094660  -0.15603211  -0.51949071  -0.0041054400  0.80595211  -0.016184701  0.15883045  -0.11772058  
-0.0062553527  -0.0019764016  -0.016480227  -0.013517284  -0.010606942  -0.20629442  0.0050939738  0.97612127  0.010664500  0.0035132568  
-0.00012635937  -0.0021495581  0.023753561  0.037738838  0.10663716  -0.0025524429  -0.13666194  0.00051377632  0.44663628  -0.87413185  
0.0087434690  -0.0098820386  0.032604701  0.043012167  0.15304663  0.043163648  0.0084010149  0.00082841063  0.86748314  0.46358202  
