0.99828544  0.0018518736  0.010604901  -0.010305643  0.0081581116  0.0031141754  0.0021942657  0.012182001  -0.0013893497  -0.0017625081  
-0.0018392466  0.99818256  -0.010587630  -0.011884467  -0.0097504919  0.0015291675  0.011233255  0.010160346  0.00076932822  -0.0061918296  
0.010195566  -0.010218937  -0.98588811  0.11040912  0.020662465  -0.0026987551  0.020265840  0.10160699  0.036372850  -0.0063099311  
-0.00072455518  0.0043058038  0.14913936  0.78276800  -0.020139002  0.017228713  0.0075455504  0.60030708  -0.00078470410  -0.018062980  
-0.010335408  0.0079322169  0.026165277  -0.061957780  0.98952370  -0.0055050304  0.0074170493  0.10720836  0.038407574  -0.0051529496  
0.0020146024  0.00073268254  0.0046837199  -0.029506745  -0.013571890  -0.99510487  -0.020363383  0.066103142  -0.021097961  0.018085395  
-0.0014469216  0.0011745849  -0.036270573  0.0026991792  0.039132706  0.020112932  -0.10914201  0.0026198745  -0.98281120  -0.12478226  
0.015090445  0.016719772  -0.010143026  0.60521970  0.12271352  -0.070422390  -0.0044081079  -0.77945471  -0.0020417663  0.046981303  
-0.0023004627  -0.011124170  0.015099152  -0.0048324834  -0.0030128926  -0.019291176  0.99146261  -0.010724692  -0.10660049  -0.038701050  
0.0010092386  0.0051639869  -0.0070609721  -0.013442542  0.0041274689  0.023424466  0.025877426  0.048041249  -0.12714816  0.98824543  
