0.99791885  -0.0012442879  0.0073170286  0.0086098759  -0.0085679059  0.0044877208  -0.0037624850  -0.0051903881  0.00064455193  0.0021402543  
-0.00061408384  0.91048236  -0.032165004  0.0046733742  0.027715279  0.36654648  -0.069927846  -0.0045288345  -0.022518811  0.15990192  
-0.0066537445  0.039921214  0.97430572  -0.068127160  -0.058715547  0.0025570473  0.047295003  -0.031241978  -0.18031959  -0.030050427  
-0.0014904030  0.0025599801  0.10032606  0.72481416  0.27695487  -0.0083183396  -0.031097766  0.61338045  0.068735022  -0.032012930  
-0.0098275217  0.013611750  0.0041305058  0.21077535  -0.93857352  0.016451113  -0.054552183  0.15121063  0.20346796  0.051795220  
-0.0037650098  -0.36712875  0.036030338  -0.081162553  0.044003125  0.58087016  -0.16077556  0.11158759  -0.037819781  0.68903250  
-0.0039464786  -0.053748905  0.042805155  0.012317975  0.031384541  0.091694433  -0.93522336  -0.10100961  0.029649764  -0.30909163  
0.0096901464  0.062432591  -0.00044089564  -0.64162811  -0.0010685850  -0.10985347  -0.072504670  0.73664476  0.11808714  -0.079390613  
0.0010342740  -0.021434380  -0.17855214  0.030847800  -0.17463941  0.033948761  -0.024654539  0.17126265  -0.94371168  -0.10128054  
-0.00077329092  -0.15279347  -0.012436768  -0.034682602  -0.020922326  0.70892530  0.27946571  0.033663761  0.099146039  -0.61548213  
