0.99876176  0.00034297720  -0.0026395429  -5.5313834e-05  0.00032907748  -0.0010428878  -0.0097638577  0.0011742887  0.0011930622  -6.0864068e-05  
-0.00029520471  0.99855932  0.0090315306  0.016197137  0.0043388075  -0.0043363302  0.0010365321  -9.6197912e-05  -0.0018437947  -0.0018415025  
0.0026656206  -0.0088940919  0.99852834  0.0069943180  -0.014689747  0.0097319197  0.0028579919  -0.0013481993  -0.0010353390  0.00064939646  
0.00018432528  -0.015912187  -0.0079032098  0.99538872  -0.073170224  -0.026104712  0.0078253641  0.0046322177  0.0059371288  0.010093934  
-0.00017176116  -0.0046718317  0.012102520  0.077100651  0.97714994  0.19081022  -0.015544357  -0.0021192004  0.0034785128  -0.0059878873  
0.0012360477  0.0048438158  -0.012400795  0.011394754  -0.19186915  0.97982056  0.019103064  -0.00081140488  0.00091502399  -0.0080927429  
0.0097422336  -0.0010793955  -0.0024192853  -0.0066565489  0.019388301  -0.015839789  0.99831481  -0.0044042457  -0.00036937792  -0.0077492023  
-0.0011055375  7.8770983e-06  0.0010788913  -0.0039149287  0.0024441873  0.0014327219  0.0043014787  0.99554745  -0.080264106  0.00072521313  
-0.0011388341  0.0010695491  0.0012000260  -0.0025142429  -0.0044205341  -0.0044858755  -0.0021948021  0.074952072  0.92606515  -0.36649492  
-0.00024881514  0.0025813480  -4.2325705e-05  -0.011175480  0.0037914949  0.0081919591  0.0075432164  0.028664898  0.36536013  0.92896424  
