0.99818121  -0.0016437688  -0.0019369326  -0.00081851655  -0.0051589006  0.0061098463  -0.00063536373  0.0027424874  -0.0048600325  0.0026961644  
-0.00075922140  -0.98978202  0.0032180270  0.016707998  0.010937535  -0.061441415  -0.048058174  0.024031825  0.052132205  -0.083753162  
-0.0017340330  -0.012548200  -0.73755293  -0.66039328  -0.068909950  -0.057469104  0.032814577  -0.045688221  0.058636692  0.025828298  
0.00061399613  0.0096955706  -0.65533170  0.72096428  0.18709783  0.038259759  0.060264181  -0.048867583  0.065202601  -0.0076020765  
-0.0056953580  -0.0042282011  -0.093417684  0.18174657  -0.95738729  0.032960591  -0.040371117  0.17449288  -0.055837952  -0.028573770  
0.0010519114  -0.033107214  0.019012399  0.061432623  -0.026993191  -0.52788882  -0.012334218  0.047317629  0.049475002  0.84085219  
-0.0034177926  -0.031338826  -0.082706543  0.011696664  0.060116557  -0.17797720  -0.091528538  -0.033824122  -0.96989412  -0.052392985  
-0.0021513420  0.023611081  -0.056589211  -0.031501079  0.18177351  0.041607675  -0.021443632  0.97773149  -0.023697928  -0.017578482  
0.00048322200  0.057774325  -0.050751529  0.015234274  0.037611812  -0.026943528  -0.98741521  -0.029506702  0.10552657  -0.032179734  
-0.0075291893  -0.10275232  -0.021594806  -0.041914636  0.013463608  0.82101309  -0.061744599  -0.033489829  -0.16636030  0.52583254  
