0.99821971  0.0012475769  0.0032956584  -0.0020438604  -0.0016556687  -0.0035491718  -0.0056122362  0.0037008399  0.00017332124  -0.0063324509  
-9.3716087e-06  0.91581977  0.043971279  -0.019111244  -0.024187792  0.34851894  -0.14178048  -0.030910090  -0.0040760124  0.11139180  
0.0035990914  0.057622279  -0.72903729  0.67638859  0.0042952455  -0.030453663  0.0017015992  0.033827991  0.022315964  0.037425785  
0.00037935973  0.0095024710  0.65374277  0.70831553  -0.017406125  -0.023531260  0.15029395  -0.017094279  -0.20487308  0.032323662  
-0.0019372309  -0.016024399  0.0041218025  0.0049873539  -0.99037693  -0.046177190  -0.026322046  0.0016308892  0.10505804  0.031361852  
-0.0027143737  0.36906050  0.030283716  -0.042292215  0.050299718  -0.87351208  0.21009844  -0.023328415  0.21304447  -0.042911665  
-0.0028497998  -0.092205202  0.10215962  0.10640151  0.057364699  -0.21669419  -0.86711954  -0.28908319  0.13659976  0.24818487  
0.0050652280  -0.0030537034  -0.093920302  -0.046259080  -0.031709385  0.033533980  0.25326724  -0.93798189  -0.19837550  -0.0036554200  
-0.0010398634  -0.031619737  0.11913317  0.14524740  0.064796337  0.22893087  0.053188230  -0.17379348  0.83568069  -0.41463479  
0.0075267667  -0.090710317  0.030096385  -0.016864561  0.056724018  0.088182239  0.29975061  -0.0023716759  0.37540666  0.86306435  
