0.99832777  -0.0010641109  -0.0089647330  -0.0032232540  0.0055144691  0.0037242651  -0.00097095217  0.00020993266  -0.00026039876  -0.0018298735  
-0.00027076324  -0.98402374  0.044431734  0.059321389  -0.020080774  0.066151009  0.093625012  0.0048147577  -0.083489396  0.048307519  
-0.0033084945  -0.0049370247  -0.47066376  0.76699344  0.25684518  0.016626554  0.074644341  -0.072403261  0.28485614  -0.17037156  
0.0083862600  0.073888561  0.80974683  0.51054093  0.16543254  -0.063471271  0.013591025  0.16744397  -0.098554525  0.073161253  
0.0030138014  -0.013219631  0.27263674  0.021427663  -0.22738187  0.12003586  -0.035984627  -0.86287564  0.25032801  -0.21745588  
0.0015804190  -0.020544511  -0.0081973766  -0.11430349  0.23994512  -0.81655983  0.45623395  -0.21269394  -0.065455811  -0.028509851  
-0.0010590290  0.10505674  0.040739602  -0.047037433  -0.039356071  0.44293556  0.79776576  0.079363187  -0.18104365  -0.32941623  
0.0067743340  0.011152498  -0.012728767  0.21824713  -0.86031142  -0.27434107  0.16163144  0.23884454  0.22103857  0.032493834  
-0.00073867339  -0.10043600  0.20039676  -0.27347181  0.19066828  -0.053237553  -0.040622395  0.32640876  0.70878552  -0.47106359  
-0.00073423426  -0.032566277  -0.033800257  0.078149909  -0.12450388  -0.17962808  -0.32934453  0.060814737  -0.49785556  -0.76181483  
