0.99832697  0.0011687112  0.0038867587  -0.015818652  -0.011084733  -0.0014716566  -0.00015031438  0.015030871  0.0060891391  -0.0036184712  
0.0013146903  -0.99434549  -0.00057019666  -0.00039247588  0.0027641172  -0.042067433  -0.019709803  0.012225174  -0.014162245  0.077329055  
0.011948884  0.00045187841  -0.28926097  -0.20519600  0.89035843  -0.0062208468  0.010453906  -0.27921004  0.0038388345  0.013558660  
-0.0084506027  -0.0039983259  -0.33004887  -0.72960714  -0.41096923  -0.027541791  0.0057516879  -0.43071810  0.015311867  0.014243257  
0.0081182724  0.00041453266  -0.87152948  0.45660738  -0.16273505  0.0016392172  0.0042373230  0.049169482  -0.0094994143  -0.0013367923  
0.0052164969  0.012456485  -0.0012992353  -0.0079474355  -0.0068220955  0.71208803  -0.40930179  -0.033513562  -0.43079437  0.36818514  
0.0018457637  -0.055004359  -0.0022689814  -0.023685055  -0.00089902909  0.22142413  0.51034121  -0.0045665664  -0.60297300  -0.56582384  
-0.018083000  0.013420154  -0.21066987  -0.46051789  0.092864966  0.016780389  0.015095702  0.85377648  -0.0094706727  0.041961786  
0.0050116397  0.064193278  0.021081413  0.029576625  -0.010146306  -0.31707572  0.48996281  -0.020265218  -0.37746795  0.71254754  
0.0015162270  0.031617877  -0.0036086958  -0.0099703001  0.0089321542  -0.58104335  -0.57290810  0.015584137  -0.55193829  -0.15860660  
