0.99842619  -0.00028407351  -0.0057004524  -0.00096245706  -0.00012313010  0.0017146277  -0.0028699303  -0.0031136337  -0.0010019715  -0.0014100548  
0.00020034444  0.99806309  0.012693313  -0.0042212269  -0.0084678871  -0.0052626102  -0.013666287  5.8643848e-05  0.0062100093  0.014686701  
0.0051165103  -0.0031731330  0.72989574  0.25190059  0.58031853  0.0019084024  0.0030941778  0.25155677  -0.0081483854  -0.012681275  
-0.0025642135  0.013970262  -0.65887396  0.48906588  0.49886899  -0.0081353938  -0.021223281  0.27068221  -0.016785689  0.018023428  
0.0020058975  0.011418755  -0.11464949  -0.56055660  0.17097221  0.070233619  0.59685438  0.48445481  0.079073833  -0.19501212  
0.00093011652  0.013913663  0.069964690  0.48380902  -0.15369548  0.091664662  0.74465926  -0.35491471  -0.10966420  -0.18168144  
0.0018937393  -0.0042858078  -0.0063124500  -0.054755498  0.069481741  -0.96059984  0.16578910  -0.075349970  -0.060907602  0.17142988  
0.0033746462  -0.0061577195  0.10767022  0.36107354  -0.59402497  -0.11668973  -0.014692139  0.69832503  -0.0053872349  0.024274739  
-0.00023456044  0.00071335302  0.0040266847  0.10540201  -0.017366938  -0.16310594  -0.095357847  -0.074618615  0.81815080  -0.52412782  
0.0019420953  -0.011309677  0.015269383  0.036703597  -0.0033778082  0.14303170  0.22131079  -0.018892021  0.55190975  0.78770895  
