0.99793496  -0.00081184995  0.010182606  -0.010372171  -0.0069908846  0.0023751244  0.0035860173  0.011586246  0.00057211622  0.00052797066  
-0.0016010934  0.91035091  0.086316986  -0.032663073  -0.052740591  0.35995810  -0.079408154  0.015265927  -0.041096067  0.13548830  
0.0067995206  0.076984075  -0.21948204  -0.40921475  0.82976610  -0.013138705  0.022215791  -0.26017606  0.12652967  -0.037043558  
-0.0025960829  -0.054302268  -0.054674380  -0.62354746  -0.49727205  0.052304648  -0.00063118462  -0.59109445  -0.035093229  -0.028706057  
-0.014660480  -0.050118088  0.87994510  -0.36858130  0.099191877  -0.082068850  0.014225738  0.21500813  0.13910457  -0.031681597  
0.0031877080  0.35019918  0.012128912  0.064763444  -0.041344615  -0.63620150  0.098737735  -0.082562133  -0.15490785  -0.64945858  
-6.2069964e-05  -0.085936732  0.13403930  -0.036011094  0.16173792  0.070182934  0.076342154  -0.045614008  -0.95719087  0.11938959  
-0.010725613  0.024481086  -0.37998316  -0.54471361  -0.13236517  -0.066420063  0.0018599398  0.72142198  -0.10181344  -0.041904723  
0.0038539788  -0.051856985  0.013004432  -0.0074076089  0.034280287  -0.053821185  -0.98528798  -0.011056034  -0.082282113  -0.10638031  
0.0020126632  0.15124672  -0.022324752  -0.024108878  -0.029376541  -0.66320051  -0.052015835  -0.056544993  0.019602671  0.72459801  
