0.99851353  0.0015607433  -0.00049007823  -0.00088431857  -0.0013984098  0.0023024641  0.0011019604  0.00021107599  0.0090690826  -0.0011982212  
0.00055190804  -0.91869643  0.012197872  -0.029910045  0.013295107  0.35273730  -0.081134998  0.010982623  -0.00079911146  -0.14390116  
-0.0010874560  -0.022152194  -0.21084093  -0.10387268  -0.95459573  -0.037191001  -0.050087078  0.16008292  -0.024957924  0.0056555767  
-0.00031598656  0.031881889  -0.24107342  -0.74294192  0.033189109  0.022066340  -0.058389073  -0.61562982  -0.037972314  -0.025389665  
-0.00016678434  -0.011922309  -0.82176967  0.48698246  0.077991852  0.055257046  0.062002400  -0.26690300  0.018489064  -0.0077229127  
-0.0014771841  0.35835254  0.012313430  0.012979780  -0.017738014  0.63124722  -0.15403086  0.069330373  -0.13258255  -0.65090053  
0.0095049006  -0.057538548  -0.058061380  0.0056252622  0.065224190  -0.16680778  -0.12048381  0.079894974  -0.96745650  0.037990351  
-0.0015062131  0.0056860827  -0.45285920  -0.44256365  0.25553573  -0.0013307329  0.16666486  0.70499485  0.079144774  -0.0030520096  
-6.1861108e-05  0.012357034  -0.10310767  0.0067137475  0.092708560  -0.17469656  -0.95126152  0.10980003  0.17090829  0.034936323  
2.6572816e-06  -0.13977928  -0.0039442235  0.016353811  0.010401769  -0.64104547  0.10025470  -0.031524343  0.075758687  -0.74133213  
