0.99889874  -0.00035860302  0.0060106459  0.00014063973  -0.0062043411  -0.0013011133  0.0010582198  -0.00043367877  -0.00013990830  -4.8214296e-05  
0.00041980518  0.99805284  -0.015439209  -0.0044964227  -0.0093341417  0.037373518  -0.0011840774  -0.0029301961  0.00059246212  -0.00093540323  
-0.0060042213  0.015256623  0.99848755  -0.0049942311  0.0072931690  0.0052552585  0.017805107  0.0019157278  -0.00028075190  0.0012529852  
-0.00020737593  0.0040296516  0.0044062315  0.99844630  -3.1949512e-05  0.015451599  0.020932917  0.00043325556  0.0024509236  -0.014824412  
-0.0063226126  -0.0081321971  0.0060038623  -0.0016111688  -0.99420399  -0.024924216  0.092926037  -0.0046097764  0.0027666178  0.0061743499  
0.0011751300  -0.037830831  -0.0036487105  -0.014946834  -0.026940834  0.99691550  -0.024711562  -0.020767976  0.021490339  -0.0065235504  
0.00032182189  -0.00067343206  0.018654104  0.021291698  -0.092083116  -0.026834494  -0.99386779  -0.0033542516  0.00053822915  0.0032568204  
-0.00049965106  -0.0021041345  0.0020754844  0.00037813653  0.0054673427  -0.021089456  0.0033870171  -0.99836347  0.016625528  -0.017656520  
-0.00015338826  -0.00025408674  -0.00037114382  0.0019532793  -0.0033898293  0.020976331  -0.00099683564  -0.016974435  -0.99842205  -0.014589306  
-1.5747797e-05  0.00077164555  -0.0013103503  0.014733935  0.0061999514  0.0069146006  0.0025662709  -0.018141444  -0.014104565  0.99841391  
