0.99834282  0.00050541153  0.019704939  0.00063720630  -0.00045813080  -0.0016532118  3.5842665e-05  0.00034041666  0.00026036807  0.00036935720  
-0.00034338552  0.99847028  0.0023565819  -0.0042576155  0.0047423986  0.0023622047  -0.00065873072  0.0053032313  -0.00047330015  0.00088099334  
-0.019714827  -0.0023966924  0.99773580  -0.0072127075  -0.0073465791  -0.0031866299  -0.025737455  -9.7504128e-05  -0.00029050397  0.0025878893  
-0.00083251030  0.0044780568  0.0071476282  0.99771612  -0.014448675  -0.024293623  0.0020891818  -0.011110562  0.0068052751  -0.0026346170  
0.00041614447  -0.0046681499  0.0077357128  0.015747951  0.99638698  0.062490415  0.0021317100  0.0058416159  -0.0035731566  0.0019196944  
0.0015701978  -0.0020110236  0.0030683838  0.023494595  -0.062900749  0.99613488  -0.0011145581  0.0044572304  0.00029288345  0.012037786  
-0.00051249284  0.00057385844  0.025645689  -0.0022822033  -0.0023559007  0.00074181132  0.99802330  0.00078026419  -0.00083904549  0.0029985234  
-0.00033694189  -0.0052362017  1.4489010e-05  0.010672738  -0.0057567935  -0.0054936067  -0.00087994849  0.99710258  0.037279958  0.032833044  
-0.00031924274  0.00077872975  0.00092138718  -0.0073338812  0.0041644083  0.0032388196  0.0015218291  -0.027690078  0.96693031  -0.24664534  
-0.00047030895  -0.00049319196  -0.0024450849  0.00017302321  1.8391926e-05  -0.011560333  -0.0031953231  -0.041154280  0.24547515  0.96680634  
