0.99910269  -0.00091620133  0.00030317987  -7.0612270e-05  -0.0030438129  -0.0063290992  -0.00096747235  0.00026635362  -0.00032039980  0.00024728575  
0.00077954549  0.91818643  0.0097319176  0.012532304  -0.0065953414  0.0032403716  -0.0014936157  0.36568575  -0.0098449982  -0.14498734  
0.0065073410  0.0083258404  -0.15545006  -0.013033375  0.065144848  0.98426359  0.011646122  -0.017926859  -0.0043488616  0.014962860  
0.00019904090  -0.016003803  -0.0040000669  0.99737245  0.0057560041  0.012418320  0.027544381  0.0016575377  0.042240969  -0.014135146  
0.0027043339  0.0092687581  0.051996401  -0.0088408709  0.99270278  -0.057928937  0.036861149  -0.0024681197  0.073050475  0.0034674348  
-0.00055176983  -8.8728155e-05  -0.98492588  -0.0031209892  0.041445691  -0.15801192  0.026389962  0.025737720  0.00011068407  -0.0077709163  
5.3531693e-05  -0.00030066086  -0.0072955629  -0.038254218  -0.066538174  0.0096042597  -0.14000622  0.0082040487  0.98498179  -0.047239372  
-0.00020852035  -0.36671245  0.018616028  -0.014947025  0.010541662  0.026874343  -0.00034059072  0.66190895  -0.036841548  -0.65024041  
0.00073423651  0.00066464936  0.025366764  -0.032662729  -0.048548964  -0.0041678916  0.98769804  0.0040702263  0.13616229  -0.0039495645  
-0.00061234776  -0.14235017  0.010378930  0.0060222099  -0.0019867276  0.0038052847  -0.0038729419  0.65211335  0.029763711  0.74268064  
