0.99883651  0.00028637888  0.0026051968  0.0021025678  -0.00025442759  0.00026618711  0.0048984046  -0.00028756760  0.00045283759  -0.00026082110  
-0.00037011002  0.99863470  0.017021050  0.0077684770  0.0050066318  -0.0077715079  -0.00059277270  0.0058329242  -0.0014266603  -9.3360982e-05  
-0.0027619891  -0.017011823  0.99861422  0.0030764095  0.0015748880  0.0021374206  0.010710270  -0.0022379432  -0.00087679386  -0.0018653901  
-0.0020653327  -0.0080160365  -0.0031605323  0.99852313  0.018472503  -0.011685746  -0.0015428782  0.0038808319  -0.0020504610  -0.0028658060  
0.00023958138  -0.0041545898  -0.0019064795  -0.017726574  0.99708194  0.054483983  0.019095573  -0.0011417042  0.0024456603  -0.0035537980  
-8.5961582e-05  0.0079377737  -0.0017827139  0.012690559  -0.054087443  0.99722832  -0.0078190538  -0.0047311260  -0.0022214785  0.0011648739  
-0.0049288357  0.00091107239  -0.010699918  0.0019441902  -0.019465325  0.0064904297  0.99852872  -0.0047273131  -0.0046064224  0.0022873505  
0.00041259970  -0.0057467037  0.0021163581  -0.0036763023  0.00042698586  0.0050072319  0.0049378861  0.99750181  0.050351944  0.0032559477  
-0.00043693722  0.00044279309  -0.0014071784  -0.0020659663  -0.0042567860  0.0014823586  0.0033037230  -0.010600743  0.27219478  -0.96096556  
-0.00037300383  0.0016564384  0.0011910632  0.0028892222  -0.0013246974  0.0014577312  0.0034583077  -0.049392369  0.95972382  0.27241415  
