0.99866570  0.0024669373  0.010151705  0.0015559931  0.0013838326  -0.0071026856  0.0086132865  -0.013457690  0.00045545630  0.0019766443  
0.0017502620  -0.98951676  -0.031632541  0.0060348700  0.041247624  -0.0043112872  0.067732162  -0.033523715  -0.087596950  -0.051027455  
-0.010478012  -0.029983163  0.99735993  -0.010207005  -0.00051588649  0.0091569012  -0.0085317100  -0.032669695  -0.018976434  0.00068052885  
-0.0013886632  0.0065905096  0.010825704  0.99677611  0.032800316  0.036526186  0.012911050  0.014614063  0.015723023  -0.015202368  
-0.00073267145  0.040396093  0.0015692544  -0.032976678  0.99639997  -0.00052931762  -0.021195559  0.029285588  -0.022306672  0.0079732263  
-0.0088669904  -0.0065024176  0.0092687980  0.019000218  0.0063142958  -0.43076108  0.51242712  0.017998765  0.054823531  0.73881613  
-0.0030528429  0.073202605  0.0056583436  -0.032921901  0.014136371  0.44475235  0.83094195  0.044011779  -0.037810129  -0.31450317  
-0.013607803  0.035873065  -0.030718241  0.011839356  0.030046253  0.011191763  0.044401301  -0.99530039  0.036224954  -0.0027912422  
-0.0011385326  0.090910628  -0.015222019  0.020962199  -0.023349983  -0.14522132  0.019517438  -0.032942159  -0.98217657  -0.023891858  
-0.0062039251  0.034794207  0.012954354  0.013728653  0.010159787  -0.76913371  0.19092564  0.0078650754  0.13436864  -0.59114456  
