0.99919016  0.00063906052  -0.00077039259  -0.00023746865  -0.0044947560  -0.011084567  -3.2102193e-06  0.00098497269  0.00014485360  0.0013827743  
0.00059156683  -0.92527671  0.045809788  -0.010309485  -0.0070889212  -0.045294715  0.015243421  -0.33458519  0.068954256  -0.14534656  
0.011239744  -0.032385999  0.16102569  0.18578323  0.086308801  0.96203604  -0.0081959019  -0.024664681  0.051869291  0.020320286  
0.0016604760  0.014854120  0.19098043  -0.96804978  0.017620763  0.15352791  -0.013811885  0.0014751783  0.010303482  -0.014122401  
-0.0036638857  0.0094596643  0.064630061  0.0062844026  -0.99071430  0.073717561  -0.045090500  -0.032095009  0.018766581  0.062461916  
-0.0011464955  0.067473167  0.96056615  0.16010270  0.045480793  -0.19237551  0.072312905  -0.021019817  -0.0087540271  -0.028400917  
0.0011147069  -0.017126277  -0.0097864106  0.0016245294  -0.041654883  0.063089173  0.082724135  0.017165747  -0.91772588  -0.37802340  
0.0011428000  0.32626305  -0.052891726  0.0077527575  -0.022667950  0.0065332364  0.0074843768  -0.53876408  0.28306883  -0.71981133  
3.1862879e-05  -0.10819141  0.060915238  0.026867152  0.0031233255  -0.011605674  -0.80240640  0.44673814  0.085612388  -0.36239653  
-4.2650375e-05  -0.13419973  -0.022662622  -0.0027985554  -0.069968816  0.022776141  0.58297752  0.62792097  0.24645830  -0.42370451  
