0.99898484  0.00054639207  -0.0032234496  0.0010871229  7.0195928e-05  0.00051096670  0.00011662064  -0.00065452414  -0.0024271131  -0.0012002477  
0.00056295444  -0.99797906  0.022375152  0.0089423285  -0.0038839234  0.016813420  0.027298846  -0.0084706884  -0.012249628  -0.0092749627  
0.0032983737  0.020691593  0.99212619  -0.10355613  0.029443880  -0.039569127  0.0030401377  0.0013348522  -0.0039334310  -0.0060807211  
-0.00080481309  0.011652809  0.10234943  0.98872049  0.085959516  0.047233145  -0.0027465453  0.00059327857  -0.0013917817  0.0017162696  
0.00018867256  -0.013376130  -0.050100151  -0.044351155  0.85466630  -0.51224805  0.0051685150  0.015440727  0.0061603432  -0.010398261  
-0.00036728801  0.011851018  0.0099765081  -0.086324474  0.50901725  0.85488378  -0.0053163238  -0.016789695  -0.0034670712  0.0037472541  
-0.00017729927  0.028085900  -0.0029159613  0.0026125121  -0.00038084370  0.0031594103  0.98709539  -0.14164303  -0.023410874  0.045757726  
-0.00058246578  0.0035076901  0.0010577524  0.00065214794  0.0053150179  -0.023662450  -0.14416888  -0.98660771  0.0011919580  0.056217308  
0.0018276137  -0.0062914162  0.0020604634  0.0019033717  -0.0057029240  0.0087586228  0.036203687  -0.026298343  0.92155855  -0.38269694  
-0.0020439613  0.014388369  -0.0068742178  0.0018548380  -0.0048527696  0.0045384217  0.024634450  -0.056570801  -0.38451854  -0.91975472  
