0.99756472  0.0016096904  -0.0059148470  0.0025007612  -0.020265754  0.0037389522  8.0355109e-05  -0.010519512  -0.00069534224  0.0024527913  
-6.5560698e-05  0.90481196  0.0078977860  -0.019926323  -0.013622921  -0.38553031  0.081944982  -0.0096707433  -0.010038933  -0.14417786  
-0.011607762  0.0047920935  -0.59534142  0.71901199  -0.15793219  -0.026416723  -0.035377322  -0.30985534  -0.023241585  -0.014479061  
-0.0084342734  0.014336914  0.71387652  0.29023911  -0.28805956  0.059748939  0.026724658  -0.56002164  0.012745254  0.0072464053  
0.017764538  -0.0097214806  0.14484709  0.24377853  0.93497504  -0.062722971  -0.056214269  -0.17938221  0.014548539  -0.027647796  
-0.0023959601  0.38797334  -0.028516813  0.034457518  0.054135855  0.88490920  -0.18381710  0.051747697  0.13012977  -0.060271323  
0.00062395461  -0.067321398  0.044735967  -0.032206675  -0.074302361  -0.17549621  -0.87248343  0.011003147  0.0036359048  -0.43612529  
0.0073255395  -0.0094530640  0.32473689  0.57591606  -0.061213897  -0.048569067  0.030808072  0.74102726  0.043633641  -0.020356726  
-9.4386589e-05  0.025971862  0.034157040  0.018801944  0.018543790  0.12739469  0.019818874  0.035048577  -0.98209895  -0.10282083  
-0.0020617657  0.14449480  0.022019854  0.015895649  -0.0053186635  -0.078718813  -0.43275947  0.022699999  -0.10475173  0.87677042  
