0.99844707  -0.0013208011  -0.00070381595  0.00039257282  0.0052530393  0.00070388922  -0.00074913688  -0.0010080073  0.0013237507  0.0067189697  
-0.0017742227  -0.92123835  0.012793969  0.026425891  -0.033983931  0.031488636  0.023569064  -0.33621666  0.16929468  0.053186330  
-0.00039346640  0.019570525  -0.18170102  0.098084813  -0.057007847  0.97361513  0.00010046134  0.047652348  0.011058345  -0.013037813  
0.0038842705  0.011145946  -0.0099280184  -0.77314189  -0.62523196  0.040728369  0.055514191  -0.038297999  -0.026376582  -0.028285834  
-0.0035739138  -0.032140487  0.21915761  -0.60149438  0.74942427  0.14761938  -0.030082105  -0.028109715  -0.027717549  0.0041226360  
0.0015279066  0.019000463  0.95641491  0.14896751  -0.18783363  0.15132246  0.023590293  0.021663517  -0.015022242  -0.0088738477  
0.00051325256  -0.054058667  -0.015318988  0.0080896878  0.059143772  -0.010497923  0.96843014  0.22589626  0.030917108  0.0070857628  
0.00043342772  -0.32741122  0.0018010865  -0.052211422  -0.022324704  -0.034508993  -0.23103351  0.90934694  0.068969041  -0.0080392510  
-0.0026769767  0.18991525  0.021277689  -0.041536421  0.0013009214  -0.0023842672  -0.019223868  -0.0081576061  0.94287348  0.26262085  
0.0060800303  0.0022418632  0.0012934896  0.0080827720  0.023348549  -0.013827343  0.0032396503  -0.026097156  0.26741528  -0.96102176  
