0.99887902  -0.0013254335  -0.0040789438  0.0018683250  -0.00069732785  0.0038930779  -0.00037713845  0.0017006018  0.0033981618  9.8477125e-05  
0.00035641816  -0.89832457  -0.0093328645  -0.030650666  -0.034269089  -0.42637976  0.00011551325  -0.019813597  -0.0086093383  -0.079221055  
-0.0045853988  -0.0055939258  -0.97355621  -0.010709181  0.019137300  0.025316262  -0.013237196  0.21931331  0.0084221915  -0.019096256  
-0.0019165260  -0.027788342  0.12438162  0.79445800  0.040097614  -0.031052611  -0.043014820  0.58796592  -0.0086157655  -0.0032053563  
-0.00087207330  0.019627434  0.019837841  -0.074871483  -0.98094289  0.036972499  -0.0099264221  0.16574126  -0.0056799672  -0.011509229  
-0.0039497862  -0.42573991  0.037713310  -0.020572174  0.035608519  0.89935694  -0.027610177  0.042755420  0.016823592  -0.038096667  
-0.00021791448  0.011063836  0.0073862192  -0.037836407  0.0080335288  -0.024601721  -0.99707416  -0.024592771  -0.0054928162  0.022677045  
0.00096676777  0.019040800  0.17839709  -0.59816375  0.17535397  -0.053589731  0.0088303156  0.75711150  -0.018802285  0.020024307  
-0.0033126732  0.0020475243  0.012671780  -0.0051691140  -0.0025512797  -0.020361431  -0.0059489063  0.017636021  0.99795553  -0.025025729  
0.00036122251  0.088485881  0.020805034  -0.011066671  0.015994556  -0.0024638194  -0.020835316  0.0061526242  -0.025570480  -0.99381731  
