0.99905704  -0.0017398603  0.0054754036  -0.00034874169  -0.0016422167  -0.0017302043  -0.0037807976  -0.00071321304  -0.00085552700  -0.0023987888  
-0.0012324601  -0.97906981  -0.0073116707  -0.013797262  -0.0017448079  -0.033944964  0.13689965  0.00048231228  -0.13531732  0.033201514  
0.0016940089  -0.0088481556  -0.35257579  0.90042237  -0.23852265  0.011155024  -0.037363303  -0.042955087  -0.043798862  0.014316821  
-0.0049892480  -0.0039188596  0.90689615  0.30113887  -0.17018690  0.016159011  0.053180236  -0.22733295  0.0076932223  0.031149775  
-0.00049529026  -0.0083866774  0.21840476  0.18826283  0.23608621  -0.023966361  -0.065849015  0.92331778  -0.035975547  -0.021782931  
0.0036994342  0.052394967  -0.028193567  0.0078579152  0.031372508  0.84859021  0.51590787  0.054087561  -0.065918757  0.014799061  
-0.0030601898  -0.13086381  0.037736967  -0.043717535  -0.051110508  0.51893086  -0.83334242  -0.037970037  -0.044933749  -0.087669867  
0.0010632205  0.00054082334  0.024150458  0.23259516  0.91992384  0.0057438856  -0.048522099  -0.29430101  -0.085906949  0.025729999  
1.8625701e-05  0.13573422  0.0071129048  -0.067784812  -0.079281276  -0.058021515  -0.038931676  0.0027959623  -0.90759812  0.37415803  
0.0025055792  -0.033136552  -0.019231446  -0.0025111077  0.016237557  0.059304511  -0.077980434  0.032810618  0.37258212  0.92014006  
