0.99905335  0.00018533431  -0.0017877179  -0.00065974330  -0.00040941015  3.4603020e-05  -0.0014823376  -0.00037825261  -0.00013298159  -0.00013489642  
-0.00019635087  0.99894998  0.0049472643  -0.0087789267  -0.0056140345  -0.0024189210  -0.00057428940  -0.0023441767  0.0010160149  -0.00099488650  
0.0017619340  -0.0050103625  0.99888702  -0.0069457402  0.010761097  0.0012501678  -0.0041169311  -0.0023694027  0.00013809649  0.00080544987  
0.00067608419  0.0086597656  0.0072787058  0.99848540  -0.021338861  0.019024090  -0.0063742349  -0.0033567110  0.0048744741  0.00025934275  
0.00042592108  0.0059872012  -0.010548383  0.020758627  0.99783501  0.039423672  0.018172158  -0.0026960830  0.0042251398  -0.0016716961  
1.5600059e-05  0.0021029774  -0.00073441718  -0.019819316  -0.038981422  0.99797171  0.0077577101  0.011089104  -0.0043525770  -0.0044413057  
0.0014911954  0.00046484854  0.0043931701  0.0061211229  -0.017952573  -0.0084173964  0.99878912  0.0012342356  -0.0056272485  -0.00080335181  
0.00038470058  0.0023925316  0.0024071206  0.0036023983  0.0031225765  -0.010682255  -0.0012904652  0.99801469  -0.0012277462  0.043560155  
0.00011513688  -0.0010836233  -6.5410972e-05  -0.0050446703  -0.0043610616  0.0040265617  0.0053294336  0.0015164332  0.99897325  -0.0065091363  
0.00021543117  0.00090283937  -0.00095264110  -0.00048927346  0.0013451607  0.0050222155  0.0010117805  -0.043522223  0.0065379952  0.99804528  
