0.99848254  -0.0011153108  -0.00029258953  0.0030634596  7.3255753e-05  -0.0032975322  0.0010498769  0.00020307994  0.00038067906  -0.0012200640  
0.0022367758  0.91812643  -0.027652880  -0.0013224657  0.036396562  0.35415026  -0.024450871  -0.0036379827  -0.022429609  0.15927116  
-0.00094250473  -0.026983375  -0.97588850  0.17882309  -0.0043485100  -0.0073153677  0.028451893  -0.10345528  -0.0067587100  0.0064090794  
-0.0030936747  0.0085062187  0.18079656  0.97918715  -0.026106803  -0.0026810869  0.045328914  0.0037549028  -0.045798755  0.0022054129  
0.00022755923  0.034791831  0.020977678  -0.029658537  -0.97353080  0.0073885071  0.018035351  -0.21419005  0.0091563147  0.0075724242  
-0.0023876515  0.35507408  -0.0036215739  0.0013575694  0.015495689  -0.59486357  0.087897838  -0.044071347  0.15926989  -0.69420072  
-0.00011715958  -0.021205305  -0.0022231938  0.050523172  6.6700278e-05  0.033897424  -0.10246764  0.029234734  0.97600252  0.16942183  
0.00033472728  -0.027695315  0.099945740  -0.0064470398  0.21416758  0.037861083  -0.034062489  -0.96795869  0.020727638  0.019404661  
0.00094557435  -0.022183849  -0.023207215  0.045704337  -0.027566908  0.090953765  -0.96286178  0.023195313  -0.068430203  -0.22869717  
0.0013032333  -0.15531822  -0.0011281293  -0.00028950229  -0.0030685789  0.71212825  0.21575424  0.013431507  0.10517768  -0.63876574  
