0.99870647  0.00064198711  -0.0071546501  0.0049836733  -0.00048683230  -0.00027519151  -2.1838870e-05  -0.0095147438  0.0028406415  -0.00050907634  
-0.00047283289  0.93003274  0.020913211  0.0056824565  -0.045371178  0.29871451  -0.10268721  -0.013651407  0.045300902  0.16737319  
0.0070582303  -0.032837038  0.99442689  0.032748337  -0.067938108  0.025140153  0.031341277  0.0020366219  0.0051114968  0.011894283  
-0.0053332763  0.0028735827  -0.030677609  0.99313534  -0.025589055  -0.049236339  -0.074867002  0.0054101410  0.027754328  -0.018138777  
0.0016556464  0.017191250  0.059892936  0.040851138  0.98021856  0.097877941  0.094558126  0.080094570  -0.045152635  0.063200358  
0.00043701284  0.29456565  0.039697278  -0.046364849  0.084911100  -0.94008361  0.0014569770  0.064256014  0.10082721  0.039798470  
-0.0023059445  -0.11532724  -0.0035065954  -0.031024735  0.043764456  0.080301659  -0.16004984  0.021417316  0.96168275  0.15391399  
-0.0093923596  0.014039667  0.0085346906  0.0063720801  0.085389594  -0.053099015  0.036294472  -0.99166600  0.035434513  -0.029531623  
0.00070028668  -0.041072696  0.042504906  -0.069470919  0.10701599  -0.025233603  -0.94761032  -0.021988810  -0.12718221  -0.24946213  
0.00047620346  -0.17109570  -0.010514398  0.0038765643  -0.037277529  -0.042740845  -0.21514050  -0.046229629  -0.19990557  0.93611215  
