0.99880172  0.0014041439  0.0072603266  -0.0021529108  -0.0049672219  -0.0030672216  0.00011921558  0.010133439  -0.0098418181  0.0028053206  
-0.00069820503  0.92063091  0.0016858382  -0.0014801689  0.010883003  0.34652033  -0.012675645  -0.0014907139  -0.0021931481  0.17276116  
-0.0063447383  -0.0034747122  0.97828752  -0.052381215  -0.042020758  -0.028659178  -0.13606163  -0.018432988  0.11400896  0.059920687  
0.00096919527  -0.0084712801  0.050119614  0.98227791  -0.16957182  0.029185883  0.017431873  -0.0096639908  -0.016711547  0.0049594537  
-0.0045511385  0.014532368  -0.011650869  -0.17029491  -0.95278662  0.032034835  0.15130481  -0.12836276  -0.12159290  -0.074368358  
0.0014935645  -0.34757240  -0.0084784819  -0.027080799  -0.0034301929  0.58176759  0.20163212  -0.055416374  0.058493495  0.70026495  
0.00019220533  0.037720989  0.16252828  0.0045286862  0.17719606  0.076910533  0.91571008  -0.0050649019  -0.055681411  -0.30156246  
-0.010902339  -0.021888320  0.019893726  -0.015329839  -0.12250555  0.061074934  0.023664278  0.98801129  -0.027309665  0.011209106  
-0.010783246  0.027835650  0.091325908  0.00050119945  0.092676118  -0.21638774  0.014471682  -0.0055180559  -0.92789859  0.26803716  
-0.0010135404  0.16261390  -0.053955729  0.011275973  -0.066917116  -0.69296610  0.27554415  0.035287631  0.31825440  0.55252569  
