0.99884772  -5.8312468e-05  -0.0053644269  0.00098038594  -0.0047705278  -0.0023040972  0.0075858423  0.0053926132  0.00058675178  -0.0035233832  
4.3503459e-05  0.99872752  0.0077542764  0.010202616  -0.00059373008  -0.010912583  0.0015460798  0.0021135584  0.0012085016  0.00089748317  
0.0052972769  -0.0081859155  0.99702521  0.054286178  -0.023742417  0.0011479908  -0.0018457124  -0.0041377658  -0.012288118  0.010418049  
-0.0012529175  -0.0095835460  -0.053923723  0.99706364  0.017760438  -0.00072523020  0.0092781043  0.0034205302  0.0083608182  0.0039458990  
0.0048297614  0.00050170167  0.025665416  -0.016686263  0.99610134  0.00027361489  -0.0099096320  0.0072317370  0.062224399  -0.024870038  
0.0020463157  0.010991756  -0.00099047734  0.0010857730  7.7139225e-05  0.99628916  -0.020468530  0.058456572  -0.025467223  -0.025133776  
-0.0076662517  -0.0010329235  0.0024076413  -0.0079647691  0.014220290  0.014620236  0.98514912  -0.0042678874  -0.11663816  -0.11324012  
-0.0055713871  -0.0027824066  0.0041964803  -0.0031683123  -0.0070236845  -0.058411586  0.0048852851  0.99699011  -0.0049114362  0.0010301190  
-0.0021485500  -0.0010049329  0.013011234  -0.0065720309  -0.064965944  0.022126979  0.095759314  0.0051527410  0.97572861  -0.17826608  
0.0024635527  -0.00080896748  -0.0072973888  -0.0072238275  0.015342934  0.031256933  0.13105883  0.0010606638  0.16560190  0.97562477  
