0.99870673  0.0021932301  0.0017732759  0.0010451595  0.0024287254  0.0010119069  -0.00054302029  0.00053051079  0.0012922551  -3.2981903e-05  
-0.0021220634  0.99863002  -0.0021431499  0.0070383013  0.0017628334  0.0085930677  0.00013723569  7.9305017e-06  0.00010655587  0.00030360867  
-0.0018614728  0.0019363339  0.99793703  0.038513022  -0.0017071624  -2.3307396e-06  -0.00033116858  5.7631399e-05  -0.0091118383  -0.00022554096  
-0.00096909450  -0.0070708262  -0.038549800  0.99784509  -0.0021782476  -4.8826221e-05  0.0024436721  -0.0021300317  0.00010439781  -0.0090223422  
-0.0024152511  -0.0017305649  0.0016172184  0.0022045611  0.99858549  -0.0031488217  0.0065799450  -0.0017630575  -0.00023271706  -3.4105365e-05  
-0.0010210688  -0.0086909967  1.3381773e-05  -8.2159993e-05  0.0031264655  0.99869039  -0.0010621440  -2.2322815e-05  -0.00092576935  -0.0085619548  
0.00063650295  -0.00011524722  0.00043295704  -0.0024457610  -0.0065834018  0.0011170423  0.99796275  -0.034329851  0.0013340500  0.0042140668  
-0.00053733689  -3.2474391e-05  -6.5916817e-05  0.0020434184  0.0015998336  5.2705727e-05  0.034299677  0.99805509  0.0031470977  -0.00032629545  
-0.0011995833  -0.00011603349  0.0091872753  0.00054921961  0.00021936482  0.0011364163  -0.0015788313  -0.0030743765  0.99818572  0.033529103  
5.2478116e-06  -0.00043742093  -0.00043415446  0.0091109096  6.0198952e-05  0.0084770009  -0.0041247020  0.00055551115  -0.033589538  0.99808423  
