0.99831915  2.8688563e-05  0.011695699  0.0043788226  -0.00032171823  -0.0011126479  -0.00066520175  -0.0072144499  0.0016809405  -0.0010016567  
0.00048033806  -0.99388281  -0.0055292898  -0.020819352  -0.015889974  0.030763436  0.0085306036  0.026162515  -0.040442415  -0.071037733  
-0.0035572140  0.010804497  0.15159734  -0.00099297382  -0.96339824  -0.013126147  0.0090626744  -0.20962466  -0.038876180  -0.0068289258  
-0.0030275875  -0.0018936123  0.12489787  -0.71221605  0.16682799  0.018308051  0.022245506  -0.66549837  -0.036279123  -0.025767410  
-0.011245535  -0.0068442961  0.96809341  0.14734502  0.14014092  0.032070839  0.10208217  0.065023678  -0.043432226  0.021278616  
0.00099138896  -0.038981755  -0.0053638545  -0.018483155  -0.023824945  0.66908592  -0.12798045  -0.013249492  0.25451902  0.68228289  
0.0026812491  0.025802372  -0.070384033  0.042117881  0.025388521  0.13848114  0.076915204  -0.0029150523  -0.95260827  0.23689075  
0.0074247035  0.037393562  0.066117875  -0.67891508  -0.14096354  0.021191868  0.080218368  0.70875250  -0.030575229  -0.0011802337  
0.0013621514  0.025510989  -0.10448790  0.060541769  -0.0047841994  0.32649065  0.91258168  -0.044008116  0.087849127  -0.18033016  
0.00014477205  -0.068534302  -0.022938570  -0.015556448  0.0042594537  -0.64859722  0.35234145  -0.023438937  0.097916788  0.66049871  
