0.99878185  -0.0010993335  0.012616067  -0.0025263508  -0.0026060780  0.00060293719  0.0010890443  -0.00063039341  0.0026884834  0.00038744322  
-0.00022970540  -0.90068521  -0.059712699  -0.0092056738  -0.073138966  -0.0042957953  0.018201351  0.40976053  0.0090739765  -0.094603721  
-0.0010170773  -0.032326332  0.14725198  0.19673006  -0.047744514  -0.96432152  -0.010490080  -0.058253080  -0.0078119809  0.021751996  
-0.0032913048  -0.046481059  0.26074104  -0.68282027  0.66253838  -0.13273338  -0.051429433  0.038007907  0.013423142  -0.0071852448  
0.00095331565  -0.071715609  0.20097001  0.69684658  0.65246735  0.14391909  -0.13591562  0.010441013  -0.035058638  -0.0052087437  
0.012696868  0.023593825  -0.92885203  -0.011492277  0.31975624  -0.15826677  -0.074651550  -0.025959501  -0.015847517  -0.0060645891  
-0.00045542279  -0.017631612  -0.026942257  0.059963569  0.14950260  -0.0055360614  0.98294292  -0.048515291  0.0034871987  0.043206250  
-0.0010512383  -0.41110686  0.0052981328  -0.044295879  -0.013963123  0.062102090  -0.046396050  -0.90028661  -0.099390964  0.0053789134  
-0.0011539506  0.048959254  0.0036142082  0.024535864  0.011612729  -0.014521672  0.026980765  -0.092352254  0.55770961  -0.82079657  
-0.0022871675  -0.075101107  -0.013328591  0.020497561  0.013396753  0.013352997  -0.035143118  -0.051720829  0.82143000  0.55871952  
