0.99894596  0.0012965439  0.0050274275  0.0017960603  -0.0019892939  0.00074901359  0.0020609340  -0.00051081065  -0.00060270917  0.00091277925  
-0.0012296691  0.99865492  0.010925681  -0.013568626  -0.0023728099  -0.015171101  -0.0021761944  -0.00093181021  0.0016407948  0.00013756843  
-0.0049442238  -0.011168610  0.99853947  -0.0066779874  0.018580872  -0.0067128835  -0.013783241  -0.0010530206  0.00039045890  0.00051209002  
-0.0016144672  0.014204470  0.0072198121  0.99749558  -0.0071918530  0.047114183  -0.0092052822  -0.0054707226  0.0021978374  -0.0073819259  
0.0020057666  0.0051667227  -0.016807838  -0.00038684666  0.98466555  0.16430595  0.029830708  -0.0085752739  0.00074957185  -0.0077158550  
-0.0010884600  0.013839420  0.0091431027  -0.048188924  -0.16387823  0.98388317  -0.011176105  -0.011807050  -0.0072394049  -0.0037453041  
-0.0022207841  0.0021440262  0.014523498  0.0085558754  -0.031128421  0.0062585689  0.99815143  -0.0033313628  -0.012631073  0.00092513695  
0.00048235990  0.0011464545  0.0011454577  0.0052377744  0.0066767173  0.013909901  0.0037562946  0.99636079  0.039137547  0.056943030  
0.0010376826  -0.0013680356  0.00019506518  -0.0058021931  -0.0055390724  0.0033584539  0.011166295  -0.0052644588  0.86395920  -0.50108685  
-0.00054939568  -0.00082029530  -0.00067813315  0.0046737810  0.0044832995  0.0072109858  0.0050324362  -0.069175864  0.49960190  0.86216758  
