0.99845725  -0.0013009729  -0.0010499761  -0.0014316272  0.0051207183  -0.0064407732  -0.00021816279  0.00055912103  -0.0019708764  -0.00060327904  
-0.0012240336  -0.99807531  -0.025524323  -0.0060975719  -0.0093513445  -0.0023176652  -0.0032599224  0.0024833469  -0.0035479556  -4.8133612e-05  
0.0010589183  -0.025427686  0.99786516  -0.0091262603  -0.014079834  -0.0020423219  0.0021272336  -0.012059239  0.0032774022  -0.0073236486  
0.0012444383  -0.0063344423  0.0089251252  0.99764499  -0.0071239490  -0.013051978  0.019128418  0.0011048302  -0.0074822040  -0.0049601397  
-0.0052123512  -0.0095637335  0.013903014  0.0076685729  0.99823391  -0.010384326  -0.016450123  -0.0031925359  0.0070614922  0.0022224881  
0.0063720310  -0.0026596889  0.0017842463  0.013079542  0.010564782  0.99811504  0.010430237  0.0049199510  0.0070116029  -0.014914235  
1.7442868e-05  -0.0032712421  -0.0023823732  -0.019109880  0.016331329  -0.0099605897  0.99765582  -0.021817338  -0.0030167140  0.0099157460  
0.00068250336  -0.0020640172  -0.012023537  0.0016842651  -0.0032858410  0.0054615196  -0.021782805  -0.99795542  -0.0024892015  0.014444043  
0.00098799000  -0.00051882321  0.0072539879  0.0058369773  -0.0028347968  0.014159081  -0.0090313753  0.014558559  0.091151881  0.99379187  
0.0019466943  -0.0033738795  -0.0040140800  0.0067481303  -0.0069350823  -0.0084599421  0.0044121451  -0.0036390011  0.99410240  -0.091036354  
