0.99897389  -0.00071414339  -0.0049537159  -0.0035327724  0.0050956237  0.0013969565  0.0010497705  0.0055053464  -0.00052212008  0.0013820578  
-6.6555761e-05  0.92099825  0.0076403092  -0.010343436  -0.0020973090  0.36446971  -0.072588810  0.0027506358  -0.035538544  0.10095602  
0.0047367842  -0.0015358382  0.99786797  -0.0081921643  0.017829207  -0.011992717  0.031514068  0.016986177  -0.018115338  -0.0026408388  
0.0034660564  0.0090669124  0.0077465583  0.99851873  0.015066226  0.0081327588  0.012343106  -0.011298405  -0.0044528819  -0.0034660919  
-0.0053174691  0.0042307199  -0.017455595  -0.014532544  0.99797659  -0.0072730955  -0.0049669234  0.016120756  0.030585511  0.014425322  
0.0016831234  0.36501695  -0.013091673  -0.00067335714  -0.0078039417  -0.71760921  0.26665065  0.025113738  0.26935415  -0.45291415  
0.0016196432  -0.073344659  0.028748853  0.0053019932  -0.0033703874  0.27179152  -0.61473520  -0.020893820  0.40540921  -0.61247180  
-0.0054842336  -0.014202894  -0.015064643  0.011948851  -0.017274130  0.024307831  -0.016284044  0.99749079  0.031578918  0.015348937  
-0.00076952772  -0.045314086  -0.022164017  -0.011865874  0.030182074  0.31570383  0.40192574  0.026527704  -0.57059653  -0.63786876  
0.00071055534  0.093440093  0.0020322254  0.0072785975  0.013600494  -0.41933353  -0.61693000  0.022672756  -0.65710290  -0.013706067  
