0.99900056  0.0011749278  -0.0051230895  -0.0028489444  -0.00071930431  -0.0039848102  -0.012632742  0.0029738767  0.0017605706  0.0025683735  
0.00087106381  0.89773657  0.012709147  -0.0061206539  0.022778956  0.41202677  -0.012386757  -0.010670414  -0.0048158271  -0.14607230  
-0.0042470864  0.017147629  -0.98148900  0.15341937  0.021573152  0.0090402716  0.012837835  -0.089048398  -0.0020008826  0.047802422  
0.0051940339  -0.0076145842  0.17683597  0.75331490  0.15812838  -0.00057624761  0.021981108  -0.61087389  0.019117452  0.0020184117  
-0.00014717629  0.026567047  0.0077659889  0.099083615  -0.98456443  0.0062672233  0.0015759982  -0.13038277  0.0057329752  0.033264939  
-0.0044728591  0.41387096  0.028562733  -0.0038916268  0.025244695  -0.69654107  0.014526228  0.0083891613  0.015433122  0.58287405  
-0.00067056884  -0.00024234602  0.0028251209  -0.017015709  0.00031468413  -0.012550390  -0.18470088  -0.057322144  -0.97977734  0.016229118  
0.00050254351  -0.011340305  -0.027074362  -0.62971112  0.039061533  -0.00062080273  0.015574916  -0.77200122  0.053325923  0.012055885  
-0.012784477  -0.0039922681  -0.0098571238  0.012375109  0.0026913111  -0.018319564  -0.98097671  -0.016520740  0.18605611  0.00097190986  
0.00048688088  -0.14027919  0.039973922  -0.0037304741  0.024537052  0.58534500  -0.0089762310  0.017140148  0.0066227867  0.79570289  
