0.99855495  -0.0020499659  0.0042835592  0.0025210778  -0.0012039862  0.00048148778  -0.0064901944  -0.0059285739  -0.00089345243  0.0053917866  
0.0020376350  0.99847455  0.0064336557  -0.0044963285  0.0011252266  0.00085560062  -0.0043454537  0.0098857277  -0.00042375773  -0.0024481105  
-0.0028768957  -0.0075907840  0.92612495  -0.36757670  0.061168936  0.00071462861  0.023353192  -0.0017825336  -0.00073322336  -0.0044818950  
-0.0035303431  0.0020935978  0.36226639  0.92681696  0.072704947  -0.00016442794  0.037505417  -0.0078128496  0.0015838948  0.0010646761  
0.0035264018  0.00043784597  -0.090128870  -0.050911623  0.94776018  -0.0016245623  0.29600605  0.013098788  -0.021706702  0.0093398851  
-0.0012999284  -0.0013121602  0.00043693456  0.0016493013  0.025485205  0.98921381  -0.084467791  0.011700536  -0.097539754  0.035373431  
-4.0478580e-05  0.0036832814  -0.0016223671  -0.0063386751  -0.19373710  -0.026135871  0.55701543  0.0010157310  -0.60466613  0.53206725  
0.0057910695  -0.0099679338  0.0056751100  0.0073469571  -0.011411138  -0.011900123  -0.0047195600  0.99836470  0.0010219574  -0.00027158947  
0.0079282934  0.0012203517  -0.0094715634  -0.0064356444  -0.19786934  0.089558886  0.65447329  0.0017391890  0.027737823  -0.72161179  
0.00087328797  0.0031683992  -0.0032008861  -0.0080513611  -0.11252861  0.099327997  0.40201971  0.0012329755  0.78782356  0.43833308  
