0.99860094  -0.0021756782  -0.00061091606  0.00020136461  -0.00051615942  0.0025138648  0.0063451314  -0.0062248925  0.00089040798  -0.0018383884  
-0.00054863515  -0.93327441  0.011218222  0.017664393  0.012495101  0.0023734311  0.041762400  0.29172577  0.19078550  0.048311810  
0.0021760561  -0.010389338  -0.17246444  -0.14695341  -0.22043073  -0.94636023  -0.011064646  0.00046377988  0.010675011  -0.037128627  
2.0604929e-05  0.00087091436  -0.11094723  0.98082317  -0.091597180  -0.11107129  -0.018345394  -0.027572685  -0.028465346  0.0042888575  
0.0010504023  0.0077119080  -0.33536889  0.029488445  0.92562480  -0.15922134  -0.039603672  0.0069776959  -0.0090626631  0.011494722  
-0.0014105548  -0.014088273  -0.91707560  -0.10140840  -0.28553747  0.25120141  -0.0036361303  0.0089803760  0.0053804282  -0.033210023  
0.00033801436  -0.060829820  -0.032369087  -0.024427706  -0.026184384  -0.022939584  0.0012955516  -0.23050774  -0.18008847  0.95140038  
0.0012762108  0.29673214  -0.013227787  0.033519831  0.0014445795  -0.0092277819  0.20671236  0.33326345  0.82957768  0.25668338  
-0.0062115912  -0.18240975  0.00083558220  -0.0080394151  0.015290377  0.0097237446  -0.028575053  -0.85753425  0.45807007  -0.13223899  
-0.0068604259  -0.028037509  -0.018789535  0.0095935243  0.032013691  -0.016135321  0.97460868  -0.10813795  -0.17132102  -0.061641924  
