0.99911838  -0.00031825213  -0.0031278428  -0.0016334830  -0.00010132085  -0.0015972297  -0.00085850053  -0.0015139593  0.0079863744  -0.0010769763  
0.00032783306  -0.89763360  0.0043130924  0.0060013987  0.016762826  0.42099600  0.012060047  -0.031054135  -0.0029462882  -0.11749051  
-0.00025819810  0.030229965  -0.13675058  0.063542290  0.97751992  0.010393339  0.069053513  -0.11616879  -0.016364450  -0.017570729  
0.00069208909  -0.00091494748  0.038832329  -0.59858152  0.13514498  0.041593811  0.0032163471  0.78283594  -0.041622961  -0.059971043  
0.0028999163  0.014840297  0.98325849  0.10442656  0.13165640  0.0099083385  -0.00021597753  0.0085194608  0.047231340  -0.021960092  
0.00041290068  0.41995259  -0.020821907  0.026906738  -0.037095038  0.88088910  0.14294467  -0.014420852  0.14508538  -0.042959233  
0.0082009696  0.019646913  0.050739148  0.016334551  -0.019419975  0.12759172  0.17942684  -0.015337681  -0.90639748  0.35218279  
0.0019272471  -0.019813599  -0.089505121  0.78686563  0.012287456  0.0011854489  -0.039043970  0.60669622  0.0021774430  0.030010603  
-0.00021434628  0.0091967325  0.0029057192  -0.046513123  0.069505931  0.16170603  -0.88248298  -0.018904547  0.013613348  0.43078294  
-0.0019373221  -0.11859012  0.0057305332  -0.049004860  0.0061452623  -0.030017434  0.40037002  0.044314452  0.38871858  0.81697172  
