0.99844413  -0.00060445686  -0.0059549482  0.0042132796  -0.0022976644  0.0030130833  0.0031500675  -0.0059413992  -0.0042551616  -0.00042559026  
0.00069885403  0.99840882  0.0071002115  0.0064907581  0.00032423282  -0.0068800897  -0.0023220385  -0.0050189396  -0.0013214631  -0.00025115044  
0.0064077026  -0.0058742675  0.98130786  -0.17125145  0.057160258  0.00099246277  0.014329393  -0.027901871  0.00050564012  -0.00038344462  
-0.0032274789  -0.0074407893  0.17413606  0.98209671  -0.038326096  0.0029208640  -0.0091013429  0.012935130  -0.00081788460  0.010322654  
0.0018482281  -0.00061419153  -0.047833128  0.045909682  0.98882280  -0.0049695943  -0.10955747  0.0012080073  -0.050861060  0.0090879179  
-0.0024980165  0.0073588891  -0.00024843007  -0.0032509178  0.0054388909  0.99693722  0.0017376746  0.056103002  0.00038572223  -0.013697011  
-0.0031318158  0.0022620392  -0.018147389  0.015842217  0.10745527  -0.00033793828  0.98775505  -0.012020276  0.0088005125  0.094044591  
0.0063780149  0.0047173553  0.025009751  -0.017131030  0.0020737845  -0.056076117  0.012727576  0.99638916  0.0010581950  0.00028778806  
0.0043337571  0.0012689867  -0.0024553187  0.0016493930  0.047009773  0.0011378703  -0.024946323  -0.00079251282  0.99039674  0.11510265  
0.00041566103  7.0593735e-05  0.00095021595  -0.012679178  -0.024322407  0.013640507  -0.090119350  0.0015373659  -0.11582738  0.98722568  
