0.99901619  -0.0019320701  -0.0011777950  -0.0027305737  -0.0086350022  -0.0016573442  -0.0024367684  0.0014981754  9.1738841e-05  -0.00066131379  
0.0019690722  0.99748235  0.038164820  -0.014610190  0.019427887  -0.031715970  -0.0012952657  -0.0053876482  -0.00055276725  -0.0024025421  
-0.0011916245  0.037406200  -0.99760453  -0.012623814  0.0074635727  -0.015954452  -0.0011451139  0.0098438697  -0.030382513  0.0044791543  
0.0033990488  0.014421696  -0.011730868  0.99530649  0.070761181  0.026095409  -0.012692839  0.015773296  0.0051799464  0.031593739  
0.0074405144  -0.028462213  0.010959663  -0.060658397  0.96035548  -0.26358155  -0.029983048  0.0032005922  0.0088682729  -0.023559974  
0.0038684532  0.025430559  -0.011924099  -0.044889752  0.26274423  0.96205165  0.0056358311  -0.0065110054  0.0068054034  0.020860860  
0.0026865763  0.00055297824  -0.00064526581  0.010737074  0.028292510  -0.013254657  0.99841383  0.0055025839  0.0016620729  0.0075693421  
-0.0015949893  0.0051672737  0.0077029606  -0.016171957  -0.0033910995  0.0063817977  -0.0052613135  0.99561393  0.080131151  -0.00025808026  
-4.2332140e-07  -0.0014020840  0.028313794  0.012254899  0.0059221291  0.012641358  0.0032699869  0.076847720  -0.95648674  -0.27593914  
-0.00061378715  -0.00018318623  -0.013824566  0.030047162  -0.017040455  0.024424950  0.0073445550  -0.021935009  0.27515153  -0.95906186  
