0.99887803  -0.0012505544  -0.0038904420  0.0082673482  0.00039695206  0.0017773548  0.00082662169  0.0050203337  0.013654629  -0.0020865201  
0.00010957077  0.99016273  -0.013380598  -0.023735830  -0.012043351  0.010832216  -0.075982128  0.032408710  0.094731625  0.019654397  
-0.0051126788  0.016161809  0.060575739  0.44018901  0.86818860  0.029675224  0.037542937  0.21007867  0.016509456  -0.0061145744  
-0.0039376665  0.022926894  0.44755128  0.78663256  -0.39685904  0.022550127  -0.026590621  -0.13812404  -0.0024942104  -0.016243658  
0.0079103822  0.0099632776  0.88171343  -0.42737859  0.17396340  0.00063515297  -0.0017022609  -0.074346916  -0.041401989  0.0083945792  
0.0030661942  -0.0014023419  -0.025796094  -0.020421176  -0.0022398248  0.90994466  -0.25576260  0.0030687353  -0.31581827  0.059307634  
0.0021238552  -0.067373276  -0.0027565149  0.016904550  0.033613254  -0.26657099  -0.80237382  0.029377602  -0.019868985  0.52523365  
0.0041591499  0.031281489  -0.12031806  0.015825646  0.23413419  -0.0072219459  -0.028832762  -0.96253693  -0.00098528529  -0.0061277333  
-0.012439874  -0.093930534  0.031286864  -0.024813539  -0.011446868  0.31061049  0.018045961  -0.015410058  0.91959092  0.21061677  
-0.0040095425  -0.044276693  0.0048478342  -0.020874641  0.019585579  -0.025387713  -0.52890829  0.023323178  0.20235653  -0.82054407  
