0.99783197  0.00073719320  -0.00049182559  0.00014916285  -0.0080093286  0.0071929084  -0.0012446437  0.00083078837  0.010088497  -0.0065558877  
-0.0011724015  0.99699352  0.021023531  -0.0048201252  -0.0052467943  0.0012644869  0.024523940  -0.0050051969  0.012742261  -0.016776530  
-0.00052840328  0.020574273  -0.99333616  -0.037402448  0.061087376  0.055831578  0.016154410  0.0081464213  -0.0014667090  -0.0057688132  
-0.00073146835  -0.0061377955  0.036209300  -0.99423988  -0.059835809  0.044397607  0.011500853  -0.0036118140  0.0047363334  0.0062982958  
0.0065024631  0.0028167690  0.071782077  -0.048937478  0.98014221  0.16375482  0.00099361771  0.010220139  0.016046576  -0.0019676345  
-0.0083746124  -0.0026460901  0.042578386  0.055291647  -0.16433530  0.98158711  -0.0016206482  0.0024108535  0.0038987644  0.010397817  
-0.0012317981  0.025586440  -0.014220521  -0.012181039  -0.00027561564  -0.0014342040  -0.98455663  0.14813280  0.033233587  0.047463214  
0.0010540066  -0.00053940418  -0.0096282227  0.00090442871  0.010867617  0.0043154389  -0.14882780  -0.98610787  -0.029467058  0.0098312719  
0.0099157294  0.013156129  0.0033042165  -0.0060015343  0.014000556  0.0068544798  -0.029886191  0.034370580  -0.99596868  -0.030977382  
-0.0068456887  -0.016214814  0.0049557116  -0.0057787213  -0.0046673434  0.0094682096  -0.047745453  -0.0038310603  0.032074953  -0.99595801  
