0.99886431  0.0011545819  0.0031466825  0.00047954577  0.00094532775  0.0032160676  0.0049183786  0.0022647413  -0.0044399450  -0.00066462651  
-0.0010617039  0.99857324  -0.015590433  -0.0014333855  -0.0012048549  0.0055536009  -0.0026912040  0.017682239  0.0018742033  -0.00075370258  
-0.0026898537  0.014319629  0.92341620  -0.36370299  0.11166519  0.0011176470  -0.0030679229  -0.016623333  0.0077254012  0.0023105874  
-0.0017954354  0.0067133129  0.36939054  0.92717904  -0.033341442  -0.00024012054  0.015024476  0.014444057  0.0012389125  -0.0060529218  
5.4157515e-05  -0.00074460324  -0.084520083  0.071788723  0.93849939  -0.0065295529  -0.28346615  0.010429924  -0.15002662  -0.041047432  
-0.0034560265  -0.0083626652  0.00093832465  -0.0024015609  -0.00027804274  0.98620989  -0.0094399380  0.15654444  -0.015259943  -0.0084844632  
-0.0050103734  0.0025267695  -0.028059334  0.0068539166  0.28096212  0.0089352664  0.94704034  0.0039779839  -0.049614126  0.13500764  
-0.0017638336  -0.016394150  0.011309000  -0.020108810  -0.0088614114  -0.15666818  0.00024489890  0.98593404  0.0028754387  0.0017629519  
0.0043914369  -0.0018838118  -0.020970101  0.014951584  0.14940316  0.016668351  -0.036683393  0.0012631187  0.94375276  0.28732633  
6.3033513e-05  0.00094139986  0.0068036235  0.0045493774  -0.045228378  0.0026524269  -0.13627930  -0.00077816733  -0.28610942  0.94607180  
