0.99874831  -0.0011218724  0.010104139  -0.0022121277  0.0022123524  0.00095991673  0.0034952803  -0.00083189861  -1.7876347e-05  -5.6021776e-05  
0.0010291798  0.99844256  0.0063229945  0.016758014  0.0057764955  0.018365819  2.4169989e-05  0.0030993352  -0.00085044135  0.0028227763  
-0.010179428  -0.0062626765  0.99863884  -0.0048204905  0.0026308837  0.0024336144  0.0037809868  -0.0025022275  -0.0013525371  0.00023575535  
0.0020403248  -0.017129480  0.0045886701  0.99804126  0.025604638  0.0089911531  0.0097468788  0.00036892838  0.0040796540  0.0095163847  
-0.0021186817  -0.0047929253  -0.0026610272  -0.025193293  0.99812763  -0.023411066  -0.015687853  -0.0040068322  0.00028424434  0.0036138223  
-0.00088457466  -0.018303094  -0.0025840472  -0.0098195953  0.023115686  0.99809433  -0.0053718159  0.018918072  0.0068258214  0.0040380640  
-0.0035157941  -3.7937985e-06  -0.0039054330  -0.010123875  0.015539751  0.0047455160  0.99855014  0.0037254859  0.0021950927  -0.0016926493  
0.00085085402  -0.0027321332  0.0025525167  -0.00020700246  0.0034858254  -0.019109860  -0.0037205990  0.99828989  0.017762947  -0.016071832  
2.3150450e-05  0.00092235991  0.0012228970  -0.0046163860  -0.00089701380  -0.0067596068  -0.0022597770  -0.016599617  0.99611402  0.070485682  
9.2519002e-05  -0.0026774917  -0.00034706813  -0.0090593535  -0.0038919290  -0.0039290121  0.0016972707  0.017251020  -0.070198561  0.99611358  
