0.99872497  0.0019802599  0.0045370755  -0.0053379895  0.0011465389  0.0023114942  0.00076456501  0.00042620534  0.010400359  -0.0027575921  
-0.0013123411  0.90296920  0.013371031  0.016562367  -0.035230068  0.040623251  -0.021933216  0.41177594  -0.082349967  -0.044353515  
-0.0010063324  -0.036217981  0.14630603  0.14339299  -0.52301592  0.82290947  -0.0066229306  -0.056102433  -0.0031211688  0.017117660  
0.0016885231  -0.0027366693  0.087620737  0.68210503  0.66419728  0.28799832  -0.0016312201  0.0041723444  0.0023878485  -0.0054605890  
0.0074682104  0.0083902707  -0.51387568  0.64498662  -0.45798214  -0.31547623  -0.071674920  -0.044756597  -0.030357176  0.0062116443  
0.00071219437  0.016003394  -0.83863320  -0.29985644  0.25958619  0.36725908  0.032196931  -0.0019355145  0.028364496  0.0053602226  
0.00047470523  0.018239576  0.010321208  -0.061783866  0.048536988  0.026773721  -0.98905371  -0.097987101  -0.022215465  -0.041837543  
0.00017293669  -0.41514288  -0.024062141  0.022772624  -0.036985091  0.020053066  -0.098499976  0.90005918  0.024535726  -0.043628025  
-0.010539623  0.082944700  0.0098497916  0.026625466  -0.026451091  -0.014058307  -0.021085133  0.0037193086  0.99053972  -0.083957361  
0.0018129719  0.030397401  0.0065170881  0.00017732155  0.010778915  -0.0098919782  -0.048257422  0.055373052  0.080409070  0.99212156  
