0.99780231  0.0013141308  0.00071014224  -0.0042719533  0.00013947202  0.0030211183  -0.00060224207  0.0034834512  -0.00093573797  0.00048808075  
0.0011998804  -0.99605711  -0.031690556  -0.0037827551  -0.030198179  0.0028909574  -0.00082399066  0.027930904  -0.022522662  0.0048586203  
-0.00043035195  -0.035061769  0.17748440  -0.11956022  0.97200598  0.026435468  0.0071031977  -0.044986219  -0.025231125  0.018419829  
-0.0054028448  0.023806028  -0.043306586  -0.80727748  -0.064386211  -0.033776905  0.049906265  0.57374216  -0.056826821  -0.029215600  
0.0010307871  0.023880166  -0.97183634  -0.047206110  0.16407308  0.021596810  0.024433723  -0.12727350  -0.055315047  0.027489142  
-0.0032447657  0.0040588000  0.0049317140  -0.011418672  -0.023870227  0.98512910  -0.13509772  0.053068761  0.038920012  -0.035928868  
-0.00025360425  0.0032242245  -0.034368154  0.0027938808  0.021503136  -0.13915319  -0.98290661  0.076970722  -0.020390756  -0.044798028  
0.00031978714  -0.021242835  0.10462634  -0.57101619  -0.12504290  0.019444167  -0.073949901  -0.79487638  0.069371209  -0.0088975980  
-0.0011018122  0.020035131  0.063669803  0.0079267740  -0.042936198  0.046310065  -0.0015182498  -0.077171587  -0.98063439  0.13898884  
-0.00070890652  0.0029677062  0.013239739  -0.026989130  -0.019479324  0.021376030  -0.049440411  0.030443026  0.13997860  0.98527205  
