0.99872394  -0.0020450513  0.0012512233  -0.00041619380  0.0017812176  0.0016807222  0.0048244613  -0.0010817150  -0.00042047572  -0.00074132420  
0.0020314554  0.99809438  -0.0060614300  -0.029533629  -0.016373320  -0.0027228598  0.00035389868  -0.0019699239  -0.00087858024  0.0013560177  
-0.0011817148  0.0060158291  0.99843345  -0.0069416237  0.0086815336  0.00080630602  -0.019116359  -0.0020611739  -0.0036382237  -0.00094568894  
0.00044958919  0.028727563  0.0072723522  0.99633094  -0.050936036  0.029368288  0.0044380067  -0.0057379807  -0.014157426  0.012534257  
-0.0013117241  0.016979652  -0.0083957843  0.055379307  0.97637500  -0.20048316  -0.016067989  -0.0062358988  -0.012016917  -0.0055772427  
-0.0018987960  0.0053533778  -0.0028736737  -0.018577171  0.20178262  0.97779184  -0.0086947941  0.0099832825  0.0059654964  0.0082376446  
-0.0048580798  -2.8653037e-05  0.018888706  -0.0038069358  0.017818005  0.0052002027  0.99833684  0.0029246337  -0.00083891298  -0.00081110904  
0.0011801542  0.0021735930  0.0018504765  0.0057908835  0.0033354681  -0.010411296  -0.0030149732  0.99782746  -0.037168151  -0.014817956  
0.00057179674  0.0011586129  0.0037694009  0.011918572  0.010774580  -0.010189424  0.00083490119  0.039412507  0.97138746  0.22795119  
0.00075314533  -0.0019407653  -2.0270473e-05  -0.014981258  0.0020569120  -0.0075890286  0.00048764329  0.0059378329  -0.22831472  0.97211400  
