0.99803935  -0.0014013626  0.0049314687  -0.0047497222  0.016696307  0.0025283411  0.00073472933  0.012235923  -0.0017957728  -0.00030150054  
-0.0012658375  -0.99642359  0.042344989  0.017287682  0.0095149903  0.0058773845  0.019799172  -0.023503657  0.021131728  -0.0034341693  
0.017162925  -0.013551522  -0.67165862  0.19054393  -0.31343300  0.036727973  -0.020215479  -0.63886561  -0.0067697795  -0.0065690787  
0.0017353216  0.00022712252  0.17381235  -0.89443860  -0.13008654  0.025664538  0.022681129  -0.38451636  -8.9701071e-05  -0.0088130328  
0.0039263294  -0.038498901  -0.34952718  -0.23663098  -0.65710850  -0.014466240  0.058140768  0.61744560  0.012987900  0.0010666622  
0.0031472649  0.0062174854  0.0033481869  0.012033985  -0.0080721411  -0.91348580  0.38219776  -0.061168326  0.10115955  -0.039043712  
-0.0023494169  0.020727584  -0.017558602  0.026960008  0.061082908  0.38381809  0.91321849  -0.0096985155  -0.025982032  -0.094666795  
-0.012318104  -0.032217570  -0.62499762  -0.32045237  0.66691101  -0.040471332  -0.024707930  0.23268352  -0.0065878441  0.024406030  
0.0012091937  0.020984194  -0.0081003275  0.00039501553  0.015678517  0.10071020  -0.037129080  -0.00091895380  0.97172688  -0.19921887  
-0.00098841120  -0.0038227661  -0.010018911  -0.0047359582  0.010428597  -0.022816971  -0.097349191  0.017926397  -0.20100633  -0.97212175  
