0.99887239  -2.7264839e-05  0.0022520023  -0.0026458761  0.00088757442  -0.0012025490  0.0040062480  -0.0022260234  7.3829632e-08  -0.00020104641  
-0.00041403320  -0.98622197  0.0093641226  -0.0027294195  0.016118354  0.025256278  0.10867077  -0.018839826  -0.10754806  -0.019340848  
0.0018465462  0.0091507843  -0.12492361  0.93090258  0.20742105  0.026357014  0.020583740  -0.26506935  -0.0093256786  -0.026203142  
-0.00055123881  -0.0026159585  0.91862222  0.23572506  -0.18179814  0.027274016  -0.017509135  0.25280433  0.013840357  0.0069990881  
-0.0025507913  0.016534384  0.22972844  -0.15886809  -0.30478962  -0.00020593098  -0.048698951  -0.90559906  -0.063364245  -0.0033277654  
-0.0022682225  0.011141460  0.016596873  0.017864002  -0.0069606045  -0.40513442  0.47181420  -0.034846957  0.14815697  0.76626614  
-0.0029817955  0.11296348  0.010040978  -0.034303774  -0.042431720  0.46089148  0.83502445  -0.016506995  -0.038034133  -0.26545408  
0.0023764907  -0.018384624  -0.28863930  0.22048517  -0.90696188  -0.036371386  -0.0097536485  0.19719066  -0.050691208  -0.0012866220  
0.00025753414  -0.10617625  -0.016769753  0.0023582084  -0.061638329  0.10892324  -0.039502059  -0.051797635  0.97703567  -0.10802817  
0.0021508554  -0.015368291  -0.036655095  -0.00015614818  -0.013522158  0.77850083  -0.24748154  0.0085548664  -0.036122776  0.57215261  
