0.99845120  0.0015692519  -0.015783638  -0.0046540054  0.010373143  -0.0020714009  -0.0010115522  -0.0036141562  -0.0034451553  0.0039428997  
0.00066147122  -0.92417186  0.019251928  0.0081236848  -0.0043700807  -0.30540780  -0.16054109  -0.0026948288  0.054527912  0.14379827  
-0.00015834804  -0.021362337  -0.36619620  -0.44664902  -0.76579796  0.075452210  -0.095515936  -0.23062170  0.066016979  -0.062694574  
-0.0027548527  -0.033536712  -0.47384314  0.12940659  -0.12474162  -0.0082592282  0.10324699  0.84767071  -0.098584007  -0.011883150  
-0.019006232  -0.0064038866  -0.78711035  -0.0086422284  0.48835739  -0.029305088  -0.012099487  -0.36940886  -0.026795220  0.0072209841  
0.0023299215  -0.31281144  0.012693713  -0.011413951  -0.0072700163  0.51326737  0.79020609  -0.097883947  -0.012679535  -0.036866933  
0.00020422428  -0.14206737  0.0017128705  0.017154279  0.10640922  0.79355045  -0.55160272  0.092388038  0.061735972  0.13713072  
0.0051859936  0.0051929590  -0.12115836  0.87835250  -0.37480368  0.033301144  -0.039584145  -0.25561539  -0.038754366  0.025429175  
-0.0049736336  0.062621227  0.018960293  -0.090858352  -0.063385066  -0.0085608691  0.042411722  -0.059138817  -0.69956338  0.69684456  
-0.00079762028  0.13965972  -0.051994452  0.015601163  -0.020006583  -0.052967749  0.13895291  0.044220017  0.69579838  0.68248043  
