0.99842881  -0.0010043855  -0.00062398733  -0.017279641  0.0040503801  -0.0042376330  -0.00063704447  0.010817095  0.0022968940  0.0012575820  
-0.00099409449  0.93537922  -0.0078155402  -0.024639495  0.0078993426  -0.29337633  0.10939373  -0.0037125416  0.080526608  0.13046112  
-0.014777313  -0.020854788  0.26436242  -0.93288916  0.15133853  0.040005860  0.075709631  -0.15527598  0.036046238  -0.020647222  
-0.0079338795  -0.0086822834  -0.93091898  -0.28933938  0.074695062  -0.0010095125  -0.063799254  0.19055243  -0.015954863  0.013176194  
0.0089003295  -0.0083184632  -0.17593282  -0.057629238  -0.71758149  -0.031464164  0.0092862408  -0.66683490  -0.038919739  0.0081400553  
0.0056088490  0.30590350  -0.019164054  0.030127049  -0.0016941389  0.94511072  -0.010816155  -0.039187453  -0.086968437  -0.0013800782  
-0.0015227628  -0.090003125  -0.028390324  0.025400235  -0.062580307  0.11696663  0.10238303  0.017110394  0.94837563  0.24420648  
-0.0077967461  0.019691958  0.14605020  -0.18321204  -0.67029119  0.026379386  0.0069983485  0.69939920  -0.042666278  -0.026682293  
0.0017798035  -0.061451653  -0.081512310  0.058944692  0.0087638694  0.023442747  0.95223892  0.019253089  -0.045429794  -0.27074829  
-0.00087855529  -0.12616323  0.0097373463  -0.0073673035  0.0072965965  0.020815170  0.24044724  0.021615176  -0.27691486  0.91970471  
