0.99816124  0.00048086865  0.0096158879  -0.0075819616  -0.0037385187  -0.0047292742  -0.0041587084  0.013754571  -0.0025445012  -0.0012896740  
-0.00073249880  0.99711497  -0.017159202  0.027685253  -0.0095421161  -0.022529175  0.0068060501  0.019124537  -0.0081706537  -0.013717125  
-0.010694189  0.017984494  0.98733159  -0.046149845  0.097128448  0.0024598226  -0.017183614  0.093152481  0.026331796  0.0065006196  
0.0085561471  -0.021682478  0.091449074  0.93004857  -0.24866776  0.00023426653  -0.019828844  -0.24496902  -0.014026040  0.0034269235  
0.0060352455  0.00048370649  -0.092676479  0.27818400  0.85653397  0.036881613  0.063165302  0.12559118  0.39350814  0.027571117  
-0.0026915210  0.010511125  -0.032761745  0.057439989  0.15703395  0.30019144  -0.79061086  0.13461398  -0.35677281  0.32686580  
0.00074139781  0.0092181283  -0.012435723  0.048765166  -0.19905112  0.83297723  0.32174471  0.34975863  0.14644975  0.11442742  
-0.012877565  -0.033086551  -0.055389879  0.18208828  -0.19121956  -0.40256961  -0.060300103  0.86817789  0.046715255  -0.027244782  
0.00047602775  0.014887261  0.0067345752  -0.10972692  -0.29580461  -0.072237928  -0.32942073  -0.12923795  0.79914610  0.35697917  
0.0017480324  0.0033738177  0.0044903169  0.011089219  0.055925453  -0.20824011  0.38861942  -0.019811450  -0.22561524  0.86457388  
