0.99866092  0.00060275262  0.0087260785  0.0031901432  -0.00066107156  -0.0014719874  -0.00071711847  -0.0048738193  0.0013678152  -0.00017577155  
0.0010598777  -0.90704797  -0.0031544477  0.011329032  0.015548940  0.39392837  -0.060056052  0.0036208135  0.031360552  0.12060310  
0.0055516761  0.0081719127  -0.85118159  -0.093874576  0.16638466  0.0090136760  -0.015079074  -0.48503414  -0.023684767  0.010108920  
0.0032973206  0.0047603646  -0.39643833  0.75080103  -0.23474721  -0.0055638765  0.0019618438  0.46988745  -0.0033309162  -0.0080166384  
-0.0041902528  -0.013614482  0.10564881  0.10069492  -0.85338793  0.0028504364  -0.0020535641  -0.49751243  -0.0082225180  0.0077153638  
0.00088207309  0.39322327  -0.0028760194  -0.020819047  -0.022603638  0.69791554  -0.26131964  0.034553687  0.11037024  0.52273104  
0.00066849302  -0.068340138  0.016133237  -0.0053595701  0.00039986635  -0.27116335  -0.24987062  0.023141943  -0.80462140  0.45656199  
-0.0071179688  0.027273563  0.32237295  0.64313565  0.43090201  0.027569242  -0.0052492167  -0.54045799  -0.0095066455  0.023896673  
-0.00068762076  0.021242707  0.011140627  0.0021578610  -0.00070279549  0.093924462  -0.83088584  0.00030152695  -0.081024950  -0.53940744  
0.0017162121  0.11823794  0.0055678027  -0.0087368340  -0.0046077434  0.52173314  0.41509774  0.0076284848  -0.57394771  -0.45734809  
