0.99867526  -0.00031191893  0.0020744881  -0.00092663241  0.0057989244  0.0014456062  0.0010129276  -0.00091895328  0.0072793179  -0.0067506672  
1.6780068e-05  0.99814222  -0.011946060  0.018019005  0.012179924  0.00059313023  0.00046328101  0.014788052  -0.0056605691  -0.010731335  
-0.0010662903  -0.020174388  -0.63403327  -0.11860569  0.52438151  0.016201498  -0.0063057960  0.55202079  -0.031906703  -0.0054857281  
0.0053865138  0.0059831055  -0.41026203  -0.26194584  -0.83039268  -0.0087094554  0.032845044  0.26294960  0.013266060  -0.022856600  
-0.0014314879  0.019718705  0.12992929  -0.94694054  0.16209977  0.035779321  -0.058788190  -0.21335764  -0.078292563  0.028788973  
-0.0014136729  -0.00012895954  -0.019361557  0.028173672  -0.013628530  0.98510767  0.14586302  -0.028033167  0.033374296  0.045786379  
-0.0010848086  0.00058414734  0.059082792  -0.059596929  0.040449589  -0.14226705  0.98346087  0.032895939  0.012700132  0.0081885358  
0.00043734209  -0.0013898271  0.63491685  -0.080896006  -0.053311321  0.044452102  -0.059376287  0.75723160  -0.062048687  0.045763022  
-0.0086075521  0.0046158174  0.042021819  -0.083032343  0.039787910  -0.016907421  -0.024374010  0.047697591  0.97831387  -0.16355388  
0.0055902492  0.011150940  -0.039127447  0.010346806  -0.011535271  -0.050820830  -0.013950770  -0.010619365  0.16648893  0.98236257  
