0.99901402  -5.2094880e-05  0.0035230357  0.0045579816  -0.0021764473  -0.0037224173  -0.0017373245  -0.0023586136  0.00034513538  -0.0012922331  
0.0013731622  0.92141738  0.0043995773  0.0020691539  -0.0041547582  0.35661651  0.0039763721  -0.034372968  0.036391114  0.13878015  
0.0051390625  0.0054981168  -0.83939432  -0.46412462  -0.074650269  -0.0087143921  0.16199318  -0.060125772  -0.19972514  0.050652117  
-0.00024793373  -0.0032240260  0.43127935  -0.69673379  -0.22173148  -0.047065605  -0.00069873909  -0.52244441  0.045010769  -0.0092320129  
-0.0016159396  -0.00056047665  0.072002696  0.092818320  -0.91972122  0.012854269  0.11291836  0.30988993  -0.16293037  0.055368505  
-0.0029140021  0.33809702  -0.041309704  -0.011957020  -0.042818856  -0.58051072  -0.14346391  0.057632909  -0.063888695  -0.71745837  
0.00011960687  -0.098541880  -0.23844751  0.029294157  -0.22513269  0.27791099  -0.15866934  -0.088413783  0.82673897  -0.29357178  
-0.0041391265  0.010255831  -0.16306918  0.53605593  -0.17940083  -0.099437523  0.15147886  -0.77610666  -0.12863701  0.015573914  
-0.0016115051  -0.0097662177  -0.12171949  0.014799575  -0.11068649  -0.052352122  -0.93686291  -0.084851286  -0.15102047  0.24509254  
0.0013471721  -0.15722074  0.045438567  0.00040823304  0.024496430  0.66430646  -0.11214247  -0.061007106  -0.44854779  -0.55817253  
