0.99838365  -0.00020651807  0.00086839905  0.0019923401  0.0014224681  -0.0026032038  -0.0020809467  -0.0011085936  0.00078808570  0.0014846425  
-0.00093644342  -0.89713326  0.031718482  -0.035524038  -0.0076187519  -0.37782725  0.14335663  -0.017239646  -0.057886238  0.15025920  
0.0012200466  -0.020729991  -0.95645498  -0.13735221  0.16347801  0.0028117851  0.037669761  -0.18431755  -0.023156056  -0.0067970750  
0.0024516959  0.012386280  -0.16371223  -0.44135155  -0.59206687  -0.012068509  0.012571104  0.65067276  0.023197107  0.017416788  
0.00086369517  0.030287402  0.13708155  -0.51686712  -0.44066016  0.030013689  0.0093981847  -0.71688378  -0.017616419  -0.014096234  
0.0019284989  -0.38049001  -0.0067201487  0.015316294  -0.031715008  0.54269659  -0.30786028  0.026502490  -0.14697174  -0.66283135  
-0.00040340533  0.15624598  0.013710345  -0.022531098  0.011814431  -0.30401578  -0.12167954  0.028054255  -0.92597028  -0.077312065  
-5.3781639e-05  -0.0019532283  -0.18321961  0.71650433  -0.65046722  -0.046556992  0.022656643  -0.15249969  -0.020998908  0.00024217141  
-0.0026673045  -0.053320887  -0.038700558  -0.0037505124  -0.016091320  -0.10322841  -0.91995927  -0.023333745  0.11483170  0.34821633  
-0.0012694738  0.13571377  -0.0057432688  -0.022532072  0.012472390  -0.67316927  -0.13441921  -0.012040290  0.31506148  -0.63805576  
