0.99849749  -0.00092172417  0.0072373747  0.0059170915  -0.00011532843  -0.0038686734  -0.0039049907  -0.0052161359  0.0014981197  0.0032393828  
0.00036858430  0.94205345  -0.067903921  0.011812255  -0.021122220  -0.21503323  0.066028426  0.062190107  0.040964339  0.21963120  
0.0064189394  -0.064238913  -0.61920471  -0.32137385  0.68501352  -0.049311341  0.084739215  -0.0036268986  -0.11683995  0.11680262  
-0.0029785267  0.0016457399  -0.37333665  0.068050412  -0.25933126  -0.17459901  -0.073395659  -0.83276096  0.21322171  -0.10356271  
-0.0026917965  0.013972311  0.55367626  -0.65910030  0.23420801  -0.24294684  -0.043848127  -0.24325951  0.28167976  -0.039383065  
-0.0012793449  -0.22723353  -0.094770503  -0.097173922  -0.23372333  0.032362224  0.083491039  0.091677270  0.40114871  0.83368993  
0.0039837255  0.14347182  0.086815591  -0.071181221  0.052374869  0.68501175  0.65285910  -0.22971661  0.097763787  -0.058471476  
0.0087769478  0.073705838  -0.36132761  -0.59976118  -0.50036290  0.20494752  -0.14357280  0.29915223  0.090269267  -0.30102255  
-0.00092313558  0.097930357  -0.056242001  0.25835400  0.30757996  0.28403879  -0.38793543  0.13720308  0.72968410  -0.20176292  
-0.0022141860  0.13445948  0.11210922  -0.11646748  0.053642774  0.51588191  -0.61163530  -0.26618578  -0.38201503  0.30503588  
