0.99831198  0.0020716653  -0.00059064325  0.0055018681  0.0016593066  0.00064860100  0.0057580145  -0.0065992790  -0.0014336229  -0.0016293347  
0.0022825173  -0.99472481  -0.020565318  -0.0031530572  0.058107271  0.021491157  -0.0032652874  0.040885481  0.032877630  0.00013786371  
-0.0023070588  0.026779585  -0.88441680  0.41740305  0.13237043  -0.0056411414  -0.027329915  0.11858485  -0.078347093  0.033039428  
-0.00069866125  -0.032365548  -0.39153497  -0.51857331  -0.32670696  0.035903394  -0.087850101  -0.66713963  0.10835989  -0.017202833  
0.0070478101  -0.0072622087  -0.17625465  -0.41495985  -0.56277163  -0.027839664  0.066760388  0.66294281  -0.17020492  0.050969046  
-0.0038343536  -0.034379105  0.0022623236  0.023943515  -0.018164486  -0.71612431  0.58129748  -0.17220616  -0.26013204  0.21518142  
0.0010262337  -0.0036433837  0.030033265  -0.15121419  0.21381107  0.30947241  -0.14632974  -0.083384760  -0.60080487  0.66486892  
-0.0033177082  -0.057163225  0.16110237  0.59583725  -0.70777967  0.15716387  -0.032452814  -0.22380350  -0.15548537  0.10701744  
-0.0040748429  0.021700115  -0.049764445  -0.016308655  0.020807468  0.55444601  0.75681066  0.0039214500  0.29260646  0.16489141  
0.0039554565  0.016786827  0.0032562002  0.048343286  -0.069221489  -0.23053223  -0.22485699  0.097507067  0.64059970  0.68236577  
