0.99803973  1.3944167e-05  0.0088665048  0.0076759429  -0.0080600022  0.0025256690  0.00049905885  0.0010571178  -0.00044612188  -0.00031267996  
0.00023105966  0.96655966  -0.0032779184  -0.0016940464  -0.010089998  -0.012851351  0.030281581  -0.23497804  -0.0039247274  0.074670465  
0.012256885  -0.0018595287  -0.17794168  -0.81814162  0.44650198  -0.30921803  -0.011098108  -0.0014758225  0.0035206167  0.0034223805  
-0.0060820502  0.0069813993  0.81775128  -0.37573850  -0.067688179  0.42435993  0.027834715  -0.0010123379  0.0041629439  -0.010056960  
-0.0044731865  -0.012707623  0.47160992  0.10534276  -0.20604867  -0.84839720  0.00030239635  -0.0079350555  -0.0010403188  -0.012902548  
0.0012791656  0.015676450  0.26932159  0.41687609  0.86434751  -0.0088812021  -0.048003782  0.014240866  -0.015946899  -0.0051953448  
-0.00033096474  0.030482793  -0.011118958  0.018576644  0.042649448  -0.017322483  0.96031014  0.26071953  -0.032729249  0.037185464  
0.0010815239  -0.23663921  -0.0014799335  0.013968792  0.029783584  0.0048276409  0.25908373  -0.92711506  0.098525082  0.051558688  
0.00050216443  -0.011284665  0.011076561  0.0092524327  0.0073632574  -0.0046817490  -0.024818557  0.11369486  0.81858693  0.55864553  
1.6593111e-05  -0.066833974  0.013064941  -0.0048987786  -0.0081833211  -0.0021203591  -0.045621603  -0.010298861  -0.56127689  0.82111056  
