0.99843767  -0.00081119288  -0.011772806  -0.0017676317  0.00031318749  -0.0015646279  0.0066233489  -0.011504169  0.0059261033  -0.00088263703  
0.00082133075  0.99814414  -0.013504385  -0.015836780  0.00014016179  0.011729483  0.00048083090  0.015050584  0.00015879816  0.0015034423  
0.011395586  0.010500163  0.98230706  -0.17397108  0.032397158  -0.00064942070  -0.0064030951  0.0066740242  -0.010796042  -0.0019429455  
0.0037979982  0.017738646  0.17314028  0.98267810  0.023302637  -0.00032648312  0.011319924  0.0091849475  -0.0011328266  0.012327933  
-0.00015034964  -0.00090859310  -0.035409938  -0.015354735  0.98201543  -0.0030047828  -0.16290233  0.0083545212  0.066794166  0.016138199  
0.0024947546  -0.012707746  0.00017248826  8.8956262e-05  -0.00014843153  0.99585108  -0.016011367  0.069645254  -5.7737288e-05  -0.0033174352  
-0.0065654437  -0.0010137069  -0.0012603527  -0.013748694  0.16222857  0.014249080  0.98004946  0.017683698  0.024513277  -0.095059519  
0.011408957  -0.014393032  -0.0079501699  -0.0073269763  -0.011403623  -0.070154923  -0.014919952  0.99578774  -0.0015953875  0.0010796818  
-0.0056095023  -0.00025166459  0.013207365  -0.0016138652  -0.068596721  0.00051891043  0.0025755919  0.00090208776  0.98231296  0.16385550  
0.00097163809  -0.0018029364  -0.0019672556  -0.013455290  0.010816054  0.0047312728  0.097054453  0.00042249192  -0.16308813  0.98002458  
