0.99882540  -1.4676547e-05  0.0012531890  -0.0028158945  -0.00090469760  -0.00087948818  0.00062558731  -0.0027131177  -0.0063541235  -0.00085369514  
-0.00059236559  -0.98313908  -0.0095333594  -0.0011295584  -0.032566334  -0.018557044  -0.10986534  0.021981135  -0.10178154  -0.081683684  
0.0035450750  -0.0078145919  0.14975890  0.65609455  0.62943624  -0.071760264  -0.090424670  0.36524850  0.043526180  -0.0013669306  
-0.00034185818  -0.0037299094  0.45335200  0.61336690  -0.55278276  -0.025835639  0.10382307  -0.30988256  -0.039060317  0.035566232  
-0.0023447811  -0.017260516  0.67067946  -0.32175382  0.43594413  -0.0092996219  -0.11183325  -0.48379185  0.044066863  -0.073285700  
0.00012986208  0.0055072744  -0.082221518  -0.029817927  -0.031823993  -0.97376628  -0.023064035  -0.076522485  0.18147584  -0.038199651  
-0.00075628255  -0.12400682  0.13649243  -0.10720292  0.12549164  -0.079945677  0.77439205  0.10742798  -0.098229824  0.55603552  
0.00084210370  0.035858871  0.53788291  -0.27243683  -0.29388836  -0.068628879  -0.19126798  0.70822651  0.056852958  0.019583029  
0.0063440704  -0.11716714  -0.035936743  0.024631252  -0.040551657  0.17442933  -0.020351246  -0.045192157  0.94673119  0.22630075  
0.00028820474  -0.017141339  0.062088389  -0.017349625  0.0080078109  0.040944141  0.56293673  0.11209224  0.19965969  -0.78877982  
