0.99873106  0.0011538864  -0.0081121498  -0.0025782883  -0.0036980750  -0.0033824786  -0.00057930245  0.010344574  0.0045654140  -0.0021137770  
0.00053552179  -0.92622896  0.0012039233  -0.014494870  -0.010546160  -0.33325711  0.055541020  -0.013404741  -0.046707829  0.15141168  
-0.0031462234  0.012570381  -0.18519554  0.26193834  -0.93021467  0.017636651  0.13440837  -0.062709463  -0.082896493  -0.0024344085  
-0.0077672307  -0.027934669  0.087702070  -0.75867410  -0.26281120  0.092346133  0.034685910  0.57764165  -0.010303547  -0.024538035  
-0.0072977742  0.0012194566  -0.96830913  -0.16648020  0.15731458  0.0027372328  0.026445437  -0.0042473994  -0.080146362  -0.018290208  
0.0018916119  -0.33080451  0.011670040  0.071028047  0.029203078  0.58905240  -0.033222569  -0.035349372  -0.059703873  -0.72760469  
0.0052838633  0.077985601  0.099218303  -0.014442940  0.078997356  -0.068195856  0.10521737  -0.0076659786  -0.97929147  -0.011185268  
-0.0070467537  -0.015567867  -0.079856429  0.56488287  0.12246292  -0.0041576649  0.0076673365  0.80990724  -0.013275614  0.023847406  
-0.00065867835  -0.043444274  -0.038926303  0.0064456962  -0.12222790  0.014860715  -0.97805507  0.014305559  -0.12467763  0.080957056  
-0.0050445503  0.14562268  0.0023717570  -0.028194862  -0.037552905  -0.72515194  -0.074409965  0.045734101  0.059029786  -0.66117326  
