0.99877680  0.00013296647  0.0042700600  -0.00091193161  -0.0010170181  -0.00049584237  -0.00035799593  0.0011987941  0.0091118280  0.0092908772  
9.5046627e-05  -0.99846114  0.0031633903  -0.0056617997  0.0012424965  -0.010776806  -0.017527312  0.0019137777  0.0016562152  0.011857347  
-0.0042693108  0.0028304426  0.99547232  0.074029678  -0.033549561  -0.0022791086  -0.0023599954  -0.0010731810  0.0029730212  0.0037525283  
-0.0012442122  0.0058321634  0.075280443  -0.99423753  0.038681131  0.039123757  -0.0051809939  -0.0067791417  0.0051827040  0.011758452  
0.0011512028  0.00016588479  0.030517247  0.044095500  0.99419562  0.079181291  -0.0038849825  -0.0012483187  -0.0029471639  -0.0057506274  
-0.00023915482  0.010991741  0.0030180066  -0.035535516  0.080594215  -0.99446095  -0.0065798311  -0.022327748  -0.016506498  -0.00097826191  
-0.00035843499  0.017685613  -0.0028399108  0.0044738156  -0.0041676493  0.0043903616  -0.99332677  0.099074723  -0.023212969  0.015256450  
-0.00083069215  -8.0811050e-05  0.0020600864  -0.0083841769  0.0035379863  -0.022808723  0.097008238  0.99156586  0.035161180  -0.056823552  
-0.0098361096  0.0032042493  -0.0037906939  0.0059272358  0.0044577658  -0.015557944  -0.024645726  -0.028128826  0.99413643  0.085906238  
0.0084763784  -0.011309131  0.0040635204  -0.010663262  -0.0053848380  0.00077911296  -0.023374800  -0.057734103  0.083907581  -0.99316217  
