0.99849749  -0.00017158481  -0.0022198845  -0.0028055210  0.0014321434  0.010743487  -0.0046544148  0.0016890619  0.00043511321  0.0018461953  
0.00034831038  0.99827983  0.018817439  -0.0055504087  -0.010568316  -0.00091911237  0.00067395357  -0.0015601913  0.0028080462  -0.0016119022  
0.0022940752  -0.018720844  0.99820274  0.0026798823  0.0039592636  0.0011491935  -0.012627317  -0.0071328083  -0.011375212  -0.0050224029  
-0.0030126308  -0.0057845063  0.0023813309  -0.99761913  -0.027918297  0.023296553  -0.011721058  -0.00046572783  0.0041636619  -0.0091296067  
-0.0017903718  0.010554136  -0.0037812836  -0.027557455  0.99772830  0.024381306  -0.0049692270  0.0056428550  -0.0026564336  0.010103517  
0.010658717  -0.00059524098  0.0010924652  -0.024100084  0.023953525  -0.99781056  0.0098331622  0.0035560806  -0.0063016399  0.00023106471  
0.0045108695  -0.00096622993  0.012475858  -0.011678636  0.0043422300  0.010295174  0.99830146  -0.0061623203  -0.0012472220  0.0041617354  
0.0015264298  -0.0011092355  -0.0076965101  -0.00043628708  0.0048957873  -0.0029472983  -0.0063448116  -0.99492696  -0.064637796  0.053950337  
-0.00022962599  -0.0028537025  0.011351632  0.0030397097  0.0021471167  -0.0065734875  1.0900684e-05  -0.058476446  0.99090856  0.10756176  
-0.0019359940  0.0017422880  0.0042739754  -0.0092784979  -0.010872961  0.00093406121  -0.0039728132  0.060387291  -0.10397022  0.99114742  
