0.99790254  3.4519702e-06  0.011182924  -0.0072020950  0.0015575884  0.0013977618  -0.0029060713  0.012832456  0.0037040847  -0.0011606875  
0.00015394211  0.99796314  0.011673086  -0.0054466997  -2.3007637e-05  -0.0022314233  -0.0022831336  -0.0081985845  -0.0016473457  0.0030039308  
-0.012461289  -0.012579803  0.96480858  -0.24671527  -0.059004891  0.00017337033  -0.00085885769  -0.0042414787  -0.0040622533  0.00010182211  
0.0041693048  0.0025498695  0.24866938  0.96575913  0.031833168  -0.00013306482  0.0066840347  0.0045376341  -0.0012912085  -0.0050192430  
-0.0018476550  -0.00026380121  0.048142499  -0.045858158  0.97257515  -0.0010284605  0.20811425  -0.0080322843  0.044290707  -0.014985322  
-0.00055831505  0.0015943771  -0.00038388123  0.00065180078  -0.0015728677  0.99433078  0.021482841  -0.041998938  -0.026474002  0.068523816  
0.0026425715  0.0031127826  -0.010904996  0.0019887890  -0.20878567  -0.0023661947  0.94307596  -0.0032975769  0.096715998  -0.23091446  
-0.012922885  0.0083290484  0.0031292447  -0.0056557239  0.0068173503  0.041836780  0.0050340999  0.99704672  0.00028998402  -7.7147591e-06  
-0.0042627579  0.0020786985  0.0030951850  0.00060350422  -0.011549362  0.048175751  -0.16811223  -0.0014953065  0.94077682  -0.28299299  
0.00063396378  -0.0019350152  0.00026120381  0.0050595317  -0.039565831  -0.059339558  0.18577515  0.0017882909  0.31391158  0.92605776  
