0.99808177  -0.0016238009  0.0019784610  -0.00081142945  -0.0051992180  0.0061032116  0.00063706102  -0.0027761561  0.0048693852  0.0026603901  
-0.00077506971  -0.98968255  -0.0032472145  0.016724152  0.010962376  -0.061466346  0.048070002  -0.023991865  -0.052123541  -0.083733985  
0.0017078872  0.012514335  -0.73749945  0.66034075  0.068943221  0.057464904  0.032815774  -0.045716307  0.058637898  -0.025810523  
0.00063643506  0.0096962818  0.65526982  0.72089152  0.18710115  0.038271371  -0.060216336  0.048866620  -0.065178848  -0.0075902917  
-0.0056435043  -0.0041938540  0.093425926  0.18170953  -0.95738481  0.032953692  0.040372920  -0.17450510  0.055799084  -0.028579956  
0.0010260208  -0.033133831  -0.019020159  0.061434275  -0.026988259  -0.52781377  0.012305705  -0.047291293  -0.049422049  0.84076165  
0.0034053453  0.031349565  -0.082699799  -0.011708233  -0.060148590  0.17795594  -0.091511344  -0.033823636  -0.96977745  0.052337167  
0.0021221775  -0.023642379  -0.056558911  0.031470987  -0.18174038  -0.041635766  -0.021453970  0.97760426  -0.023705047  0.017580614  
-0.00048592761  -0.057751365  -0.050771773  -0.015260996  -0.037609669  0.026920040  -0.98728176  -0.029492472  0.10552008  0.032206164  
-0.0075532896  -0.10272308  0.021600062  -0.041886241  0.013489527  0.82090156  0.061737388  0.033468018  0.16636547  0.52579116  
