0.99871202  0.0011786493  0.0055970301  -0.0029723639  0.00048296080  0.0016630973  -7.8187003e-05  -0.0058345729  -0.015341392  0.0017676526  
0.00039191687  0.91075482  -0.0059208875  -0.021707183  0.0012511068  -0.38505106  0.10789389  0.015996098  0.033098972  -0.079064224  
-0.0052362710  -0.0042109515  0.13668898  -0.39936245  0.81191871  -0.0056890434  -0.0020991784  -0.39782453  -0.041199994  -0.0085610365  
0.0050266030  -0.027281523  -0.44580576  -0.55262670  0.14085082  0.0024759390  -0.00027657884  0.68721859  0.018807136  0.0061088947  
-0.0014012868  -0.0047929160  0.81291246  0.069341437  0.16585506  0.0073015099  0.051204793  0.54922169  -0.013837214  0.0075768440  
0.0022913808  -0.38409799  0.010775340  -0.0011684688  -0.011009909  -0.91826767  0.013131320  -0.0051405276  0.028533379  0.075887292  
-0.00032647324  0.10299704  0.041952664  -0.00087748928  0.0049816765  -0.050171331  -0.98731127  0.028846950  -0.0051221041  0.084199945  
-0.0054601318  -0.0043721566  0.34163451  -0.72606199  -0.53849867  0.014298669  0.0037788420  -0.25192368  -0.0061152215  -0.0022490419  
0.014976949  -0.022008743  0.027869969  -0.0087945160  0.030052538  0.037167397  -0.011728719  -0.023175716  0.99576692  -0.037340420  
-0.0013671342  0.092920610  -0.0053245396  -0.0040642437  0.0052872425  0.045273395  0.090895425  -0.014148507  0.038234436  0.98837962  
