0.99860536  0.00045629799  0.00043013619  -0.0035050290  -0.016186460  0.0047011865  -0.0015675596  -0.0056410084  0.0012981246  -0.0018258215  
0.0014838401  0.91459322  -0.0090114397  -0.0030687905  0.0027573745  -0.25657499  0.22974398  0.0059681180  0.068888878  0.19380576  
-0.00048239672  -0.013364472  0.99474528  -0.037053421  -0.022235947  -0.049706023  0.019340689  0.022736397  -0.034465254  0.031382041  
0.0040123539  0.0095987059  0.037714961  0.99698437  0.028587708  0.0048337366  0.00055369611  0.024825595  -0.014363799  -0.018083077  
-0.015545887  -0.0070941559  -0.025327040  0.028486382  -0.99546864  -0.039493567  -0.0084925201  0.047534989  -0.022308621  0.011131913  
-0.0050137375  0.24553162  0.056337099  0.0014740910  -0.036530385  0.77661694  -0.37575348  0.021111796  0.39585470  0.17636051  
0.0014791727  -0.24009739  -0.0017500662  0.020773046  0.0018027440  -0.38990567  0.051168632  0.013228264  0.84829518  0.25457410  
-0.0064220939  0.0055602585  0.023117064  0.025828992  -0.047742043  0.0075630260  -0.0044836056  -0.99655180  0.015325729  0.016163993  
-0.0017005251  -0.064292690  0.016033045  -0.0033879826  -0.030067120  0.39459638  0.85724962  -0.00085801644  0.18891076  -0.25641500  
0.0021723137  -0.19643599  -0.038332758  0.014124831  0.012040582  0.12898562  0.25566080  0.0077199625  -0.28017764  0.89225246  
