0.99803182  0.0017949939  0.0034623726  -0.00071981141  0.00077137072  0.00025014605  -0.0083690496  -0.00092873973  -0.00053874166  -0.00050501551  
-0.0017594118  0.99799325  0.0037433382  -0.0015645536  -0.0015926940  -0.0043843220  -0.0014317472  0.00064719359  -0.00038075432  0.00075320508  
-0.0033221863  -0.0037004779  0.99778100  -0.00072526663  0.0059007670  0.0027779669  0.015793320  -0.00030819991  0.00043638268  0.00018945322  
0.00068887295  0.0015254022  0.00078517037  0.99745797  -0.010281167  0.0078104998  -0.0059677105  -0.00040697469  -0.0083288793  0.0053429944  
-0.00047693928  0.0017507071  -0.0064517043  0.010839490  0.99771577  0.018925909  0.023372888  0.0020347597  -0.0027614275  0.0011085647  
-0.00023890658  0.0043635850  -0.0023673477  -0.0078635167  -0.018780173  0.99777990  0.0075207210  0.0058489183  0.0049298772  0.0027681131  
0.0084671610  0.0014628791  -0.015590191  0.0059240855  -0.023300807  -0.0079866651  0.99734940  -0.00071855852  0.0063895982  -0.0034996823  
0.0010412177  -0.00071825018  0.00034205959  7.3401661e-05  -0.0021057373  -0.0056483137  0.00095531075  0.99682143  -0.046476031  -0.0041392764  
0.00068066692  0.00027394175  -0.00030702812  0.0078357438  0.0026540949  -0.0052817618  -0.0057569072  0.046610281  0.99258011  0.091302772  
0.00037746776  -0.00080081015  -0.00018115945  -0.0060396300  -0.0013504834  -0.0023860328  0.0044192454  -0.00013337484  -0.091295484  0.99370854  
