0.99863661  -0.00069172319  -0.0078113001  0.0059388864  -0.0033001922  -0.0012696183  -0.00014192289  0.0057558714  0.0020932561  -0.0012449755  
0.00015809504  -0.89739995  0.016192671  0.020222628  0.021359841  0.42312322  -0.036579119  0.0076209199  -0.031751512  0.097297943  
-0.0056709391  -0.026161440  -0.16611684  0.00071052444  -0.96604865  0.00023397910  0.026233816  0.18693553  0.012541634  -0.0038358397  
0.00045636224  0.010280054  -0.033792743  -0.70812704  0.13755029  0.036206382  -0.028883636  0.68772524  0.019130411  -0.00068109683  
-0.0069028263  -0.0089805816  -0.98345915  0.018984844  0.15642574  0.0039329673  -0.033793404  -0.061304337  -0.0085315795  0.014408780  
0.0020453795  0.42516831  0.0083836382  0.016876231  -0.027654841  0.83619959  -0.21010448  -0.029208750  -0.23190526  0.13321457  
0.00015704099  -0.019434782  0.028958495  0.00022884529  -0.029070246  -0.21208149  -0.79239335  -0.020228717  0.22410266  0.52112914  
-0.0076737826  0.025546295  -0.0077460873  0.70258039  0.13550625  -0.0040934028  -0.0077976645  0.69559111  -0.00073574924  0.022142852  
0.0020866579  -0.028996796  0.0046873198  -0.029388964  -0.0034152410  -0.22869030  0.22203641  0.014020603  -0.75511362  0.56880905  
-8.5291620e-05  0.092843578  -0.011005383  -0.0062446065  0.016054854  0.14388123  0.52137315  -0.012541561  0.56693129  0.61161981  
