0.99875078  -0.0017516576  -0.0025888671  0.0014066330  -0.0043255967  -0.0020023164  -0.0011793659  -0.00078238033  0.00031925641  0.00032591557  
0.0017598859  0.99820110  0.026289868  -0.00053650848  0.00013395181  -0.018934940  0.00024551555  -1.4777232e-05  -0.00079636385  0.00021160692  
0.0025992502  -0.025994694  0.99810531  -0.0092034510  0.010682911  0.0037848227  0.012754700  -0.0018029074  0.00077630328  -0.0019701985  
-0.0012240080  0.0011987525  0.0092032368  0.99760809  -0.014773144  0.042873657  -0.0065360045  0.0021933909  0.0046114696  0.0066185881  
0.0048221080  0.0054953297  -0.011562127  0.0024224336  0.95729813  0.28153059  0.038996682  0.0018296679  0.0078812911  0.0014463611  
0.00068926359  0.018146414  -0.00022048948  -0.045190099  -0.28104789  0.95683174  -0.0088168174  -0.019591751  0.0034252650  -0.0023684051  
0.00099256709  5.2843174e-05  -0.012214302  0.0063716654  -0.040046359  -0.0022160571  0.99777096  0.0016170415  -0.0015092224  -0.0016569871  
0.00061973291  0.00022362860  0.0015140206  -0.0030032707  -0.0068468582  0.018386252  -0.0017763942  0.99727214  -0.045595771  0.014452527  
-0.00052747132  0.00057318839  -8.8760982e-05  -0.0064638298  -0.0069655879  -0.0042956647  0.0013274556  0.038900816  0.95095105  0.30228855  
-0.00016338019  -0.00045831818  0.0018656734  -0.0050308758  0.00020339016  0.0027084990  0.0014181021  -0.027699926  -0.30131007  0.95174981  
