0.99834702  0.00033798954  -0.0031162589  0.0055219526  0.0015120615  0.0034196189  0.00027593520  0.0082862913  0.0025716219  0.0020458286  
-0.00046396273  0.99623543  0.032312289  0.038270574  -0.029077746  -0.0031475812  0.016180411  0.012645215  -0.0094229916  0.019739777  
0.0049615071  -0.013507240  0.92934592  -0.35167783  0.086550353  0.0088801000  0.0043069522  -0.025094311  -0.016281381  -0.022305744  
0.0012816516  -0.041608375  0.15190067  0.15440889  -0.95745591  -0.11379804  -0.023341709  0.013406963  0.0043815924  0.13127351  
-0.0049436124  -0.037816872  0.32163319  0.90063332  0.15668192  0.15464818  0.025814074  0.053934841  -0.0010778626  -0.16836731  
-0.0026179742  -0.022577627  0.058354871  0.13258263  0.16353857  -0.056994169  0.18699026  -0.028862391  0.12799410  0.94509392  
-0.0010222268  0.011998803  0.015413044  0.027710126  0.040906500  0.12669746  -0.97100022  0.017562482  0.017493885  0.18624118  
-0.0078788692  -0.011452709  0.0058109583  -0.054188060  0.013975881  -0.030463168  0.018751887  0.99556134  -0.014401089  0.031333504  
-0.0016834370  0.011522397  0.014784957  -0.0012576529  0.0084669610  -0.17187901  -0.030680506  0.013600700  0.97308021  -0.13769436  
0.0031145071  -0.0033398111  0.038296593  0.12187071  0.13414538  -0.95407758  -0.12826262  -0.023262525  -0.18103580  -0.051248914  
