0.99857578  -0.0019530387  4.2616022e-05  -0.0010548746  -0.00027598786  -0.0013498966  -0.0027280587  -0.0030682070  0.00027055430  0.00055837256  
0.0016979930  0.91349966  0.0085845560  -0.0099563753  -0.017794430  0.21614075  -0.18660587  0.022946498  0.11411819  -0.25853967  
-0.0012392890  0.0025007229  0.73378014  0.29233936  -0.26485596  -0.0020076355  0.032574091  -0.54624907  0.053928478  -0.011104367  
0.0026195893  0.013140216  0.42115973  0.50498435  0.36677271  -0.017795267  0.0056305145  0.65178489  -0.065237309  0.024965337  
-0.00087107043  -0.0016022050  -0.28248423  0.39012164  0.70558505  0.069663541  -0.010373382  -0.50911323  0.037655675  -0.041728610  
-0.00036408818  0.22450529  -0.0024000947  -0.037127607  0.079433862  -0.92934803  0.23110551  -0.033977674  0.072565326  -0.12625937  
0.00010688153  -0.20785646  0.043402589  -0.062002964  0.049481629  0.089086201  0.091099903  0.10085385  0.90484360  -0.31686668  
0.00075336821  0.0060528871  -0.44537183  0.70606644  -0.53235099  -0.061855266  0.014465553  0.048455699  0.10102249  0.0031029542  
0.0032348769  0.11903865  -0.026015277  -0.0034380200  -0.010297206  0.26474681  0.94198311  0.012752208  -0.12613121  -0.092239445  
-0.00011718839  -0.23370555  -0.00030025449  0.025329297  -0.043628380  0.0056404279  -0.10791152  0.0099100263  -0.35379951  -0.89580201  
