0.99816782  -0.0023332121  -9.5667912e-05  -0.00042012607  -0.0024105076  0.0012931073  0.00048401650  -5.2791234e-05  -0.011825937  0.0010572167  
0.0018189798  0.91052122  -0.0085610573  -0.019146559  6.7079699e-05  0.40006499  0.017488536  0.021528811  0.018945411  0.074626519  
0.00056694787  -0.0017226248  -0.20158945  -0.041099838  0.93637719  0.0019444248  0.22511117  -0.10564848  -0.12198792  -0.012299400  
-0.00012038626  -0.0025096588  -0.13247357  -0.98201168  -0.045634479  -0.046765698  -0.054605664  0.078420692  0.031078124  -0.00088275920  
-0.00023125581  0.0047177980  0.88009028  -0.16561622  0.096338225  0.016068815  0.15107109  -0.40133494  -0.033659867  0.0033739272  
0.00095946449  0.38547878  -0.039083461  0.031589070  -0.064752943  -0.89036310  0.18747639  -0.069006745  -0.064606933  0.066926157  
-0.0013286372  -0.097618467  -0.11599425  -0.028066821  -0.24279567  0.17167329  0.93828249  0.055758405  0.022200803  0.0078737948  
-0.00044109675  -0.019865286  -0.38504251  -0.012001364  -0.16912159  0.079727987  -0.055469762  -0.89883110  0.016835574  0.040317363  
0.012121985  0.010119906  0.015884736  0.023560717  0.12451757  -0.068933309  0.026256940  -0.019736217  0.98679042  0.0021112962  
0.0012889263  0.092958277  -0.014191324  0.00095495283  -0.024153465  -0.025209704  0.017148095  -0.039267023  0.0016479065  -0.99203802  
