0.99806540  -0.0011829294  -0.025262402  0.0024685600  -0.0016828383  -0.0016067072  -0.0054109517  0.0014381115  0.00046392210  0.00010810382  
0.0012409551  0.99828591  0.0049813996  -0.0091448870  -0.0034286669  -0.0098220346  0.0017390929  0.00027246122  0.00058340023  -0.00056869635  
0.025461876  -0.0049613176  0.99720645  -0.0058036019  0.0019674356  0.0021839721  0.030954680  0.00046726945  -0.0013778999  0.0015847528  
-0.0023835890  0.0093839257  0.0057921581  0.99796742  0.0047111856  0.0087724922  -0.0039863464  0.0077461318  -0.0025922050  0.0046221726  
0.0016049622  0.0032522276  -0.0022479192  -0.0044825040  0.99813783  -0.0087427129  0.0074469898  0.00079980151  -0.0035481167  0.0013461273  
0.0015439676  0.0098064366  -0.0020620172  -0.0085606717  0.0085289600  0.99819348  0.0031694183  -0.014355741  0.0024005508  -0.0065534900  
0.0046173331  -0.0015442736  -0.031094609  0.0043655453  -0.0074873112  -0.0030025734  0.99760145  0.0039344160  -0.0050759548  -0.00024631830  
-0.0014332943  -0.00021658642  -0.00051325081  -0.0077911408  -0.00052265850  0.014181368  -0.0037003143  0.99800587  0.013589305  -0.010736806  
-0.00037157696  -0.00063233505  0.0015063879  0.0030974299  0.0036612241  -0.0030585933  0.0046876755  -0.014505469  0.99594053  -0.064473684  
-2.3229574e-05  0.00052404162  -0.0016052195  -0.0046200862  -0.00096187755  0.0063511404  0.00030357327  0.0095092639  0.064560144  0.99598987  
