0.99845725  0.0017436208  -0.0035454474  4.5129259e-06  0.0054332605  -0.0014766646  0.0015165921  0.0049572206  -0.00045151072  0.0016640735  
0.00076168976  -0.90836135  -0.017394591  -0.028049565  0.017581918  -0.38728819  -0.083450380  -0.013195759  0.0032657362  0.11563672  
0.0035998277  -0.019785224  0.99671489  0.043444551  0.0085605154  0.0088946617  -0.022040064  -0.0099461426  -0.0025944171  0.016000171  
-0.00013247079  -0.024043514  -0.043494492  0.99640309  0.0050970905  -0.018292722  0.0098583698  0.0093037660  -0.013323655  -0.0061086144  
-0.0053835794  0.014908404  -0.0084910543  -0.0049940923  0.99755645  0.015181919  -0.010499141  -0.0061506241  -0.028919347  0.0069254044  
0.0017968338  -0.38799575  -0.0049358928  -0.0039190282  -0.010563759  0.77267744  0.29866438  -0.014187098  -0.32136469  -0.23852927  
-0.0010483654  -0.072710976  -0.0033061896  0.011190891  0.016153230  0.26649542  0.38818032  0.017209782  0.65365239  0.58434163  
0.0048950764  0.016337294  -0.010265497  0.010032294  -0.0061933343  0.00039822847  -0.00011491313  -0.99805989  0.013261378  0.016651836  
0.00025119258  0.0015732715  -0.028079164  0.010819091  -0.024843620  0.31765467  -0.64743946  0.0072412550  -0.29931868  0.62059697  
0.0025058974  -0.12061785  -0.0094752850  0.012880119  0.012309721  0.27893797  -0.57439031  -0.00088390512  0.61273575  -0.44612508  
