0.99789527  -0.00040594891  0.0017231658  0.012849748  0.0018117135  0.00035650298  0.0023061624  0.0058698256  -3.2346962e-06  -0.0025968025  
0.00030037560  0.90822254  0.022145401  0.010508756  -0.017117128  0.27265990  -0.25014226  -0.0043507304  -0.033391048  -0.17945840  
0.0014316249  -0.034743404  0.94174321  -0.13263302  0.096774508  0.030147928  -0.016833492  -0.28132563  0.015658071  -0.0023974668  
-0.0060359286  -0.013073459  -0.10106962  0.74780032  0.19207636  0.047007147  0.023409813  -0.62125746  -0.025474817  0.0060695653  
-0.0057839617  0.0050629377  0.048013788  0.12322191  0.89617642  -0.0066454468  -0.049404166  0.41372965  0.033080969  -0.0045432360  
0.00083531253  0.26411779  0.00054205548  -0.0052525927  0.0086969457  -0.083007671  0.40086013  -0.023792619  0.69680412  0.52219333  
-0.0017022217  -0.27500077  -0.014006697  0.050536998  -0.061196823  0.47604403  -0.22572122  0.046719264  0.64420356  -0.46816577  
-0.011386594  0.015302252  0.30829426  0.63312698  -0.37553317  -0.075631613  0.017117932  0.59206338  -0.024605648  0.039221556  
0.0020245560  0.043375234  -0.011354683  0.013776352  -0.016306283  -0.71570164  -0.62127874  -0.078020223  0.29348717  -0.053382431  
-0.0030026207  0.14904071  0.018175466  -1.7710654e-05  0.028179870  -0.40864643  0.57643128  -0.016063413  0.074705674  -0.68388545  
