0.99830511  0.0011440219  -1.9733600e-05  -3.5261819e-05  -0.0043725499  -0.00042948348  0.00091251769  0.0012930340  -0.00025427558  -0.0012588415  
-0.0011901586  0.99785804  -0.015638894  0.010544802  0.0041834196  -0.020921903  0.0014936760  -0.0026991222  -0.00068542570  0.00078732474  
-4.1590868e-05  0.015750057  0.99792154  -0.0012066383  -0.0022294116  0.0038326530  0.018984582  0.0056537021  -0.00038656904  -0.0032203427  
1.1053818e-05  -0.010470419  0.0016212671  0.99779281  2.8235388e-06  -0.0010956274  -0.023705628  0.0034447792  -0.0075831467  -0.0047516655  
0.0043271918  -0.0047433274  0.0012783857  0.0014491235  0.99672072  -0.022816617  0.054051709  -0.00059903110  0.00039202604  -0.0025979886  
0.00045160093  0.020769926  -0.0036923894  0.0012185041  0.023246001  0.99760338  -0.0084015861  -0.012687099  -0.0049603514  0.011085603  
-0.0010906597  -0.0015698489  -0.019039364  0.023745491  -0.053844112  0.0096451487  0.99633732  0.00081309057  0.0041800340  -0.00022202708  
-0.0011655965  0.0028308720  -0.0056549458  -0.0035992652  0.0010882699  0.011942071  -0.00059471337  0.99635873  -0.048047916  0.037127720  
-0.00020967858  0.0011305161  -0.00079235095  0.0057097549  -0.00066359781  0.0084990502  -0.0041961674  0.056239592  0.95815921  -0.27450301  
0.0011724385  -0.00085167477  0.0034253418  0.0067228794  0.0021886967  -0.0096015905  -0.0011830920  -0.022258959  0.27609160  0.95907885  
