0.99786120  0.0023941901  -0.010741544  -0.017074478  -0.0039046868  0.0034678176  0.0010091414  0.020599342  0.0075862878  0.0035111289  
-0.0024775213  0.99801694  -0.015315479  -0.0038684443  -0.0051159087  0.0041908606  0.0087280106  -0.014167470  -0.0014264467  0.0025161167  
0.018315434  0.015687326  0.82327128  0.48423729  0.28737466  0.00043108624  0.014295766  -0.014013260  0.018855167  0.0060129233  
0.0091069057  -0.0048265516  -0.52956769  0.83927293  0.099427555  -9.9464513e-05  0.022855370  -0.012212107  0.011564686  0.019718629  
-0.00061958667  0.0036823520  -0.18218350  -0.20974147  0.90059646  -0.00061916748  -0.28848314  0.0081317413  -0.12948346  -0.090630750  
-0.0023546458  -0.0049349186  0.00058278799  0.0021336368  -0.0013083314  0.98892381  0.058722308  -0.0038455569  -0.096634021  -0.075156968  
-0.0071835307  -0.0066611527  -0.064861443  -0.11126665  0.29983404  0.029971357  0.73525676  0.0040818535  0.46884970  0.35783297  
-0.020284144  0.014278203  0.0070657738  0.019918616  -0.0032859616  0.0038001298  2.8361251e-05  0.99754414  -0.00076188532  -0.00079989560  
0.0026565506  -0.00062787016  -0.013436355  -0.0028779066  0.038635044  -0.085871511  0.38857985  3.1292223e-05  0.065229903  -0.91192323  
0.0059483789  -0.0050091841  0.0019629146  -0.0077501467  0.038429653  -0.10066402  0.46605285  0.00041236202  -0.86343520  0.14786200  
