0.99855325  -0.0023592287  0.0022338779  0.0037924779  -0.00079897382  -0.0041440614  0.0047468864  -0.0027148775  -0.00041926288  -0.0010207651  
-0.00012240591  -0.91266641  -0.024659333  0.015768527  -0.030342869  0.36476537  -0.059946340  -0.027727141  0.036564489  0.15392534  
-0.0010441967  0.038869693  -0.79569813  0.36118124  -0.19711806  -0.012925917  0.037152892  -0.43704423  -0.023307744  -0.0011663825  
-0.0037528642  0.0015556785  0.35793176  0.92244353  0.095529942  0.0090160063  -0.043212480  0.062445502  0.032345947  -0.044049745  
0.0011645542  0.013468077  -0.13787762  0.085247843  -0.73611474  0.011801864  0.0030606551  0.65474312  -0.0025984899  -0.0045322192  
0.0043552114  0.36472558  0.0015764506  0.020868010  0.025223806  0.61670826  -0.042093232  0.012264580  -0.010676276  0.69334234  
-0.0015437201  -0.060187763  0.037565897  0.029133772  0.0093485849  -0.055939240  0.15008783  0.012738801  -0.97972002  0.073915310  
-0.0029352798  0.034254952  0.46148403  -0.072153721  -0.63638874  0.022514683  0.0025957851  -0.61006205  -0.0016675578  -0.0026935219  
-0.0045656294  -0.030783953  0.037639520  0.023831661  0.013508587  0.065098918  0.98277042  0.015828546  0.15285335  0.018635884  
-0.0025273656  -0.15385267  0.021134856  0.031348789  -0.021356164  -0.68971177  0.010095211  -0.0028352314  0.10441777  0.69636760  
