0.99904262  0.0010426264  -0.00031255716  0.0010010960  -0.00051093119  0.00085792156  0.0012992223  0.00099690346  0.0021691413  -0.00026073527  
-0.0011672835  0.99889984  0.0019367719  0.0094831931  -0.00040457106  -0.013191238  -0.0010894549  -0.0034669310  -0.00051068362  0.00044910618  
5.7027594e-06  -0.0037135662  0.97990293  0.19200024  -0.011663628  0.0022133784  0.0048392366  0.027876275  0.010076096  -0.0014914790  
-0.00097915628  -0.0088895422  -0.19226290  0.97976365  -0.022395225  0.00030755833  -0.0025614473  0.0014794128  -0.0022686595  -0.011979242  
0.00046329242  0.00041226511  0.0060836381  0.024019506  0.98279604  0.0026379601  0.16215899  0.023462377  -0.068635977  0.010340612  
-0.00086515860  0.012916443  -0.00021533961  -0.00012821637  -0.00018413323  0.99655859  -0.0042116215  -0.069064591  0.0023152652  0.0013688074  
-0.0015473931  0.0010210318  -0.0062037365  -0.0016772574  -0.16189476  0.0033639488  0.98343272  -0.0091483554  0.010207235  0.063821663  
-0.0010292450  0.0043378233  -0.027357506  -0.0074000322  -0.024392568  0.068970367  0.0048617117  0.99594907  0.0019355590  -0.00031365541  
-0.0020548823  0.00060056655  -0.0095892754  5.7865065e-05  0.068591927  -0.0019357062  0.011304132  -0.00047326564  0.98390838  -0.15855178  
-4.5972880e-05  -0.00055990964  -0.0020709386  0.012068665  0.010927090  -0.0018862263  -0.063680392  0.00074631198  0.15847443  0.98397480  
