0.99928490  -0.00037408207  2.0441315e-05  0.00056353737  -0.00085478556  -7.7937080e-05  -0.0060202140  -0.00038954186  -0.00078806078  -0.00026297020  
0.00033888851  0.99921121  -0.0039457200  0.0014924362  0.0056640737  -0.0013136985  -0.0010082207  -0.0074971702  0.00043837589  9.9363116e-05  
3.1137644e-05  0.0039580195  0.99911706  -0.010623959  0.011153208  -0.0020652100  0.0076110968  0.00065959374  -0.00073370013  -0.0013726289  
-0.00064212589  -0.0012883170  0.010937109  0.99842410  -0.027199084  0.025172779  0.00026451750  -0.00039845113  0.00056890935  -0.0010250593  
0.00078719715  -0.0056042026  -0.010656634  0.025375984  0.99588918  0.077648224  -0.0039736785  -0.0027990483  0.00046352968  0.00042068485  
-0.00011996349  0.0017269715  0.0027417674  -0.027219383  -0.077006115  0.99585489  -0.010743339  -0.0051901514  0.00017836659  -0.0034998357  
0.0060135894  0.0010055066  -0.0076402988  -0.00033160442  0.0030985409  0.010998652  0.99911567  0.0034052530  -0.0025589569  -0.0026282688  
0.00036557443  0.0074807895  -0.00066457940  0.00043613035  0.0023293706  0.0055323576  -0.0033850565  0.99713291  -0.028277875  0.058117143  
0.00066902801  -6.6979200e-05  0.00026418942  -0.00079346429  -9.2760219e-05  -0.00088269917  0.0017180374  0.042442673  0.96451975  -0.25768465  
0.00045139050  -0.00056309664  0.0015085145  0.00070639426  -0.00095017553  0.0030583755  0.0032021913  -0.048820967  0.25961744  0.96370725  
