0.99811525  -0.00062045318  0.0090481154  -0.0011702759  0.0030955969  -0.00040754141  -0.0060823415  0.00020185807  -0.00037145839  -0.00076874702  
0.00068133545  0.99766681  -0.010653669  0.0055620008  0.0024909489  0.028206644  0.0014593764  -0.00053039378  -0.0033554292  -0.0016191020  
-0.0089580489  0.010804716  0.99792061  -0.0028450153  -0.00029546754  0.0016786990  0.0061659506  -0.0010179946  0.00095979534  -0.00016754897  
0.0013351563  -0.0057068455  0.0031456222  0.99725646  -0.011270388  -0.0015291085  0.028804795  -0.0033359038  -0.0038382978  -0.011726114  
-0.0035678253  -0.0022361712  0.00095500233  0.013751645  0.99541422  -0.00035210053  -0.075769446  0.0023548717  -0.0010545916  -0.0082589081  
0.00041859439  -0.028304696  -0.00099925083  0.00083089860  0.0013906898  0.99739494  0.012224864  0.013766242  -0.016531929  0.0019740200  
0.0058603457  -0.0013334803  -0.0061083253  -0.027874016  0.076062268  -0.012611399  0.99462701  0.0038562668  -0.00054228879  -0.0047323224  
-0.00035761795  0.00080403029  0.00083102978  0.0032909080  -0.0029985242  -0.014095484  -0.0039844731  0.99765555  -0.024408359  -0.0062442684  
-0.00038006208  0.0013006920  -0.00098033282  -0.0039895875  -0.0045707099  0.014147279  -0.0018816312  0.015671446  0.78934391  -0.61041033  
0.00081856437  0.0030169639  -0.00026040451  0.011661012  0.0073027795  0.0083235105  0.0046344512  0.020012933  0.61008350  0.78953982  
