0.99870807  -0.00035533772  0.0037446209  0.0016904885  -0.0039047115  0.00060789507  0.00020065034  0.0021410009  0.0053344562  2.4314460e-05  
0.00053361398  0.94374326  -0.0038738392  -0.0079671545  0.0025343669  0.28165481  -0.066529013  0.011118479  -0.035301434  -0.14707272  
0.0013111032  -0.0022552571  -0.11806534  0.83283133  0.40607563  0.034723406  0.047474692  -0.34672175  0.014235054  -0.033529182  
-0.00069491019  -0.0038313655  0.83254365  -0.20887333  0.39415011  0.032877338  -0.010738474  -0.32128828  0.026015135  0.0082211436  
-0.0051371178  -0.0049302352  0.43115478  0.39655637  -0.79767786  0.023212040  0.016353942  -0.11978622  -0.016151127  -0.047687538  
0.00038385557  0.28159313  0.038117784  0.058669225  -0.010607675  -0.49783735  0.14491081  0.0037221785  -0.066288998  0.80009585  
0.0053533453  -0.064508150  0.0045916074  -0.0043908523  0.025304517  0.078095852  -0.064172878  -0.023562017  -0.99081083  0.0013554503  
0.0027701599  0.022154464  -0.31837138  -0.31204403  -0.19698276  -0.039733631  0.048270866  -0.86921656  0.0078611858  -0.0012011678  
-0.00014744095  -0.025286359  -0.019589141  0.042667228  -0.012739850  -0.054523515  -0.97992167  -0.057597762  0.061934012  0.15524348  
-0.00091749389  -0.14902042  -0.033657276  -0.011808035  -0.030850091  0.81051049  0.052503516  -0.014554830  0.070534825  0.55515116  
