0.99818764  -0.00024195611  -0.0063341902  -0.0037287356  0.0028215459  0.0010850604  0.0029644407  0.00048351122  -0.0013364702  -0.0032808797  
0.00085415250  0.98040373  0.0094976225  0.025515465  0.036769882  -0.038247340  -0.11646937  -0.0011770342  0.13131550  -0.029500739  
-0.0046431471  0.016844054  -0.68802054  -0.098130413  -0.11568821  -0.021023768  0.043347129  0.70498873  0.015063770  0.0044084198  
0.0019159640  0.027881112  -0.063326348  -0.15104826  -0.94977176  0.010815788  1.6131314e-05  -0.24067081  0.081864289  -0.044303013  
-0.0042922835  0.027393612  -0.060665137  -0.95873276  0.18799367  -0.033613386  -0.024029323  -0.16057453  -0.090349870  0.042156447  
0.00075681135  -0.058675346  0.025098095  0.027085308  -0.039288946  -0.47057849  -0.65016627  0.059941787  -0.37298411  -0.45079108  
0.0038575853  -0.10375952  0.0036649460  0.0035469595  0.0097383125  -0.59699050  -0.23926328  -0.0091813128  0.51114521  0.55750904  
0.0039840767  0.012386626  0.71715841  -0.18888831  -0.17965957  -0.0045152791  0.067169349  0.63913564  0.012124264  0.025415706  
-0.00048254876  0.13052640  -0.0078936850  0.070779854  -0.062296015  -0.52156704  0.54089127  -0.048824713  -0.58924536  0.23765599  
-0.0028843665  -0.044770363  0.0063118482  -0.050886913  0.080400680  -0.37886199  0.45108527  -0.031746647  0.46554074  -0.64850689  
