0.99860861  0.00017641777  -0.0025748845  0.00057014525  -0.0011790071  0.00017786851  -0.012303441  -1.3196517e-05  0.00029064108  -0.00085474767  
-0.00017516207  0.99798933  0.0061104624  0.018926912  -0.0010821570  -0.027946659  0.00025299441  -0.0014131073  0.00019661946  0.00024496650  
0.0025574353  -0.0060027836  0.99857732  0.00024885561  -0.0049672735  0.00097262726  0.0028547329  0.0032530479  0.00025009336  0.00065984061  
-0.00072531240  -0.019565233  -0.00023311022  0.99792642  -0.0078760385  -0.015728748  -0.012810923  0.0045868588  0.010052855  0.013790345  
0.0017521445  -0.0020690906  0.0049302086  0.0064319904  0.99053688  -0.11927018  0.042858118  0.0013265107  0.0068171172  0.0057053418  
0.00019437469  0.027439561  -0.00021354934  0.017206214  0.11941932  0.99053596  -0.00036590973  -0.024571975  0.0049392221  -0.0090586271  
0.012209862  -0.00038086628  -0.0031495093  0.012643290  -0.042624264  0.0051188625  0.99744872  0.0026717782  -0.0052908004  0.0029270733  
1.6131782e-06  0.0022296467  -0.0033931960  -0.0046024322  0.0012689360  0.024753043  -0.0027764287  0.99781331  0.018733788  0.025270451  
-0.00018517398  -0.00015180809  -0.00022743462  -0.011092869  -0.0082357657  -0.0033980061  0.0051381577  -0.020902188  0.99425348  0.089585900  
0.00058149935  0.00024836376  -0.00027002315  -0.012638011  -0.0036464587  0.0096285545  -0.0030851944  -0.023777377  -0.090189627  0.99414063  
