0.99852538  4.4472437e-05  0.0087601468  0.0020444262  0.00020219565  -0.0030711177  -0.00030909852  -0.0041222440  -0.0063075162  -0.00069721961  
-0.00087409578  0.90128793  -0.057910191  -0.0050356229  0.049299483  -0.39466889  -0.026372409  0.0094138368  -0.0084519634  -0.14958367  
0.0076751458  -0.046618580  -0.47398781  -0.49165365  0.48859325  0.035407951  0.11386844  0.52132407  0.060208174  -0.0034133140  
0.0049249132  0.012640044  -0.45870189  0.66924113  -0.29533527  0.060175663  -0.031916376  0.49608627  -0.0091706606  0.012352569  
-0.0010273775  0.067463550  0.43200298  -0.38620755  -0.55868668  0.035737733  -0.048406655  0.57682684  -0.088097382  0.023508492  
-0.0021634694  -0.38636390  -0.0069583616  -0.0019023935  -0.021696471  -0.62888265  -0.23168297  0.069666533  -0.023099867  -0.62687654  
-0.00062473871  -0.060715310  0.0030848651  0.023216037  -0.15522021  -0.16807789  0.95805648  -0.033692148  -0.0031310864  -0.14652086  
-0.0046303231  0.0018608176  0.60771248  0.39653534  0.56806448  -0.013909343  0.090065263  0.37279521  0.024438937  -0.0075053690  
0.0059447928  0.0053776036  0.047139559  -0.0080057018  -0.096687000  -0.024738858  -0.016714445  0.016939961  0.99205803  -0.0041850821  
-0.0012014861  -0.15793806  -0.018582534  0.0047249874  -0.0088887509  -0.64104193  -0.0083427007  0.033553582  -0.012648684  0.74788210  
