0.99808047  -0.00076324356  -0.0020432646  -0.0011346582  0.00032933241  -0.0013178070  -0.0012398562  0.0022187083  -0.0054271710  0.00083457351  
-0.00013154824  0.88876578  -0.15120269  -0.037152655  -0.12800595  -0.39680039  -0.0079227811  0.022561370  0.036094337  0.078955217  
-0.00042217433  -0.15878451  -0.19924694  -0.23608471  -0.93399836  0.040433022  -0.016080291  -0.017688326  0.021714313  -0.022290010  
-0.0024880011  -0.022192152  -0.017913779  -0.79698183  0.19900172  -0.00015791973  -0.056886310  0.56267395  -0.010343970  -0.0011495480  
-0.0018962512  -0.12192530  -0.91041457  0.23147913  0.15181708  0.021082146  0.099046888  0.25152904  0.047292643  0.0066890849  
-0.00056966596  -0.39679619  0.045232482  0.0039940794  0.019267977  -0.90763330  0.054347239  -0.0081723537  0.10016393  -0.013435573  
0.0011934593  0.054749946  0.12540359  0.0081307935  -0.051125753  0.038874388  0.95796443  0.13194295  -0.014503879  -0.19459939  
0.0010357719  -0.013832113  -0.28388557  -0.49937953  0.20300696  0.016630890  0.15947898  -0.77190677  0.056785705  -5.4055542e-05  
-0.0055793795  -0.018757978  -0.066467625  -0.015530959  -0.0060698457  -0.10401058  0.0068925365  -0.040160926  -0.98926755  0.0087859380  
-0.00065751997  -0.069233444  0.040222767  -0.0029511670  -0.021727647  0.029043440  0.19134949  0.023138610  0.0050046383  0.97534763  
