0.99818571  -0.0025189965  -0.0089135063  0.0020786910  -0.0040548086  -0.00041868335  0.0034409086  -0.0010302353  6.6572435e-05  0.0015948981  
0.0026795580  0.99772439  0.0052873131  -0.0071149711  -0.0020037147  -0.030220842  0.0011569164  0.0042798077  4.2295176e-05  -0.00038893258  
0.0089331210  -0.0050311526  0.99783954  -0.010866800  0.012665049  0.0033752787  0.016596674  0.0022925110  0.00087178552  0.00012991765  
-0.0018915117  0.0091386347  0.010413405  0.99550992  0.015411047  0.061976082  -0.016867427  -0.00025645143  0.013756208  0.0062356483  
0.0037443935  0.012349925  -0.014067752  -0.036091195  0.92811440  0.36304042  0.037251552  -0.0083340652  0.0095724704  0.00025950886  
-0.00093584932  0.027206536  0.0014319592  -0.052320936  -0.36494285  0.92677757  -0.013207096  -0.029476109  -0.0017333905  -0.0045049562  
-0.0037674371  -0.00094371504  -0.015854240  0.017951337  -0.039280515  0.00012375790  0.99694975  0.0055855639  -0.0015762545  -0.0047858447  
0.00088347434  -0.0033502797  -0.0026204670  -0.00076653799  -0.0019486678  0.030665409  -0.0055182403  0.99469383  -0.076387075  0.010098089  
-0.00080032701  -0.00030769516  -0.0014341922  -0.014915853  -0.010025949  0.00086512554  0.0033991912  0.067577267  0.92898312  0.35831244  
-0.0016698112  0.00064890163  0.00015247356  -0.00088024055  0.0012414226  0.0032652541  0.0045586437  -0.036724160  -0.35656571  0.93136877  
