0.99756121  -0.0010466910  -0.027359283  -0.00084422216  -0.00040849419  0.0022002278  -0.0037219352  -0.0010933682  -0.00030609248  0.00010654904  
0.00064955125  0.99782704  -0.0088853738  0.00017589876  -0.0020787034  -0.0062337837  0.00044050595  -0.0044876551  -0.00054897731  0.00041461254  
0.027476631  0.0086840761  0.99642957  -0.0035839971  -0.021181925  0.0046453896  0.028931946  0.0012153649  -0.00020622704  -0.0018347176  
0.00089826036  -0.00030944426  0.0033076109  0.99719745  -0.00042072817  -0.018142936  0.0062466905  0.015248391  -0.0038053934  4.0626230e-05  
0.0010487678  0.0020527117  0.020121637  0.00029775822  0.99682100  0.025425816  0.029326855  -0.0047549607  9.4560450e-05  -0.0025711699  
-0.0025009370  0.0061815443  -0.0052121370  0.018088399  -0.025305878  0.99737941  -0.0070153383  0.0017044691  -0.0030201791  -0.0067065290  
0.0029251113  -0.00072456816  -0.029768156  -0.0062582783  -0.028771469  0.0064213434  0.99672570  2.4341353e-05  -0.0072729424  -0.0023836889  
0.0010068448  0.0044078478  -0.0010793831  -0.015373283  0.0051311671  -0.0013517176  -0.00031044339  0.99545519  -0.058422958  0.029895101  
0.00038125666  0.00085926693  7.5406631e-05  0.0028229342  -0.00033319324  0.0030716970  0.0075852219  0.058378886  0.99571108  0.017689465  
-0.00013697759  -0.00049578182  0.0015770247  0.00041189364  0.0019795787  0.0068117992  0.0021980194  -0.030770674  -0.016051131  0.99702044  
