0.99870372  -0.0017137097  0.012263528  -0.0085115661  -0.0067940410  -0.0086335236  0.0031692842  -0.0040084217  0.0012415636  -0.0071648200  
-0.0023628277  -0.98788114  0.022904666  0.011258281  -0.0021246275  0.0093906111  0.078021598  0.053185061  0.096008398  -0.055157294  
-0.011811598  0.027398229  0.99544681  0.025112056  0.016972038  -0.017609567  -0.013990571  0.062419132  0.017976177  -0.0025081981  
0.0090562639  0.012752688  -0.027016686  0.99534005  -0.041244436  0.033409794  -0.010602176  0.045304112  0.010024767  0.013973548  
0.0076039890  -0.00045237471  -0.019912753  0.039079545  0.99707666  0.0058679514  -0.012477817  0.025231162  0.018807667  0.0097337318  
-0.0072698726  0.011366294  -0.019738261  0.017555814  0.00081915999  -0.42045747  -0.47447636  0.016381857  0.097644381  -0.76493363  
-0.0082279130  0.082442859  0.0031030427  0.028583837  0.015443300  -0.40469731  0.85429135  -0.054148572  0.046626070  -0.30110584  
-0.0039325672  -0.051331579  0.060665623  0.046596885  0.022824154  0.016438555  -0.052456147  -0.99168216  0.046674803  0.0070246809  
-0.00062601601  -0.10025197  0.018090120  0.020105670  0.019448477  -0.18844272  -0.031620142  -0.039578132  -0.97371505  -0.0033254939  
0.0021893042  0.037389911  0.017702142  -0.014296875  0.0072137666  0.78733765  0.17901642  -0.0092800377  -0.15921291  -0.56416892  
