0.99764550  -0.0016142158  0.0056714585  -0.0040264427  0.013863898  0.0061242788  -0.0042184308  -0.0053239531  0.0020547893  0.0044885879  
0.00089093701  -0.93190965  0.0021414820  0.0060397792  -0.0016661759  -0.31257765  -0.027215892  -0.023255733  -0.15467786  -0.064860683  
0.0050609997  0.013727788  -0.36489504  -0.16234508  -0.55889823  -0.0028908505  -0.011584898  -0.72274132  0.020892184  0.020181416  
-0.0046684654  -0.027682271  -0.11573371  -0.96480226  0.14497423  0.031326007  -0.0054672950  0.16428263  0.032722405  0.018257545  
0.014326656  -0.0019489919  -0.57768901  0.10319005  -0.48538447  -0.016841744  0.020091982  0.64204540  -0.044511824  -0.017714952  
-0.0072681040  -0.31040893  -0.014924899  0.060068865  -0.018122148  0.57096889  -0.11788821  0.031645645  0.50621603  0.54551516  
0.0010805970  -0.039015062  -0.053282185  0.023031246  0.027945189  -0.088345856  -0.20983871  0.0058793960  0.72067981  -0.64690377  
-0.0052904972  0.0015164765  -0.71526481  0.15294849  0.65188271  0.021670882  0.018179669  -0.17824140  -0.051182494  0.024825684  
0.0015750608  -0.15521618  0.016636098  -0.0018368753  -0.017740088  0.53071586  0.72051513  -0.025056379  -0.091627153  -0.40098649  
-0.0037154587  -0.064566628  0.0075399199  -0.0023831601  -0.013394557  0.52973544  -0.64572773  -0.0075185771  -0.42596089  -0.33489749  
