0.99807241  0.0013441033  0.0018742929  -7.6377509e-05  0.0012440794  0.0020606988  0.010616706  -0.0017209232  0.00034024919  0.0043451665  
-0.0019250738  0.99155999  -0.00022735893  0.023776435  0.0068021331  -0.025647123  0.061312290  0.024903330  0.068409616  0.052137719  
-0.00030703285  0.00020992391  0.75365022  -0.55684346  0.15948123  -0.021672984  -0.058880991  0.26448451  0.13637597  -0.015072244  
0.0017654193  -0.0020461804  -0.60733181  -0.48809593  0.28292000  -0.030201633  -0.0011209686  0.55320998  -0.044081733  0.0018566451  
-0.0021417315  -0.010010725  0.11550118  0.36348036  0.90908857  -0.010174357  0.076447138  -0.028032072  -0.13151600  -0.0031357137  
-0.0036931076  -0.020778544  0.031344862  0.031063367  -0.0075921955  0.59779383  -0.065814848  0.090535812  -0.059294298  0.78774289  
-0.0011140258  0.039584524  0.12243344  -0.076670159  -0.12661459  -0.31147667  0.11865944  0.042323428  -0.90306052  0.17138322  
0.0016651688  -0.036737574  0.16575438  0.55151810  -0.21144271  -0.089471452  0.019403794  0.77707783  0.064560315  -0.046463454  
0.010610393  0.066180900  -0.019992144  0.063346667  0.042883028  -0.084671197  -0.98186290  -0.0033377478  -0.11593634  -0.025703274  
0.0012270236  0.072255953  0.043802621  -0.014279350  -0.039836489  0.72437146  -0.0060032745  0.070348506  -0.34214116  -0.58369802  
