0.99840964  0.0010485486  0.0069904431  -0.0019931019  -0.0063371820  0.0011824074  -0.0013248863  -0.0094745346  -0.0015784093  -0.00055068230  
-0.0018020657  0.92637941  0.015613036  -0.014262323  -0.0065055255  0.26117841  -0.21371594  0.016857153  -0.062172833  -0.14208725  
0.0094647999  0.017141961  -0.95239335  0.060335150  0.0038585387  -0.049971800  -0.053247961  0.28168327  -0.016576640  0.029606400  
0.0017043565  -0.010231685  0.063368259  -0.90976419  0.025090639  -0.034481364  0.0099423564  0.40358390  -0.0062198905  0.0032312477  
-0.0058259781  -0.010000703  0.0089873954  -0.0033086032  -0.99533957  0.015155886  0.0070307498  0.054571742  0.051254298  -0.016643935  
0.0010010772  0.30299114  -0.041278960  -0.010534199  -0.0053097954  -0.17828453  0.88527900  -0.048051606  0.038795484  0.28966319  
0.00081327526  -0.14390204  -0.045774461  0.017518132  0.020051554  0.35995237  0.39613139  0.067271462  -0.12710193  -0.81625989  
0.0075251934  0.021372857  0.28284580  0.40495704  0.049543614  -0.066888146  0.029402056  0.86032854  0.056172416  0.037153251  
0.0010274854  -0.11887482  -0.037177197  -0.017450856  0.036353386  0.77621720  0.068772964  0.031605818  0.51791091  0.32139445  
-0.0011655353  -0.10590514  0.018571049  0.019746103  -0.038265698  0.39548168  0.042814795  0.058514165  -0.83739571  0.34736987  
