0.99864268  0.0022762770  0.0058359109  0.0020360530  -0.0067458680  6.8350130e-05  -0.0078865510  0.00066170547  -0.00018733614  0.00044601245  
-0.0021824114  0.99799286  0.0059915898  0.0095719243  0.0049595979  -0.033276072  -0.00033145686  -0.00029086621  0.0012643499  0.00013900613  
-0.0059495071  -0.0062289221  0.99846540  0.0097088598  -0.013285461  -0.0058971884  0.00023486714  0.0024913192  -0.0012390095  0.00076758677  
-0.0020874177  -0.010836079  -0.0097506559  0.99738987  0.018558457  -0.037765147  -0.021856657  0.0029632102  0.0068862610  0.013104731  
0.0070362414  -0.0069530803  0.013089214  -0.020107023  0.99498787  -0.064577383  0.046584580  0.0025648465  0.0034073808  0.0075782320  
0.00025333706  0.032323969  0.0064070861  0.036931883  0.065521610  0.99467027  -0.00064734347  -0.033510404  0.0059889659  -0.0014498811  
0.0075803190  0.00048069940  -0.00095818750  0.022704640  -0.046140896  0.0029359771  0.99724956  0.0014073929  -0.0023340260  0.0093483390  
-0.00070251586  0.0013615324  -0.0022259739  -0.0027262238  -0.00083984354  0.033218613  -0.0016787809  0.99493280  0.068862820  0.040084378  
0.00025172592  -0.0014614680  0.0013257147  -0.0076005564  -0.0044043712  -0.0076348307  0.0018553288  -0.071027807  0.99421754  0.060898571  
-0.00061456125  0.00013567557  -0.00074759057  -0.012507445  -0.0069401264  0.0015225085  -0.0094021263  -0.035824972  -0.063654526  0.99586006  
