0.99852680  0.00080350998  -0.00077781834  -0.0014293134  -0.010781892  0.00059200944  0.0070905535  -0.0045380792  0.00090069457  0.0056469449  
0.00039681676  0.92343935  -0.027887554  -0.027484828  0.0070712902  0.17132609  -0.30514547  -0.0087056113  -0.0054945515  0.14243600  
-0.0052292702  -0.044932988  -0.74266874  -0.47269171  -0.44269607  0.035254650  -0.012993215  0.14212878  -0.047489452  0.013678500  
0.0074855873  -0.018517536  -0.48476084  -0.093510658  0.83107898  0.010864190  0.011147369  -0.23092145  0.087109346  -0.034038839  
-0.0031300074  0.012107275  -0.41748140  0.78233486  -0.25705316  -0.047306353  -0.038754788  -0.37191891  -0.022174061  -0.046189814  
0.0018548576  0.17360082  -0.015757970  -0.060999074  0.018291292  -0.96605941  -0.056284092  0.031005695  -0.12121976  -0.10313987  
0.0075754477  -0.29080924  0.048027621  -0.047668960  0.0088235396  0.022012202  -0.93813496  -0.054732050  -0.019458141  -0.15469987  
-0.0067589927  0.019209135  0.18092826  -0.38191569  -0.18240685  -0.0059248078  0.078099432  -0.88167062  -0.017470995  -0.033661408  
0.0018249571  -0.015636397  0.00060360367  0.011729381  0.10079263  0.12188130  0.031695304  -0.0039291771  -0.98519222  -0.018425916  
0.0044499961  0.16288694  0.010132788  -0.017543820  -0.021250879  0.12481986  0.10913005  0.062751722  0.031796974  -0.96813998  
