0.99808778  0.0011520476  0.0075842200  -0.0064639902  0.0036252326  -0.0047556642  0.012397401  0.0080281545  -0.011583285  -0.0030527044  
-0.00095160998  0.99770498  0.014391090  -0.0091659820  -0.0021095210  -0.00049408834  0.00072438337  -0.024615520  0.00059722794  -0.00011201081  
-0.0074094732  -0.013992270  0.99745808  0.023793315  -0.019423257  0.00038277360  -0.00038656789  -0.0041868503  -0.0014688318  8.2168201e-05  
0.0070924805  0.0096231713  -0.023637532  0.99751882  0.0012087339  -0.00020981174  -0.027010560  0.0034140166  0.0013576979  0.00049709760  
-0.0043072403  0.0014102809  0.019414686  -4.4597755e-05  0.99736391  0.0011551156  0.020822583  -0.015850863  -0.024848909  0.0010527523  
0.0046938984  0.00099414161  -0.00018494257  -5.6010818e-05  -0.00038476357  0.99772518  -0.0029077855  0.024635637  0.011458668  0.0088692513  
-0.011246162  -0.00034871195  -0.00071563966  0.027052274  -0.019554617  0.0014768721  0.99292907  0.0080755518  0.053299161  0.081355446  
-0.0080626912  0.024641219  0.0048388147  -0.0036769804  0.016179993  -0.024581647  -0.0077650117  0.99744414  -2.1314106e-05  -0.00060165042  
0.012108062  -0.00056113119  0.0020773308  -0.0030007120  0.026004395  -0.011610639  -0.055040892  -0.00090850177  0.99558732  0.030114283  
0.0036481169  0.00016362399  -3.1889183e-05  -0.0025493564  -0.00019878620  -0.0087550312  -0.079478259  -0.00018790249  -0.034511298  0.99443821  
