0.99894905  7.1694014e-05  -2.1832984e-05  9.6351324e-05  0.00026345281  -4.4702937e-05  0.0024173849  0.00082370293  -0.00024207395  -0.00087343559  
0.00037273216  -0.89768521  -0.063632331  -0.035682283  0.067975915  -0.40679209  -0.093720975  -0.0022983285  0.031335888  0.082978663  
-0.00022629075  -0.072328996  0.30120584  0.095724957  -0.77333314  -0.032864630  0.014497102  0.54040284  -0.031172197  0.0042801787  
0.00039420471  -0.017318642  0.12971296  -0.80381777  -0.36125940  0.019424121  0.0015987984  -0.44817646  -0.014776828  -0.045798754  
-0.00050596920  0.062339962  -0.75816236  -0.40418978  0.00096643490  0.0023524304  0.031840665  0.50414811  0.0020464137  -0.020894860  
-0.00093258035  -0.40228725  -0.024608422  0.016501701  0.0083994594  0.81367681  0.39366577  0.0017779607  -0.093300688  0.097040887  
0.0020220821  -0.10025018  -0.0053066130  -0.0095006895  0.0051511775  0.39737824  -0.89687700  0.045575193  -0.038445967  -0.14615865  
-0.00067115283  0.0069066542  0.55699812  -0.41749344  0.51334081  0.0066838736  0.033483772  0.49814890  -0.0061004181  -0.010690005  
-2.0533480e-05  0.043322539  -0.014930162  -0.0060220078  0.022776332  -0.096136975  -0.050551554  -0.013879348  -0.95442469  0.26803067  
0.0013325933  0.093675418  0.0059838226  -0.051551652  -0.020768852  0.042177869  -0.15619451  0.0036520038  0.27212040  0.94077882  
