0.99888688  0.00039103099  0.0054597156  0.0022326783  -0.0011747267  0.00047461824  -0.0029420930  0.0053042932  0.0046500165  0.0023659316  
-0.00030858091  0.99857093  -0.019436620  -0.0073251260  0.00034412654  0.013500509  -0.0022032648  0.0080456884  -0.0015713680  9.8394211e-05  
-0.0050894837  0.017810368  0.98162129  -0.18066544  -0.032124267  0.00019154568  -0.0044879634  -0.0047071667  0.013432076  0.00083011282  
-0.0031246151  0.010622859  0.18126548  0.98154013  0.028347115  6.2316369e-05  0.010299151  0.0013192226  0.00066258476  -0.014989555  
0.00055267128  -0.00052667619  0.026135510  -0.031688491  0.98709734  0.00070805120  -0.14537484  0.012039895  -0.021269092  0.0075101410  
-0.00064716826  -0.013876898  0.00029085016  0.00019292682  -0.00067063681  0.99827636  0.0044543921  0.030735214  -0.0052035108  0.015035404  
0.0034534776  0.0020016287  0.0072837946  -0.016433208  0.14264615  -0.0043476194  0.98435213  0.010656191  -0.076957583  -0.042735507  
-0.0053381981  -0.0076022294  0.0040909164  -0.0015542153  -0.013643994  -0.030727465  -0.0090034135  0.99823294  0.00081592153  0.00024007939  
-0.0045059102  0.0014180161  -0.012313898  0.00072606739  0.032547058  0.0039538481  0.075676293  0.00043575282  0.99373470  0.059018583  
-0.0018272282  0.00025995342  0.0027470459  0.014544117  -0.0027683102  -0.015380185  0.038886853  -0.00035739549  -0.061813986  0.99593047  
