0.99776057  0.0028164896  -0.0014113489  0.00023242760  0.016498709  0.0030170978  0.0060316340  0.0052359177  0.00083679785  0.0013227592  
0.0010933355  -0.90465058  0.0036813509  0.0011487466  -0.018449539  0.39274202  0.070494523  0.00087987867  0.014853920  0.13279619  
0.0010115978  0.043593849  0.95125372  -0.28476084  -0.010693525  0.081921400  -0.0014578000  0.015776281  0.0045980211  0.030068115  
-0.0010254473  -0.0057072650  0.28557070  0.94233581  0.046798704  -0.013682989  0.073456659  0.019247056  -0.12883069  -0.031637552  
0.016868222  -0.026122510  0.012673381  0.040843011  -0.98976379  -0.099667398  0.025932986  -0.038682258  -0.0046489532  -0.032751691  
0.0025158454  -0.39400254  0.082456686  -0.048030636  0.096399805  -0.70861041  -0.053055466  0.027711391  0.070028764  -0.55813740  
0.0072285170  -0.052812046  0.021393208  0.071494027  -0.016978822  0.027768168  -0.96579946  -0.21598276  -0.036866529  0.072967283  
0.0031697696  -0.010590880  0.010538743  -0.039447365  0.047531246  -0.038809694  0.21284834  -0.93727565  -0.25585493  -0.029042343  
-9.9818930e-05  -0.024733201  -0.034333737  -0.12432465  -0.010306234  0.022287612  -0.037850674  0.25729364  -0.94779671  -0.10917077  
0.00023098297  -0.12609733  0.026714149  -0.0087878970  0.033778313  -0.56553056  0.045471767  0.038413501  -0.094080839  0.80330136  
