0.99855294  -0.00077960440  -0.0098392372  -0.0012936090  -0.00074605355  -0.00033778610  -8.6034383e-05  -0.00051971542  0.0056184740  0.0020450570  
-0.00075012757  -0.99781321  -0.0078240453  -0.00046244276  0.0046971224  0.00049727501  -0.032593857  0.00063874009  -0.014906370  -0.013466552  
-0.0099106187  0.0079021180  -0.98915611  -0.12880222  0.040551542  0.0087576473  0.0066194070  0.0039461547  0.0023696914  -0.00046340936  
0.00011636715  -7.8488697e-05  0.12970753  -0.97948265  0.026993343  0.14015125  -0.013809647  6.8065367e-05  0.0027261748  0.00063429374  
-0.0011625509  -0.0052595561  -0.037297124  -0.019115533  -0.99259598  0.097150592  0.028415961  -0.013975748  -0.0038938119  0.0075688292  
-0.00051653206  -0.00067392874  0.0061856663  -0.14250108  -0.094011102  -0.98361222  -0.0023338539  0.017957732  0.0015058939  -0.010347654  
0.00016432398  -0.032317560  0.0083335315  -0.012836455  0.030536170  -0.0069928098  0.98082566  -0.16830064  -0.033515111  0.057338068  
0.00034354717  -0.0055795695  0.0049326003  0.00075781290  -0.0072660583  0.017835420  0.16762976  0.98351724  0.013684711  0.031118359  
-0.0058380308  -0.019572391  0.0011647378  0.0022312583  0.00044421426  -0.0052163165  -0.0090795049  -0.027375767  0.83574873  0.54525120  
0.0012938118  -0.00085144828  -0.0018035018  -0.0015466434  0.0056547410  -0.0099071084  -0.068610624  -0.0069366910  -0.54500059  0.83378183  
