0.99839820  0.0014317267  -0.0066107525  0.0010202009  -0.0022390978  0.00045732636  -0.0019157008  -0.0011937249  -0.00016276082  -0.0011969574  
-0.0014292710  0.99828262  0.0019644260  -0.0069290955  0.0015722290  -0.015577865  -0.0016654174  0.0038322988  -0.0011758490  -0.00087885816  
0.0066611630  -0.0020389730  0.99829943  0.00011471726  0.00081307826  -0.0036775030  0.011386143  0.0012753681  0.00094293797  -0.00044111550  
-0.00098807062  0.0067102029  -0.00015531001  0.99787153  0.014139972  -0.017602141  -0.0080376901  0.00058864161  0.0077176598  0.0030012658  
0.0023021426  -0.0022305328  -0.0012444538  -0.014176511  0.99763266  -0.029839805  0.025477522  -0.00014374844  0.0038835421  0.0018694588  
-0.00047096466  0.015583855  0.0038841725  0.017119098  0.030119001  0.99762573  -0.0011490343  -0.013076011  0.0018793559  -0.0031908195  
0.0017743308  0.0018375976  -0.011367250  0.0083391202  -0.025303843  0.0018795045  0.99791822  -0.0021528314  0.0041720850  -0.0022139130  
0.0011777666  -0.0036015678  -0.0011942132  -0.00054566988  0.00046385862  0.013126292  0.0021621963  0.99801633  0.016780711  0.017698958  
-0.00020135806  0.0010803078  -0.0010425845  -0.0074281504  -0.0038557869  -0.0021039276  -0.0041624983  -0.015488977  0.99555080  -0.072788614  
0.0011663573  0.0010681568  0.00041293935  -0.0033965425  -0.0023348034  0.0028974294  0.0019245142  -0.018826562  0.072506379  0.99548381  
