0.99790237  0.00021033848  -0.012887327  -0.0059547487  0.011150260  0.0020219518  -0.0013121244  -0.0016947543  -0.0017125693  -0.00065146601  
0.00024360293  -0.98580053  0.010573440  0.015502722  -0.012974604  0.015417585  0.10630136  -0.011776371  -0.10949851  0.015025316  
0.0071433215  0.0087648876  0.64245939  0.59328806  0.44607440  0.018870360  -0.019926114  0.17486719  -0.019112623  0.012281974  
0.014962058  0.020120774  0.46633557  0.18634312  -0.76405739  0.012154041  -0.012071417  -0.39834371  0.011334781  -0.0082340669  
8.8966545e-05  -0.0039447869  0.57932109  -0.76671922  0.22403151  -0.010822761  -0.049080661  -0.11284729  -0.077883114  0.028671331  
0.0022039086  0.058118447  0.038136525  -0.021963790  0.0017705097  -0.070309050  0.73601476  0.0046787113  0.26525313  0.61144007  
-0.00099601678  0.080465799  0.024892194  -0.034856916  -0.019960183  0.69957875  0.50226543  0.064892175  -0.20623258  -0.44563954  
0.0072420196  -0.00075826851  0.14904325  -0.12198367  -0.40194595  -0.076684040  -0.031730484  0.88430359  -0.079291569  0.044747319  
0.00089326404  -0.11729875  0.046707549  -0.058965834  -0.0098688477  0.40633603  -0.24007978  0.085245275  0.86320418  -0.033626595  
-0.0021871990  0.017663468  -0.059009620  0.026857062  -0.016007696  0.57428334  -0.35916339  -0.019652808  -0.33585223  0.64749579  
