0.99860492  -5.9929562e-05  -0.00087609830  0.0021135768  0.0087704772  0.00072296386  0.00036113740  -0.0042993230  0.00036974700  -0.0013412668  
0.00021993162  -0.92465192  -0.0010192052  -0.0077472276  0.0072997714  -0.31846365  0.13701736  -0.0081612996  0.055958121  0.13708284  
0.0014683454  0.00067075873  -0.62290896  -0.36991111  0.20309362  -0.013032943  -0.040021535  0.65112854  -0.059684068  0.041832513  
0.0083494105  0.0083090373  -0.18599787  -0.29654166  -0.93055815  -0.0041545414  0.035348975  -0.048365024  0.068956546  0.011922102  
0.0010713652  -0.0057142362  0.54369632  -0.82145728  0.14833659  0.027844530  0.0043551788  0.0025375477  -0.062612701  -0.0027973738  
-0.00025195556  -0.28364248  0.022878897  0.022565986  -0.00085017642  0.88799437  -0.097570892  0.067838594  0.31218067  0.12457534  
-0.00050687290  0.17767982  0.022511123  -0.048893322  0.086651617  -0.25873824  0.17215568  0.053893716  0.92398535  0.044662033  
0.0053416867  0.011764869  0.52648024  0.30738299  -0.24416704  -0.064690861  -0.00022508436  0.74800835  -0.038716772  0.023757909  
-0.00038519922  0.094930731  -0.020320710  0.012819040  0.025415207  0.16942575  0.95505319  0.018106564  -0.15785339  0.14443544  
0.0012270185  0.14454808  0.016940447  0.0081346782  0.00037792954  -0.080283726  -0.15590353  -0.058650662  -0.064666324  0.96839042  
