0.99758019  -0.00092282780  -0.013761702  -0.011615993  0.025552597  0.0041336347  -0.00027754153  -0.017596240  -0.00066060686  -0.0020933010  
5.9557325e-05  0.99738722  -0.023656308  0.013213595  0.020290465  0.0090600112  -0.0049202448  -0.011609130  -0.015154439  0.0028017616  
0.025629004  0.020812399  0.14313468  0.092780302  -0.97327657  0.021143092  0.0062777411  -0.12925939  0.032043882  0.015839870  
-0.0064680791  -0.019082485  0.047281294  0.73389057  0.16309364  -0.0065505063  -0.0088444859  -0.65286814  0.027168718  -0.023014118  
-0.0085266075  -0.023264932  -0.97610492  0.11014386  -0.13745133  0.031458109  -0.080681204  0.017178134  -0.055864736  0.032599603  
-0.0035363982  -0.0034403339  0.012078169  0.017431357  0.027321814  0.93244093  -0.066694763  0.036441904  0.32954317  -0.10551380  
-0.00018040021  -0.0030024169  0.061071322  -0.018482663  -0.013992583  -0.052386432  -0.83663033  0.0020512512  -0.18330756  -0.50476549  
0.022898837  0.0028796880  0.090226318  0.65874380  -0.021764606  -0.042633512  -0.015592004  0.74175645  0.0056000189  0.018798385  
0.00010830331  0.015901884  -0.082202931  -0.023502703  -0.0026511120  -0.33378021  0.090953119  0.018142966  0.82846745  -0.42600581  
-0.0011847579  -0.0026938111  -0.035108434  0.024570976  -0.025445563  0.096047472  0.52509759  0.020132176  -0.40203802  -0.73935348  
