0.99846049  8.6901745e-05  -0.0041653116  -0.0054879860  0.0040936789  -0.0033460816  -0.0037771213  0.0023199196  0.00017640611  -0.0020810297  
-0.00036044619  0.99385633  -0.011419824  -0.029412135  0.0010446223  0.050911655  -0.0050362200  -0.021971107  -0.013754669  -0.071195610  
-0.0038484174  -0.013875596  -0.98316235  0.037477931  0.028967634  -0.0044177385  -0.046553455  -0.14443016  0.066658092  -0.019676092  
-0.0061436808  -0.026676549  -0.033127625  -0.98567624  -0.0057442350  -0.048408568  -0.080930445  0.050879747  0.10313749  -0.027476914  
-0.0043030823  0.0049149763  -0.019609102  -0.0076674058  0.95709192  0.020093414  0.081106253  0.25988021  -0.069518981  0.032065884  
-0.0040656530  -0.020416942  0.0036082040  0.043265689  0.018808307  -0.63341248  -0.12927916  0.055571921  -0.21009286  -0.72777014  
-0.0028453383  0.0095380407  0.075176109  0.065074638  0.12683199  -0.037083670  -0.95015860  -0.17565055  0.027525704  0.18715899  
0.0018147281  -0.019828985  0.11816945  -0.083731492  0.22411994  -0.062390790  0.20092456  -0.92247121  -0.17286559  -0.00018828283  
0.00034268928  -0.028128674  0.094079678  0.081879017  0.11442854  0.19760367  -0.010491913  -0.14317354  0.85579631  -0.41880921  
0.00079449771  -0.081961750  -0.015120294  -0.051022995  -0.015508697  0.73900244  -0.14645402  -0.0038794129  -0.41201578  -0.49981460  
