0.99904776  3.9515023e-05  -0.0014943071  -0.0012397232  0.00079358569  0.0014518546  0.0033773257  0.0017659159  -1.3230088e-05  -0.00012706984  
0.00031381809  -0.90873391  -0.015652846  0.0081776140  -0.012062252  -0.39120016  0.089291347  -0.010823138  -0.028890034  -0.099361843  
-0.0016367173  -0.013389471  -0.17230629  -0.15481512  0.96391500  0.014220420  0.049437687  0.11214485  -0.0066759430  -0.0024575479  
-0.0013319387  -0.011678622  -0.12397159  -0.97431688  -0.17872644  0.018338673  0.016111042  -0.0093133445  0.022460643  0.0038435399  
0.00075154454  -0.015584005  0.96142344  -0.14709277  0.12460124  -0.0035354386  0.035942975  0.18388251  -0.037407949  0.0013347970  
-0.00059326995  -0.40435803  0.0021127256  0.019491510  -0.0081257788  0.87281225  -0.25193248  0.056830905  0.074360147  0.0098836399  
0.00050986484  0.028942333  0.037112717  0.0077419966  0.020162925  -0.10342150  -0.13071874  0.019187312  0.94838478  -0.26038131  
0.0017582346  -0.020926571  0.16403615  -0.034480065  0.13622600  0.052403271  -0.00022148749  -0.97270294  0.027101568  0.037218254  
-0.0035339667  -0.016439801  -0.018108430  0.035603041  -0.050025148  0.25255945  0.95159063  0.0057952772  0.15449715  -0.022491614  
0.00031554193  -0.081720862  0.00036299254  0.0086226903  0.00087087576  -0.073790925  -0.0012508807  0.041517876  0.25637660  0.95820108  
