0.99827904  9.2104414e-05  -0.0014576972  -0.010669858  -0.0035568224  -0.0091618292  0.00027768489  0.0017449289  -0.0066360614  -0.0041962761  
-0.0019909784  0.91848643  -0.0081860639  -0.034260927  0.0085321302  0.022935245  -0.083791246  0.33328479  -0.090203031  -0.15808818  
-0.0092465073  0.012231878  0.18738519  -0.099316665  -0.75760552  -0.61273176  -0.014410686  0.0021119166  0.0091253125  -0.041088075  
0.0070162624  0.027790606  -0.45060025  0.87242347  -0.13523580  -0.10989481  0.0094748127  -0.0022618486  -0.0075590935  -0.032030112  
0.0089465095  0.0088199582  0.60506587  0.33022182  -0.38275128  0.60702634  -0.064930695  -0.0099166425  0.046307971  0.0030107837  
-0.0013535894  -0.031777991  -0.62478276  -0.33673191  -0.50244357  0.48354766  -0.023577047  0.038902523  0.052886842  0.027392500  
0.0051215309  0.037023841  0.0033598608  0.0023652170  0.048802951  -0.030982949  0.12936951  0.073009660  0.95353884  -0.24621752  
-0.0048333520  -0.35755167  0.013814345  -0.00070030203  0.017719272  0.023453724  -0.075054474  0.57984035  -0.20045528  -0.69700838  
0.0010077163  -0.037012063  -0.033977557  -0.0032919050  0.051303379  -0.048773506  -0.97898967  -0.10962868  0.13666060  -0.0068906109  
0.0023214538  -0.14308608  0.026957030  0.041176549  0.0083870919  -0.049271597  -0.061700038  0.72839653  0.12353342  0.64925527  
