0.99870132  -0.00083173552  -0.0042207592  -0.0024971087  0.0022311700  -0.00069942374  -0.0071691943  -0.00057285267  0.00047833546  0.0012099333  
0.00089174083  0.99849940  -0.0074641713  -0.0030767807  0.0029671384  0.016976085  -0.00030419288  -0.0015790611  0.0013224938  -0.0010737084  
0.0042285252  0.0075016987  0.99863748  0.00047753406  0.0062931987  -0.0034876412  -0.0016058053  2.4923159e-05  -0.00028833259  -0.00039059729  
0.0024967330  0.0029878431  -0.00017065939  0.99827911  -0.016865244  0.012391063  0.0051891006  0.0040541963  0.0022960140  0.0068427748  
-0.0023251323  -0.0039705825  -0.0059743637  0.016416028  0.99699349  0.056822094  -0.014948172  0.00080722752  0.0039338182  0.0038999719  
0.00078079114  -0.016727860  0.0039104424  -0.013440634  -0.056504924  0.99662113  -0.0026170017  0.020916283  -0.00032487693  -0.0018810347  
0.0071317497  0.00015054621  0.0014892817  -0.0050292353  0.014906238  0.0034371074  0.99851270  0.00056462458  -0.0072654846  0.0012288628  
0.00061622309  0.0018849398  -0.00010730323  -0.0039322332  0.00032658613  -0.020915643  -0.00032172094  0.99763088  0.041789012  0.0024857089  
-0.0011779367  -0.00057954891  0.00055392873  -0.0056551767  -0.0053827719  0.0017241372  0.0049092152  -0.036179693  0.83138439  0.55224283  
-0.00068227470  0.0016335261  0.00019649454  -0.0045352558  -0.0010562375  0.00082810026  -0.0048086590  0.021073779  -0.55183857  0.83214510  
