0.99904194  -0.00073037489  -0.0032517867  0.00020992629  -0.0012429688  0.00011039716  0.00061653170  -0.00038236339  0.0010753924  0.00024976753  
-0.00076467383  -0.99888152  0.0010656634  -0.0031673232  0.010343051  -0.0039067503  -0.011243426  0.0030306885  -0.0037018982  0.00098421986  
-0.0030049834  9.5689623e-05  -0.98324350  -0.087496389  0.063668953  0.021647897  0.012304981  0.13729678  0.0034161696  0.0065193805  
0.00059700753  0.0041770309  0.082508316  -0.98562870  0.10633535  -0.017370023  -0.0091529504  -0.083882421  0.020439588  -0.013003292  
-0.0013906463  -0.010157513  -0.036301431  -0.12015301  -0.98210311  0.036330390  0.058277912  0.10872593  -0.031616516  0.012495181  
0.00010288640  0.0017845059  -0.021241004  0.0074308517  -0.016500096  -0.95486237  0.22236354  -0.0060378257  -0.18694095  0.033151439  
0.0010193613  0.0020091632  0.015100716  -0.022764189  0.055195951  0.22144937  0.13726242  0.037868214  -0.95146088  0.13958938  
-0.0010940030  -0.0042869687  -0.14857701  0.058146397  -0.10797083  0.019795819  -0.0034406732  -0.97906110  -0.044677331  0.0013537448  
0.00068210445  0.011636586  -0.018400989  -5.6387479e-05  -0.055824680  -0.18619328  -0.95873728  0.017238468  -0.19278456  -0.055236151  
0.00033902662  -0.0014512381  -0.0058209351  0.0079697945  -0.0031961400  0.010334171  0.081466008  0.0062236810  -0.13081508  -0.98677739  
