0.99845517  0.00056930993  -0.00053490050  0.0026156170  -0.00051131331  0.0015113483  -0.00064024016  0.0021961472  -0.00049035639  -0.00077246028  
-0.00042760039  0.99793394  0.00089196710  -0.019436362  0.014852763  -0.0018128587  -0.00066864143  -0.022419058  -0.0018849672  0.0035974865  
-0.00087845308  0.0047981552  0.58619000  0.73611315  0.20013653  0.0050408478  -0.0077825753  -0.26541984  -0.021152038  -0.0088737535  
0.0025077296  -0.016732259  0.74749225  -0.64910673  0.060836213  -0.025635304  -0.030592919  -0.10395221  0.015206664  0.010751787  
-0.00044051954  0.013233643  0.14762430  0.096683041  -0.96900274  0.034043816  0.076612609  -0.13855612  0.018925980  -0.015579764  
-0.0013803229  0.0010474451  0.013900014  -0.018552388  0.033201683  0.99075120  -0.0061793635  0.013345478  0.088545501  0.075809814  
0.0010542886  -0.0024840146  0.0020970372  -0.027126693  0.078928318  -0.0057117134  0.98449045  -0.043886519  -0.013889945  0.13680437  
0.0021243971  -0.025017313  -0.26700491  -0.15020475  0.074408962  0.020985709  -0.048479744  -0.94132447  -0.086371262  -0.029776807  
0.00089779133  -0.00047419262  -0.026776699  0.012828856  0.025011587  -0.091198276  0.0012377383  -0.086796567  0.98858900  0.047996400  
0.00075675757  -0.0036069626  -0.0085823442  0.015374279  -0.026755805  -0.069711178  -0.13618237  -0.022441706  -0.055787931  0.98416001  
