0.99891045  -0.0021714697  0.0052378282  0.00059015872  -0.00098569199  0.0023319056  0.0032679609  -0.0076885505  0.0044230171  -4.7155324e-05  
0.0022015700  0.99885507  -0.0026457482  0.0068554098  -0.00067249963  -0.0094403191  0.00011076964  -0.0054424846  0.00059634433  -4.1985546e-05  
-0.0071889809  0.00061596396  0.95525176  0.045864648  -0.048106248  0.0090635322  -0.012007044  -0.28390439  -0.00071401760  -0.00010488084  
-0.00012188175  -0.0067775145  -0.038528491  0.99721197  0.027921133  -0.00071982929  -0.0054785911  0.027042934  0.00097976894  0.0093424829  
-0.0010522542  -0.00062964704  -0.026955398  -0.021447890  0.96078563  0.0055977951  -0.066878289  -0.25366798  0.068251020  -0.0050261766  
-0.0020194741  0.0097816221  0.0099427888  -0.00080265846  0.0085103668  0.99617985  -0.0039332787  0.063872520  0.035382202  -0.0058020267  
-0.0032636314  -7.4022198e-05  0.010110570  0.0040502291  0.067358981  0.0059267374  0.99399660  -0.018373211  -0.033043846  0.058088837  
0.0060079467  0.0055289134  0.28790270  -0.020880007  0.25041159  -0.064438644  -0.0020573951  0.92060362  0.0087437577  -0.00021568859  
-0.0044897241  -0.00093640951  -2.1057153e-05  0.0014667000  -0.066098566  -0.035446682  0.041322595  0.0062492231  0.99345556  -0.060481558  
2.4508931e-05  0.00010792828  -0.00014388914  -0.0096082288  -0.0032593895  0.0033254074  -0.055792645  0.00045766419  0.062863900  0.99526628  
