0.99827319  0.00014731597  -0.0041580106  -0.00087410224  6.5283998e-05  0.0031741174  0.0036884117  0.0016333076  0.0011751886  0.0026130604  
-0.00012415619  -0.99066544  0.021900684  -0.019596946  -0.026070553  0.037282186  0.067680932  0.016536875  0.073405418  -0.045348758  
0.0019342158  -0.0088697751  0.36967694  0.90933193  -0.052857824  0.029553511  0.046144744  0.14125535  -0.071475022  0.040574748  
0.0042652262  0.026391223  0.90504679  -0.33525825  -0.13330295  -0.053815585  -0.085247940  -0.17242510  0.064530829  -0.046802189  
0.0016500604  -0.031222253  0.016009619  0.14941782  0.69604319  -0.042500163  -0.029735159  -0.69437924  0.042947499  -0.038498775  
-0.00055957634  -0.053882662  0.043692919  -0.076207072  0.058067798  0.65306492  -0.30074400  -0.034366988  -0.64150634  0.23090976  
0.00059231194  -0.056011615  0.036422945  -0.074814619  0.025841112  -0.57914332  0.38174975  -0.024820642  -0.63157658  0.32464406  
0.00022155946  0.0018851784  -0.17452098  0.12982712  -0.69476359  0.038734056  0.042317294  -0.67972359  -0.027681318  0.018807418  
0.0017719674  -0.074555753  -0.051346739  0.051648935  -0.036473190  -0.33717723  -0.69588844  0.0062470581  0.18874544  0.59241651  
-0.0049476504  0.043437022  0.058816419  -0.056332333  0.049608430  0.33600255  0.50953345  -0.021400465  0.36537977  0.69257687  
