0.99815187  -0.00071940009  -0.0057855229  0.0078092564  0.00068984381  0.0070881109  0.00049697235  0.0058603714  -0.00043461125  -0.00016275183  
0.00067600634  0.99745449  0.00059811097  7.5478056e-05  -0.038375695  0.0032868928  0.00030587648  0.0084514590  1.0241021e-05  0.00051722710  
0.0058161606  -0.0013041598  0.99705689  -0.019190570  -0.010214696  -0.011706774  -0.011690642  0.031564910  -0.014245299  -0.00084977810  
-0.0076735279  0.00031716405  0.019959078  0.99695346  0.0024063508  0.0053148686  -0.028788305  -0.025043303  0.0047997318  -0.0035042510  
-0.00062629344  0.037987674  0.0083800821  -0.0019438594  0.99588340  -0.018584517  -0.015200108  0.048231964  -0.0069230185  -0.00052627611  
-0.0067814692  -0.0023611503  0.012557521  -0.0061353421  0.019249560  0.99769529  -0.00055526099  -0.014296008  0.025492756  0.0067053901  
-0.00062591448  0.00018241645  0.012292922  0.028653133  0.014899901  0.00031821772  0.99705312  0.0069560899  -0.0048406744  0.027155024  
-0.0062559583  -0.010215906  -0.031700999  0.025466968  -0.047651366  0.016213963  -0.0065430338  0.99588049  -0.016184188  4.7665180e-06  
0.00071542101  0.00012574540  0.013293839  -0.0043131619  0.0054625397  -0.025664158  0.0044611692  0.017220352  0.99762935  0.0055023930  
0.00010555707  -0.00048571711  0.00041960953  0.0027161849  -2.4693308e-05  -0.0066447373  -0.026983967  -0.00022495047  -0.0057620835  0.99780672  
