0.99886549  0.00057283931  0.0029721685  0.0017503972  0.0015690590  0.0010205404  0.0026979788  -0.0019568860  0.00053537236  -0.0012898944  
-0.00037631748  -0.91869772  0.0092160277  0.011114735  -0.0025303902  -0.21012945  0.30603030  -0.028012520  0.0085638334  -0.12167128  
0.0010807721  -0.0070674480  -0.65017665  -0.33777547  0.098686076  0.059887747  -0.013942945  -0.66215364  -0.091878613  -0.020991587  
0.0019569909  0.0051892972  -0.039552693  -0.20211424  -0.97248652  -0.016575547  -0.0058394408  -0.016867094  0.091994916  -0.017091266  
0.0010009323  -0.0034434596  0.26429797  -0.90635518  0.16129790  -0.026077056  0.014544580  0.24427111  -0.13852836  -0.025728985  
6.4413490e-05  -0.18392132  0.022385176  -0.088707024  0.083400902  0.37106696  -0.46258142  -0.00083609623  0.67506698  -0.37586340  
-0.0016165252  0.29731879  0.083359640  -0.064324108  0.078242597  -0.63710139  0.34993013  -0.17533950  0.54598102  -0.18661328  
0.0033542745  0.033364260  -0.70001653  -0.017214043  0.031134094  -0.14881475  0.033425356  0.68093467  0.065538826  -0.11884203  
-0.00095260607  -0.0056964814  -0.064858822  -0.079057967  0.035860633  0.45737747  0.52400323  0.064407833  0.41238388  0.57267624  
0.0028757729  -0.17384385  -0.041783672  -0.050772789  0.026989844  -0.41765975  -0.53981605  -0.00058393230  0.18279184  0.68071186  
