0.99827170  -0.00043226248  -0.0036366407  0.0017125570  -0.00094154960  0.00068984982  0.00023138965  -0.0031734439  -0.00016456469  -0.00025323875  
0.00033371181  0.99698884  -0.00088216801  0.010770493  -0.0017608898  -0.011666682  0.030903301  -0.0071841391  -0.035127654  -0.00076735720  
0.0019915754  0.00033372822  0.20176709  0.16450216  0.93184828  -0.013856804  -0.049679485  0.22665509  -0.077847245  -0.012633817  
0.00060259953  -0.0050584552  0.13102919  0.77538185  -0.29557215  0.027619706  0.0048961345  0.53805283  -0.00050499557  0.0039502685  
0.0037322081  0.0048985289  0.95848361  -0.20321137  -0.15445046  0.020653867  0.042511583  -0.027051218  0.093806321  0.024053337  
-0.00090530185  0.0077943501  -0.0053943495  0.017979285  0.019020381  0.99073184  -0.014880519  -0.064501070  -0.099038911  -0.024161413  
0.00010928505  0.030569496  -0.088160219  0.0082676652  0.095476975  0.10284482  0.14053576  0.054828734  0.94055704  0.24579705  
-0.0030443654  -0.012714095  0.10572265  0.57028343  0.076555648  -0.058333587  0.042896081  -0.80370055  0.032472137  0.044329614  
-0.00032810333  -0.032004930  -0.021906174  -0.0063986636  0.039288975  0.0013016261  0.95181077  0.029142773  -0.074880487  -0.28438123  
0.00026513700  -0.016357559  -0.011199781  -0.026663723  0.0015462035  0.00085942072  0.25154032  0.032887707  -0.28138685  0.92279572  
