0.99799918  0.0011290834  -0.010958399  0.0070102986  0.0048152496  0.0018510485  -0.0015648122  -0.011582519  -0.0021288525  -0.00076998877  
0.00026216508  -0.92851893  0.019197328  0.0023050232  -0.011357144  0.27767112  -0.15438143  0.018527094  -0.073304993  -0.16411297  
0.0071789482  0.014970934  0.34869565  0.66369444  -0.40119224  -0.024859871  -0.037555795  0.51522598  -0.035039693  0.060486533  
0.014927099  0.017162986  0.77908592  -0.59132037  -0.13247798  0.017897035  0.023828728  0.13638551  0.040623879  -0.00097931141  
9.5964328e-05  0.0048667612  0.26103189  0.19799902  0.90298804  0.0055573966  -0.019638895  0.26421424  -0.050238706  0.023238279  
0.0021885193  -0.25702332  -0.019139302  0.012392402  0.015387906  -0.042726067  0.70955729  0.014985257  0.26953527  0.59276047  
-0.0010176573  0.19984989  -0.018063308  0.028374325  -0.014325359  0.66134435  0.54077047  0.065290374  -0.21128789  -0.41940702  
0.0072281260  -0.0071913587  -0.44269094  -0.40361696  -0.019950657  -0.058816294  -0.022246989  0.79180332  -0.070715764  0.026193133  
0.00092193021  0.10126668  -0.046124336  0.019286131  0.024311417  0.40977686  -0.24115095  0.087839438  0.86455766  -0.036237326  
-0.0021693608  0.13118775  -0.014515730  -0.044205244  -0.018874269  0.55456753  -0.33955469  -0.050511369  -0.33947188  0.66025052  
