0.99856808  -0.0021328594  0.0063137563  -0.00026992629  0.0019030793  0.0022245946  -0.0052859095  -0.0082780045  -9.7737238e-05  4.0611657e-05  
0.0020948416  0.99794331  -0.0074783701  -0.0033611530  0.027199515  -0.015386978  -0.0038907172  -0.011982479  0.012472385  0.00017495950  
-0.0059331864  0.015980160  0.54072098  0.39869422  -0.58208366  -0.030859189  -0.0061275910  -0.45075654  -0.048026079  0.0030996112  
3.7872410e-05  -0.0048383130  0.36467126  0.67849602  0.50930745  -0.016836231  -0.0045087132  0.37867953  0.017793397  0.018078451  
-0.00053176422  -0.012422003  -0.66200937  0.53016330  0.14199131  -0.0069578145  -0.033658772  -0.50056892  -0.072996661  -0.011503669  
-0.0033525971  0.017805168  0.011179071  0.017766633  -0.032369021  0.88346635  -0.34220579  0.048585156  -0.30540177  0.047028523  
0.00011653033  0.0044872441  0.047440635  -0.078157574  0.078448635  -0.31586561  0.019108372  0.0063666868  -0.90770979  0.24186729  
-0.0088319140  -0.021645508  0.36062895  -0.29773341  0.60839995  0.087052552  0.021655214  -0.62878391  0.051072991  -0.043583572  
0.0045548014  0.011047326  -0.021210654  0.039793477  -0.023880189  0.31496124  0.92208921  0.020545884  -0.13848726  -0.15877010  
-0.00033898467  0.0014940205  0.016209021  -0.0042612705  0.00051386153  -0.093260799  -0.16639293  0.041111339  -0.22342656  -0.95338465  
