0.99829465  -0.00033262785  -0.00056034501  0.0011337468  -0.00058789134  -0.0078854898  -0.0070281861  0.00037892342  -0.0013823011  0.00036134725  
0.00047656044  0.91923602  -0.023323770  0.013512779  0.025444951  -0.034472525  0.067632632  -0.33039693  -0.038423261  0.18391814  
0.0076758417  0.022538169  0.044733439  -0.38134216  0.15483110  0.90623559  -0.0073135875  -0.049799776  -0.013051007  -0.019427062  
-0.0021735936  -0.022885159  -0.42267863  -0.83950094  -0.076656558  -0.32091613  -0.027701585  -0.030068906  -0.037008088  0.022380179  
0.0015910996  -4.9326084e-05  -0.073563615  0.049533819  -0.96774461  0.19042568  0.088879802  -0.045628847  0.059383671  0.054944405  
0.00046704965  -0.024375061  -0.89895107  0.37181450  0.12447704  0.18161506  -0.010172506  0.0083197901  0.022118609  0.019968677  
0.00069091349  -0.070251366  0.021059832  -0.033179331  0.063998687  -0.017272649  -0.098944862  -0.19623903  0.94167242  0.22488506  
-0.00043430945  0.33537291  -0.033785633  -0.030752859  -0.059482356  0.0015047700  -0.15542847  0.44096357  0.28577078  -0.76027003  
0.0068785587  -0.060666766  -0.017204961  -0.026342016  0.080962658  -0.025053599  0.94574748  -0.11801365  0.12324688  -0.24764136  
-0.0014723308  -0.17003353  -0.0036980312  0.046101550  -0.021329793  -0.030495420  -0.23360440  -0.79687098  -0.076960531  -0.51813967  
