0.99805009  0.0016892903  0.0029451483  0.00024419241  0.00094088610  0.0027442879  -0.0066516343  0.00093766922  -0.00040085214  -0.0014154414  
-0.0018418629  0.99784310  0.0078373155  -0.0052394085  -0.011085456  0.012099817  0.00060818793  -0.0030883835  -0.0011801797  0.0010493992  
-0.0031138417  -0.0076601662  0.99778098  0.0030265151  -0.00063511975  -0.0010841506  -0.015990278  -0.0031204115  0.0010878729  -0.0012531553  
-6.5981233e-05  0.0056775149  -0.0025920464  0.99669486  0.017942541  -0.034072914  0.027551434  -0.0055447708  0.0021366608  -0.010824911  
-0.0016064447  0.010280809  -0.00054702200  -0.013881572  0.99376205  0.070891511  -0.054845687  -0.0059757541  0.0077640608  -0.0056470073  
-0.0029847120  -0.012640252  0.00024169359  0.037059144  -0.073266395  0.99286616  -0.059113606  -0.0040838992  -0.0092130008  0.0029171997  
0.0063488322  -0.0010835449  0.016047967  -0.026032548  0.050077057  0.063888126  0.99415658  -0.0061538600  -0.00043551303  -0.0016098553  
-0.00080249781  0.0030457624  0.0030321167  0.0056502701  0.0060929432  0.0046130025  0.0055980323  0.99773830  0.0024886217  0.016950121  
0.00040569760  0.00096358204  -0.00087102026  -0.0014676796  -0.0083210776  0.0086921165  0.00022125815  -0.0028578479  0.99749465  0.029178433  
0.0016547291  -0.00097284361  0.0012387665  0.010563048  0.0063902028  -0.0028804475  0.0013553445  -0.016941276  -0.029193686  0.99730354  
