0.99808516  -0.0022865997  -0.0045306470  -0.0029332329  -0.0028152870  0.00047390679  -0.00051915458  -0.0054977103  -0.0055396595  0.00056836323  
-0.0021603076  -0.91454411  -0.016433467  -0.010605618  0.016870269  0.37310959  -0.030676685  -0.023978308  0.084287339  0.10719536  
-0.0045036202  -0.0022136185  -0.97170974  -0.047174987  -0.10621891  -0.036635627  -0.16123405  0.090706755  -0.0011230871  -0.054384851  
-0.0035470402  -0.015072795  0.035164276  -0.98105000  -0.10261624  -0.051872552  0.10650271  -0.079713611  -0.029979694  0.013980386  
-0.0047231495  -0.0034821292  -0.015751891  0.15635499  -0.81387301  0.013265019  0.29344957  -0.45750471  -0.064662070  0.095807428  
-0.00031722679  0.37333180  -0.081816443  -0.043884597  0.12171198  0.89356018  0.13625018  -0.098726638  -0.024192654  0.077552279  
-0.0048268160  -0.11161729  -0.017087612  0.029984911  0.077814726  0.011051930  0.15023286  0.063514690  -0.95461969  -0.19628789  
-0.0038027055  -0.032616494  -0.11406499  0.019258290  0.46124734  -0.13928664  -0.046334994  -0.86039045  -0.0043271396  -0.085190198  
-0.0014933595  0.038618146  0.17290290  -0.056111295  -0.27953029  0.17960372  -0.80558381  -0.11864915  -0.077274267  -0.42691052  
-0.0022098321  0.071262533  0.019805464  -0.018642738  -0.0027458031  -0.051868770  -0.42369972  -0.059650186  -0.25719195  0.85932400  
