0.99808012  -0.00080098229  -0.00030336130  0.0012319695  -0.0026390732  -0.0023441150  0.0070748269  0.00061791570  0.0012510919  -0.00045447562  
0.0021428114  0.90201768  0.017931027  -0.0073342591  0.0026174042  0.39815841  -0.044407037  0.0022134719  0.0089086213  0.14753714  
0.00063395520  -0.0083872060  0.82461421  -0.48796263  -0.094455808  -0.025739842  -0.029802630  -0.25800044  0.027205666  -0.0083395469  
-2.2294434e-05  0.0043700587  -0.53561086  -0.55973548  -0.28460727  0.017687187  0.032163896  -0.55829518  -0.037034240  -0.010515092  
0.0026719189  0.0086960518  -0.086685828  -0.26211367  0.94841277  -0.021099673  0.037216568  -0.13390747  -0.017559824  -0.00042183603  
-0.0022713237  0.39892472  -0.019491872  0.0041380820  -0.018481041  -0.67437519  0.080026588  0.013548556  0.12050381  -0.60041832  
-0.00028165855  -0.053340152  -0.040204694  0.021978033  0.018498109  0.057722542  -0.13118372  -0.065530163  0.97957328  0.078614060  
0.00064880154  -0.013975342  -0.13324586  -0.61134565  -0.067776568  0.015914240  -0.082043220  0.76835628  0.048863771  -0.0087792811  
-0.0071293203  0.0079196186  0.030482775  -0.036150907  -0.032361067  0.044288075  0.97799936  0.070660692  0.12698272  0.11303291  
-0.00045350928  0.14221227  -0.018966821  -0.012196616  -0.017147992  -0.61352442  -0.059742606  0.0047702542  -0.025788797  0.77107399  
