0.99869915  0.0012892199  0.0061018133  0.00040888336  -0.00014843354  0.0014798001  -0.0095649815  0.0011809407  -0.00068161151  0.00037767116  
-0.0013345727  0.99862145  -0.011822290  0.0039037605  0.00045387925  -0.0075789978  0.00059771765  -0.0026470963  -0.00020682420  -0.00065928566  
-0.0060806625  0.011747873  0.99860147  0.0073022611  -0.0078384065  0.0037204703  0.0026589000  0.0014383388  0.0016734329  0.0012385235  
-0.00021635512  -0.0042879431  -0.0073745697  0.99775468  -0.025705474  -0.033739394  -0.0048307677  -3.5424583e-05  0.0018401260  -0.0016325305  
0.00081401447  -0.0038136166  0.0085960537  0.0075603420  0.88893349  -0.45500343  -0.0015306464  -0.0040972983  0.00019196648  0.0010324116  
-0.0012417144  0.0062712806  -0.00033666966  0.041779623  0.45434503  0.88838891  -0.0023522709  -0.0070442745  0.00015435710  0.0022101891  
0.0096050708  -0.00061379401  -0.0025901748  0.0048058856  0.0022922970  0.0012111436  0.99854349  -0.0060444388  0.010245823  -0.0034547896  
-0.0010997163  0.0026590871  -0.0013449658  0.00029010105  0.0068966651  0.0044080007  0.0057188926  0.99785572  0.021632335  -0.035690395  
0.00062637657  0.00015873734  -0.0015804779  -0.0018159450  -0.00037778127  -9.1982284e-05  -0.010087672  -0.021093043  0.99839449  0.012819769  
-0.00031281825  0.00072908089  -0.0012794519  0.0015764920  -0.0016802306  -0.0014578212  0.0037969141  0.036015998  -0.012047413  0.99797339  
