0.99841537  -0.00048419092  -0.0018006124  0.0022964158  0.00028114987  0.00091791856  -0.00034519845  -0.0015968917  0.010108453  -0.0015438518  
-0.00094420417  -0.99506955  -0.053498732  0.040855091  0.035607529  -0.0033468443  0.0073847174  -0.020293753  0.016498814  -0.0048229966  
-0.0020203527  0.049545542  -0.96956703  -0.033994324  0.056933493  0.060813551  0.0075306382  0.20604294  0.057173912  -0.015107003  
-0.00010437527  -0.020448485  -0.11455568  -0.73771241  -0.26201423  0.015634605  -0.013290619  -0.60477354  0.059885184  -0.017536521  
-0.0016904096  0.041674333  -0.024957845  -0.0013756138  0.90536537  -0.047506598  -0.15204130  -0.37848278  0.073875423  0.017212242  
-0.0014613224  -0.0019156766  0.051413891  0.055917630  0.016970189  0.99090586  -0.068609001  -0.054101394  0.034933409  -0.019007892  
0.00013217212  0.013798828  -0.0011139243  0.010547833  0.12962133  0.061213536  0.98301447  -0.091415098  -0.010912066  0.031932342  
-0.0027954745  0.040566106  -0.18092820  0.66687217  -0.28818451  -0.061274370  -0.026639846  -0.65583500  0.0082620964  -0.016846975  
-0.0096785064  0.011284800  0.063721895  0.038355194  -0.054387935  -0.033031841  0.022223463  0.058306534  0.98760321  0.085821175  
0.0022579822  -0.0058802638  -0.024225703  -0.0046379065  -0.023337861  0.020800668  -0.032745455  -0.015419911  -0.083690609  0.99334976  
