0.99791388  -0.0011126110  0.0049857270  0.0012030776  0.0020037485  0.0036994981  -0.0030951963  -0.0050508998  -0.0031430467  -0.0031422016  
0.0011034142  0.99773548  0.012627082  -0.0077827594  -0.0030100217  -0.0051348163  0.010923969  -0.0013900629  0.0064149610  -0.0010293527  
-0.0049431187  -0.011427193  0.98875693  0.11665138  0.038933834  0.0021190110  0.00069993210  0.042892589  0.00070995242  -0.016181852  
-2.3401305e-05  0.0095420470  -0.12238673  0.98370416  0.052810791  -0.0083637283  -0.0047098088  0.098685861  -0.0021523437  0.0033220804  
-0.0028390369  0.0045863848  -0.030126468  -0.050451528  0.97768668  0.076982947  -0.025271625  -0.057044017  -0.16364974  -0.0021900984  
-0.0020736287  0.0029055789  0.0035616828  0.012026339  -0.10935427  0.86428490  0.31810106  0.017642425  -0.30958561  0.19814358  
0.0020486096  -0.0087236125  0.0035418011  0.012375468  -0.016132483  -0.42062625  0.80924323  -0.11265890  -0.38390050  -0.063957773  
0.0055339425  1.0832962e-05  -0.032307340  -0.10553903  0.050963468  -0.056675592  0.090205309  0.98410749  -0.040630192  -0.013564459  
0.0018655374  -0.0089513227  -0.010861435  -0.00062469739  0.12802137  0.20103805  0.46108063  -0.0088909069  0.79857277  -0.29765357  
0.0048349397  -0.0032162129  0.013119815  -0.0050543210  0.066746337  -0.14924865  0.13671547  0.00019896187  0.29422008  0.92912123  
