0.99810566  0.0018989004  0.0086450139  -0.0017841384  -0.0012466678  0.0014590508  -0.0020378277  -0.013089888  0.00058833708  0.0022355981  
-0.00071511710  0.93836115  -0.026726046  0.022275057  -0.0062038680  -0.24816425  0.14229164  -0.022972220  -0.095187013  -0.15202105  
0.0013375793  -0.036554907  0.10465415  0.96190330  -0.17551027  0.034017968  0.15465705  0.021571535  -0.038538672  0.015460073  
-0.0076086881  0.011862748  0.96946701  -0.12785639  -0.12909185  -0.044950631  -0.031829080  0.087849958  -0.10989682  -0.012536568  
0.0081417415  -0.00066307211  -0.18542538  -0.11587987  -0.76362564  -0.061149960  -0.11065157  0.58523418  -0.082079162  0.0036122560  
0.0028977403  -0.23347205  -0.023863721  0.039832693  0.028108234  -0.36493209  -0.096677037  -0.021531048  -0.053477666  -0.89056805  
0.00020090064  0.14240484  0.096467550  0.032674947  -0.021928682  0.22820562  -0.083572593  0.14754056  0.92263232  -0.18252094  
0.011372065  -0.012401383  0.0079109788  0.057556853  0.58046445  0.0048591923  0.15778486  0.78771123  -0.10152348  -0.0080075180  
0.00090544452  -0.098616757  -0.00030744682  -0.18396692  -0.16456640  0.25199053  0.90754211  -0.051180685  0.0084507098  -0.18852252  
0.0010668583  -0.17208210  0.010464194  -0.016064403  -0.0071249011  -0.82416240  0.27147982  -0.0011213197  0.31995526  0.33281905  
