0.99821401  0.00064870904  0.0041780490  0.0029351014  -0.0051834581  0.0033153889  0.0013437191  0.0071473040  0.0010596559  -0.0023039888  
0.00064848305  0.92038855  0.036084554  0.027933551  -0.015988612  -0.34962301  -0.044372994  -0.015043285  0.0027452792  0.15029738  
-0.0057618996  -0.025128093  0.96624367  0.19247142  0.0049800051  0.036386954  0.0038174541  0.15245157  -0.0085098562  -0.012093413  
0.0053869647  0.0065857869  0.24297854  -0.82673381  0.076126752  0.0052897690  0.027473846  -0.49474556  0.035256958  0.033613769  
0.0042624059  0.030105299  -0.026454799  0.011892400  0.98917748  0.021932974  0.021268849  0.12189870  0.016028431  -0.0058705684  
0.0039314041  -0.35101340  0.016748155  0.0011797175  0.028936804  -0.62168725  -0.094721730  0.031853213  -0.11903748  0.67943577  
-0.00089488217  -0.044310794  0.0016834329  0.051421323  -0.015133006  -0.081180650  0.14289891  -0.0048296587  0.97759887  0.094790632  
-0.0050837745  0.034408524  -0.028576617  -0.51959202  -0.10106256  0.011379327  0.040767535  0.84394200  0.026014062  0.0048010895  
-0.00094300126  -0.0091908120  -0.0030771901  0.033058207  -0.012705934  -0.16414586  0.97068436  -0.020648981  -0.15330197  -0.044999186  
-0.00090953752  0.14625678  -0.019200406  0.034318564  -0.017850003  0.67263306  0.14171238  -0.0066576950  -0.028867535  0.70705244  
