0.99823568  0.0024340134  -0.0048092848  -0.0088259188  -0.0040091032  0.0027771814  0.0013695418  0.0075290984  0.0035977546  -0.0016643449  
0.0024691173  -0.99203783  0.021023855  0.0042675043  0.029832824  0.037861260  0.010604572  0.041264554  -0.013813763  0.086915109  
0.0066037948  0.027112195  0.90700800  0.31992180  0.023521965  0.029134367  -0.20128644  0.15603400  -0.067949370  -0.0074201937  
-0.00024315842  0.018151187  -0.35315081  0.71296219  -0.082768901  0.035375147  -0.00036216002  0.59530422  0.0085722140  -0.014116816  
-0.0064876629  -0.022162429  0.021370220  -0.24287576  -0.91873554  0.047690995  -0.23286539  0.17444968  -0.073058435  -0.016590608  
-0.0023437869  -0.042058990  0.011792262  0.033543672  -0.015346150  0.65817161  0.13198335  -0.091223501  0.054282458  -0.72915161  
0.0033549594  0.023106821  -0.088739599  -0.010058641  0.097685855  0.15178264  -0.067712096  -0.021666080  -0.97356143  0.049743808  
0.0098215800  -0.039688112  -0.070939503  0.56902000  -0.28678270  -0.092477516  -0.046642430  -0.75581502  -0.021825842  0.034599095  
-0.00077750933  0.0091528451  0.18771509  0.029721933  -0.22739358  -0.13862964  0.93220772  0.055484201  -0.12632420  0.035927590  
-0.00094121705  0.082621428  0.013272280  0.018373091  -0.024997876  0.71172900  0.091241590  -0.048185856  0.13791658  0.67210080  
