0.99773618  -0.0011076851  -0.0054959343  0.0025526318  -0.00083095930  -0.0017082127  -0.0017205210  0.015012489  0.0017996071  0.0046308335  
0.0015368290  0.99394348  -0.037281675  0.0064088349  0.071793784  -0.0035568627  -0.013695847  -0.031747272  0.010289172  -0.0028672335  
-0.0067461585  -0.047388430  -0.91304597  -0.24550159  0.24269721  -0.015690971  -0.12867577  0.15093944  0.020365351  0.0019413391  
0.0058924311  0.038606330  -0.23619743  -0.25464915  -0.80113435  0.085664404  0.075784925  -0.45528355  -0.10452058  0.0012096067  
-0.00064345947  0.021616780  0.29896730  -0.88429299  0.0031704419  -0.050167627  -0.086039182  0.26694832  0.19844777  -0.059886990  
-0.0011194051  0.0013127299  0.014099803  0.023037247  0.0090513386  0.92649864  -0.12484309  0.060910989  0.24985541  0.23352459  
0.00099111295  -0.0035779897  -0.053326120  -0.13187612  0.17377458  0.0089748662  0.89102125  -0.074481012  0.091175734  0.37102009  
0.013838975  -0.058462483  0.079691196  -0.21776340  0.50343803  0.076929775  -0.14888020  -0.80150142  -0.084812312  -0.086703339  
3.1510765e-05  -0.015610834  -0.056586130  0.14989593  -0.073004013  -0.24676738  -0.072370941  -0.19852572  0.92676214  -0.0083059443  
-0.0037362291  2.6720813e-05  0.048046142  -0.029471530  -0.025539337  -0.24541493  -0.35929614  -0.046790477  -0.089685014  0.88989426  
