0.99842089  -0.0011173121  0.0026459069  -0.00022050318  -0.0023686207  0.00047839408  0.0069978246  0.0029707186  -0.0078204300  -0.0024755927  
0.0012510655  0.99819487  -0.0026338246  -0.017183913  -0.0054448924  -0.0034846169  -0.010039760  -0.0044427168  0.0032630049  0.00088286028  
-0.00070700618  0.013015244  0.74217672  0.61669859  0.23640868  -0.00093418531  -0.089666374  0.0063659303  -0.029965520  0.018519743  
0.00035594977  0.011595276  -0.53908777  0.77809377  -0.28062745  -0.00091275263  0.14001282  -0.0044757274  0.042041738  -0.0052822671  
0.0047578898  0.0023737612  -0.39305444  0.095680765  0.85433059  -0.0010939478  -0.31069713  0.015561230  -0.071542890  0.035509883  
-0.0012070561  0.0038020735  -0.0026100515  0.0033251679  -0.021518873  0.98882705  -0.039178644  0.095943256  -0.082141855  -0.039962698  
-0.0050118529  0.010815426  0.022997795  -0.026259428  0.35730562  0.051260803  0.92710714  -0.010968750  0.070217555  -0.0073124739  
-0.0031177965  0.0043367697  -0.00074122730  -0.0024640604  -0.010591794  -0.096256309  0.021382849  0.99355556  -0.0035095845  -0.0047443572  
0.0070750434  -0.0030625306  0.015090982  -0.00080308282  0.062857276  0.057368769  -0.099775348  0.0098734952  0.91558501  -0.37583211  
0.0053105432  -0.0022196737  0.0033662846  -0.012063231  -0.011790592  0.066303907  -0.020195807  0.012463584  0.37325614  0.92304099  
