0.99838608  0.00081737312  0.0013447313  0.0031274252  0.00098582189  -0.00045402162  0.0014061929  0.0012489754  0.0056637510  0.0020951722  
0.0010590903  -0.98668609  0.010292906  0.016719168  -0.022064870  0.0045939042  0.10119197  0.0036454007  -0.10799873  -0.019805241  
-0.0011949294  -0.011991497  -0.25684866  -0.039428509  0.71796325  -0.0029818082  0.082791773  0.63652393  0.033773373  -0.011840890  
0.0016843605  0.0057612585  -0.44802559  -0.34333591  -0.63764674  -0.0093198846  -0.013309139  0.52010423  -0.017885053  0.023197758  
0.0015342293  -0.0028270206  0.58079269  -0.79919645  0.083490794  0.019492665  0.079273516  0.079116313  0.022134836  -0.016178150  
-0.0026338230  -0.039561264  0.0075253482  -0.023830416  0.025689412  -0.59261384  -0.037167485  -0.019202472  0.14788917  0.78679525  
0.0046448517  0.081039286  0.037856361  -0.0064640874  0.046200163  0.14427191  -0.14813564  0.038473455  -0.92975222  0.27961861  
-0.0028412183  0.025932951  0.62157473  0.48635051  -0.24869574  -0.035951210  0.060801812  0.55303900  0.020799169  0.0034778281  
0.0017818883  -0.085006590  0.055930737  -0.036085747  0.048851200  -0.34840886  -0.87257712  0.070139997  -0.0072382297  -0.30805246  
-0.0018419340  -0.083540586  0.034580316  0.0057342091  0.015767723  0.70821618  -0.42981363  0.046187355  0.31037138  0.45077708  
