0.99897452  -0.00044145571  0.0032534139  0.0076278043  -0.0011498406  0.0065493449  0.00031377998  -0.00013064449  -0.00057088094  3.6053257e-05  
-0.00067648870  -0.92522500  0.00066150324  0.0067137647  -0.0026968957  0.010504785  0.0095372619  -0.35048427  -0.13379937  0.031293706  
0.0058573257  -0.011364757  0.14826088  -0.0059284830  -0.093277301  -0.97835826  -0.092532891  -0.010783551  0.029774226  0.013677230  
-0.0067047001  -0.013368912  -0.14330816  0.83599060  -0.52378602  0.021420385  0.022549716  0.046488482  0.026478088  0.0045997905  
-0.0034263024  -0.0064170987  0.19107709  0.54284672  0.81458345  -0.052320059  0.0064226788  0.014043739  0.015235141  -0.0023286125  
0.0046218638  -0.0024319535  -0.95358023  -0.019260312  0.22525581  -0.17447093  0.073640317  0.010354687  -0.033813720  -0.019902586  
-1.4477595e-05  -0.0079087548  -0.087097179  0.021686439  0.018714714  0.078959406  -0.99149727  -0.0064496913  0.0059087666  -0.0060555009  
-0.00029496552  0.35239241  -0.014481165  0.048406265  -0.010033496  0.0038676389  0.0059072247  -0.93301381  0.0062850048  -0.019234686  
0.00063852601  -0.12133352  -0.037757739  -0.030818402  0.012644170  0.025744190  0.011322960  -0.042733562  0.98098799  0.12502748  
0.00013857038  0.051495940  -0.016180972  0.0017659138  0.0085287830  0.0067332975  -0.0047927034  -0.0013824673  -0.12070164  0.99009330  
