0.99815250  -0.00077345096  0.00060939039  -0.00042112918  0.00033550884  -0.0012847387  0.00094385552  -0.00065894822  0.00014109106  -0.0011213600  
-0.00076149344  -0.99595035  -0.0056499961  -0.0072580869  -0.0095535398  -0.028437690  -0.032982459  -0.0036429021  0.036434913  0.031784375  
-0.00029558777  -0.011020464  0.16480702  -0.049234961  0.96079134  0.019771138  -0.014854926  0.20523632  -0.0066601086  -0.0038778121  
-0.00045981339  0.0050853415  0.049834927  -0.99408214  -0.058122775  0.0098121914  0.030953961  -0.0054088901  -0.0071427840  -0.025134310  
0.00052186323  0.0041691568  -0.96091218  -0.056575343  0.11090137  0.019631517  -0.025110347  0.23616307  -0.011506861  0.010304113  
0.0015808236  0.015116908  0.020624266  -0.013115015  -0.018995896  0.77153053  -0.34380179  -0.010141657  0.36674584  0.38406869  
0.00033307653  -0.030236585  0.012901784  0.0074259670  -0.018965810  0.31728543  -0.51316956  -0.017996397  -0.53629142  -0.58560161  
0.00072859708  -0.0017997847  0.20480623  0.018519360  -0.23671733  -0.0052238416  -0.018861120  0.94751385  -0.0073316611  0.0038066410  
0.00097823492  0.034719710  0.014995530  -0.032871822  -0.00028663375  -0.37287193  -0.54401445  -0.021105210  -0.39420333  0.63475532  
0.00051501171  -0.043692889  0.0040554446  0.018224786  -0.0039892024  0.40011402  0.56160067  0.0048229970  -0.64587005  0.31863503  
