0.99782911  -0.00065159267  0.011159877  -0.0095281364  0.0044114829  -0.0031252854  -1.0808120e-05  -0.014059109  0.00058346248  0.00064298050  
0.00076035037  0.99735260  -0.019011332  0.0028652505  -0.0086747424  -0.0092907762  -0.020153606  -0.019076763  -0.0075424074  -0.00082856900  
-0.011398610  0.018402489  0.99634678  -0.030547493  -0.0074705697  0.0048433705  -0.0048227950  -0.0087805755  -0.033737123  -0.0010958934  
0.0093113507  -0.0025571487  0.031510304  0.99641950  -0.017113186  0.0016610538  -0.026804603  0.0096814321  0.021280349  0.0079186870  
-0.0043567424  0.0091294921  0.010195623  0.014179642  0.99403053  0.0050445278  -0.034768630  0.023153834  0.076920673  0.00097291724  
0.0021238626  0.0083765413  -0.0076143242  0.0042481176  0.0054002544  0.97940370  0.079990010  -0.085602410  -0.070973621  -0.13322721  
-0.00016855603  0.020172527  0.0083070638  0.025730377  0.028817670  -0.077056184  0.99144321  -0.0015831650  0.074133933  -0.0070904418  
0.014216816  0.020047131  0.0077937309  -0.010331205  -0.023254168  0.085092031  0.0087873699  0.99392283  -0.0022203218  -0.0077962708  
-0.00075660650  0.0068281426  0.031192613  -0.025488056  -0.078832133  0.082362406  -0.064515901  -0.0064255225  0.98734579  0.040598695  
-0.00036743485  0.0020160726  -0.0013887698  -0.0063086273  0.0031660010  0.12873431  0.020778224  -0.0035719493  -0.050045679  0.98789249  
