0.99798421  0.0019203199  -0.00036984710  -0.0014810732  2.7412790e-05  -0.00091707850  3.0924511e-05  -0.00087003468  -0.0020888722  0.00016410421  
-0.0018984487  0.99678632  -0.0029731437  0.036204583  0.013045237  -0.0038468590  0.023975957  -0.0037739545  0.0071165855  -0.014710656  
-0.00042371534  -0.00078261351  -0.99402411  -0.040946807  -0.077720168  0.0020339185  0.0085095712  -0.0077916459  0.0029586982  -0.0016970106  
-0.0015161878  0.036165766  0.041222142  -0.99384325  -0.0071443981  -0.065865818  -0.0025466864  -0.0085466104  0.016416012  0.013821284  
3.7453048e-05  0.011490597  0.076942215  0.016886844  -0.98989240  -0.094596760  0.026916629  -0.021110603  0.0093708701  0.010764260  
0.00079683019  0.0081169344  0.012088069  -0.063571885  -0.094705733  0.99084570  -0.010823528  -0.011316569  0.00078421062  0.025171681  
-0.00029902266  0.024242951  -0.0072355276  0.0019896263  -0.029166074  -0.011384674  -0.98940965  0.11496810  -0.036279563  -0.030514472  
-0.00077538921  -0.0014062334  0.0048226872  0.0097685857  0.019757232  -0.010572248  -0.11620725  -0.99079518  0.0034597753  0.014956236  
-0.0020889679  0.0076806539  -0.0013828203  -0.015347343  -0.0078084366  -0.0020350392  0.033914148  -0.0067176829  -0.99605247  0.049679770  
-0.00018925223  0.014307771  -0.0036346406  0.016384615  0.012588403  -0.023257140  -0.030346165  0.019468939  0.048325611  0.99562458  
