0.99897452  -0.00074684072  -0.00037493841  0.0084556042  -0.0019859258  -0.0010329936  0.00071338180  -0.0059422240  -0.00075296913  0.00017083450  
-0.00066911124  -0.98901241  0.017389880  0.012634492  0.0097261697  0.035417969  -0.072450067  0.0056481592  0.098200715  0.056159095  
0.0011488927  0.021655105  0.97921601  0.0098965110  -0.057805478  -0.024795161  0.0046999182  0.17953164  0.032936651  0.030018361  
-0.0044624614  0.0074158919  -0.11275882  0.83286201  -0.16534611  -0.036749465  0.0026366305  0.50918064  -0.036621327  0.046132191  
-0.0063397080  -0.0067014146  0.047053799  0.17277885  -0.82190057  -0.0049330862  0.023429561  -0.53702940  0.035166876  -0.0012359741  
3.4066449e-05  -0.0069792686  0.041060217  0.055521373  -0.0038438622  0.24668961  -0.62994298  -0.016658499  -0.24274860  -0.69019441  
-0.00010228373  0.064753412  -0.021911594  -0.016453999  0.0088154107  -0.59576119  -0.69341491  -0.037168022  0.15554985  0.36283622  
-0.0070791823  0.0058791762  0.14292562  0.51813858  0.53930988  -0.038668359  0.057092625  -0.64279364  0.011497872  -0.0072035709  
0.0010625734  0.10767047  -0.026380775  0.041092915  0.019811386  0.33776135  -0.12281524  0.031111219  0.91928669  -0.090642595  
0.00045344309  0.058738832  0.016062250  0.020419661  0.012395734  0.68075876  -0.30996836  -0.048527334  -0.23715286  0.61271617  
