0.99921196  0.0012554190  0.0020096595  -1.2766046e-05  0.0034637849  0.0019273586  0.0010322340  -0.0010503363  0.00043375841  -0.00022911149  
0.0013320938  -0.97971503  0.020864381  -0.037020139  0.030934945  -0.067441382  -0.11711335  -0.039177820  -0.11990966  0.040497355  
-0.00073673414  0.016700335  -0.70036328  -0.40319470  0.50109611  0.014701143  -0.045080825  -0.27962800  0.11002446  -0.037178925  
0.0038937899  -0.033473683  -0.58720441  -0.13205218  -0.68313340  0.059431416  0.015913656  0.38156287  -0.10987512  0.082355882  
-0.00012651907  0.053051296  0.35758790  -0.80335745  -0.30380829  0.060316530  -0.00049791975  -0.32594906  -0.091926377  0.10782041  
0.00078290374  -0.0055603715  -0.016605657  -0.048765189  -0.12632435  -0.24186127  0.056419582  -0.084274265  -0.18315973  -0.93674426  
-0.00045402694  -0.12579616  0.083150435  -0.097709559  -0.10424988  0.35183259  -0.14136011  0.14837640  0.84951862  -0.26033956  
-0.00072552131  0.011376599  0.16481683  -0.39441929  0.38885384  -0.068213511  0.049674607  0.79740945  -0.13320122  -0.059939404  
0.0014526337  0.13522458  0.014186948  -0.00030341754  -0.029282047  -0.23841291  -0.95807772  0.041257430  -0.049103886  0.012771407  
-0.0016041547  0.0097744970  0.0074332048  0.064182446  0.092023888  0.86185866  -0.19699233  -0.011407670  -0.41951728  -0.16722874  
