0.99840116  0.0023861231  0.0029098285  -0.0014865624  -0.00038801801  -0.00030717754  -0.0084750647  0.0014839264  0.0012505758  -0.00072596122  
-0.0022937617  0.99833018  -0.0053419286  0.0020186587  -3.6962819e-05  0.0032460474  0.00083304944  0.0012963301  0.00076169184  -0.00065384733  
-0.0029850646  0.0055089272  0.99792151  0.016273004  -0.022967281  0.0027385328  -0.0095406983  0.0013091248  0.0011540516  0.00025920046  
0.0013714069  -0.0017310930  -0.016026124  0.99630868  0.0016265589  -0.060930938  -0.0074394235  -0.0014239070  -0.0016631074  0.00067915226  
0.00039119529  0.00031744600  0.023444359  -0.0081989138  0.99096545  -0.11698195  0.021042403  -0.0039610454  0.0015784646  0.00098654225  
0.00036104286  -0.0033746523  -0.0010141311  0.060262553  0.11740225  0.98953665  0.00086199479  0.011334936  -0.0043046019  -0.0063365408  
0.0085035456  -0.00077778151  0.0089941318  0.0078559216  -0.021122104  0.0014319874  0.99798146  -0.0041192297  0.0057891451  -0.0025841615  
-0.0014821029  -0.0013281648  -0.0014862156  0.00072327456  0.0027260253  -0.012199752  0.0037506377  0.99370800  0.035420449  -0.089036856  
-0.00086453256  -0.00041992729  -0.0013700121  0.0016364803  -0.0011828082  0.0066803632  -0.0040441057  0.0090635055  0.88941058  0.45340426  
0.0010286502  0.00078376920  0.00047136509  -0.00097980461  0.00028806107  0.0026591869  0.0051999617  0.095308191  -0.45209084  0.88502540  
