0.99888811  0.00086769437  0.0018720827  -0.0011248435  -0.00032576040  -0.00036494690  -0.0021833705  0.0022683632  0.0017753063  -0.00013797110  
-0.0010479682  0.99887749  0.00053324491  -0.0015987690  0.0012689817  0.0026482740  -0.00055812714  0.0030231582  -0.00038229762  -0.00015395188  
-0.0020291133  -0.00082763616  0.99538223  -0.069996795  0.039919266  0.0011210166  0.0022380367  0.022291320  0.0031615701  0.00012810677  
0.00081016069  0.0013400742  0.069255765  0.99611283  0.010290186  0.00018019202  0.0034692249  0.019270125  0.00031705183  -0.0021620106  
0.00035505393  -0.0011635173  -0.039215307  -0.0065055742  0.99519833  -0.0015876279  -0.057415504  -0.043268902  -0.023956924  0.00015015847  
0.00047155312  -0.0029246996  -0.0018580554  -0.00058165162  0.0026436882  0.99865803  -0.00014253262  0.026151814  0.00012777093  -0.00026050103  
0.0022828119  0.00050370631  -0.0046462996  -0.0036110482  0.057012676  0.00012222377  0.99676181  -0.0051001553  -0.0045908310  0.024816687  
-0.0021699671  -0.0030504818  -0.025278579  -0.017965737  0.042321685  -0.026309577  0.0023710178  0.99712878  0.0021814518  -1.5917959e-05  
-0.0016969096  0.00037131493  -0.0042645049  -8.2198127e-05  0.023764272  -0.00015360363  0.0018617299  -0.0033181500  0.99724599  0.054196539  
-2.9105845e-05  0.00012412152  0.00038237565  0.0024590212  -0.0028396209  0.00041395202  -0.024875651  0.00038453352  -0.054134828  0.99710397  
