0.99818680  0.00030598881  -0.0059122802  -0.0014018281  -0.0041644803  -5.1227297e-05  -0.00055838197  -0.0069887971  0.00063283614  0.00014374180  
0.00073679427  0.91505369  0.073425949  0.0047483096  0.049975294  -0.35148834  -0.034870241  0.023539855  -0.00097310607  -0.16111164  
0.0056940229  -0.072002351  0.16129091  -0.022898279  0.97016111  -0.0078587707  -0.10836822  0.098465834  0.038736304  0.019216032  
0.0025579070  0.010340550  -0.031980576  -0.79116775  -0.075627962  0.037796713  -0.017228152  0.60135936  0.0039612824  0.0066049987  
0.0043460874  -0.052759368  0.95646367  -0.11017956  -0.13152956  0.029396908  0.17189681  -0.10593897  -0.084442958  -0.024374792  
0.00056650646  -0.35493580  0.0087699003  0.033217111  -0.041325203  -0.59285655  -0.17388329  0.085647096  -0.12928206  -0.67974314  
-0.00049740760  -0.015694294  0.086626035  -0.0034410168  -0.060415361  0.069391678  -0.11478975  -0.019050809  0.96188185  -0.20358443  
-0.0067015705  -0.015084616  -0.14125862  -0.59699199  0.086870277  -0.097646192  -0.0024033481  -0.77531919  -0.0013598613  -0.040148243  
-0.00037965984  -0.022211559  0.14697516  -0.0054147036  -0.12925065  -0.12572204  -0.89782773  -0.036749752  -0.043723216  0.36397240  
-0.00043186336  0.15536599  0.0057556979  -0.0062886682  0.0054664174  0.69939356  -0.32263339  -0.055454461  -0.20971718  -0.57612313  
