0.99901399  -4.7014438e-05  0.0051818401  0.0024121880  -0.0070742268  -0.00028688456  0.00033635177  0.0068019606  -0.00018815894  0.00026198126  
-0.00024880493  -0.91718217  0.0073283025  0.015820450  -0.011633441  -0.35723126  0.036662811  -0.018991416  -0.0026918406  0.16501366  
0.0054714091  -0.0045501965  -0.98326902  -0.11008369  -0.011380167  -0.014164508  0.051341977  -0.048601130  0.11612427  -0.017487154  
0.00085913670  0.0018722482  0.099666897  -0.98186263  -0.10866852  -0.041032668  -0.080227691  0.013762401  -0.057990293  0.022983390  
0.0059641905  -0.014667211  -0.032684514  -0.090482214  0.96052176  -0.00077281520  -0.085699805  0.19009610  -0.14688940  0.033165972  
0.00034360044  0.36105246  0.0067895493  0.024619624  0.018072960  -0.58003954  0.15559298  -0.084165643  0.028238295  0.70599874  
0.00066190650  -0.010704365  0.066525691  -0.090728050  0.096451012  0.039378670  0.96958145  -0.035230041  0.020254068  -0.18081665  
0.0078419534  -0.020577725  0.036629338  -0.024049068  0.17578018  0.080795324  -0.064405193  -0.97390089  -0.070149184  -0.026214406  
-0.00093034340  0.027153933  -0.11758815  0.060673851  -0.14725287  -0.071477994  0.046137948  0.029249597  -0.97400714  -0.037504397  
0.00020481085  0.15847417  0.023988850  0.016826504  0.036183481  -0.72036132  -0.098475677  -0.036809422  0.069561175  -0.66015756  
