0.99850734  0.0025470994  0.0043529829  -0.0020271190  0.0023786539  -0.00010203985  -0.011720840  -0.00023919701  0.00069895170  0.00017472895  
-0.0024292554  0.99784961  -0.0061863397  -0.032059722  -0.014697544  0.0039046821  -0.00079364838  -0.0065439290  -0.00027319454  0.00088546478  
-0.0045939084  0.0063427126  0.99820886  0.0071208437  -0.0079712239  -0.0019188984  -0.022343942  -0.00090980936  -0.00062448466  -0.0013313319  
0.0020836104  0.031622231  -0.0076163065  0.99702633  -0.032737840  -0.023325235  0.0030927186  -0.011605135  -0.012768941  -0.00021625079  
-0.0024647350  0.015619100  0.0073903886  0.031374559  0.99726553  -0.033414117  -0.0061005265  -0.0078666114  -0.0078428620  -0.0011752835  
7.2053217e-05  -0.0025488840  0.0018762739  0.024683880  0.032696940  0.99756837  -0.0058529394  0.0099520534  0.00066644010  0.011789972  
0.011583329  0.00099666763  0.022516021  -0.0026054741  0.0062671125  0.0057979375  0.99813806  0.00073890782  -0.00027302401  0.0019123405  
0.00010619780  0.0070744931  0.00075099230  0.011754886  0.0074611792  -0.010912701  -0.00075090897  0.99712594  0.034828455  0.036147423  
-0.00070852333  0.00046170771  0.00065294166  0.012421169  0.0072992687  -0.0016892524  6.1688224e-05  -0.037653883  0.99511423  0.072393346  
-0.00019227413  -0.0011175276  0.0010508284  -0.0013321289  -2.6081613e-05  -0.011366152  -0.0017752062  -0.033629554  -0.073674815  0.99521712  
