0.99873870  0.00098878673  -0.0047684791  0.0032613448  -0.00053237966  0.0015941529  0.00031315877  0.0057281458  -0.0010585535  -0.0011356439  
-0.00089235927  0.99871862  -0.0011112830  -0.00027238979  0.00091507571  -0.0012617895  -1.3422385e-05  -0.0082215108  0.00049659507  0.00066596760  
0.0044890615  0.0010546740  0.99566142  0.063944433  0.041927388  7.1086515e-06  0.0065888792  0.0073734025  -0.0087538167  0.0012065028  
-0.0033852636  -0.00010544352  -0.063075929  0.99622124  -0.018112811  -0.00011911511  0.0020849704  -0.018301005  0.0090370360  -0.0013633422  
0.00035433946  -0.0010566745  -0.043499572  0.015558688  0.99567110  -0.0013179674  0.021326746  -0.013186728  -0.057366891  0.0073264845  
-0.0012068942  0.00092381383  0.00046078948  -0.00080458581  0.00043216781  0.99723644  -0.0098700698  -0.056227358  -0.0064492340  0.0026205664  
-0.00047683301  0.00010277743  -0.0060071859  -0.0022658527  -0.025987572  0.0093919900  0.99417708  -0.00054516958  -0.081535696  -0.036972529  
-0.0059476076  0.0082554412  -0.0090180003  0.017926302  0.012638978  0.056098214  0.00040811801  0.99684613  -0.00076326135  -0.0010107169  
0.00094146537  -0.00044963342  0.0065628993  -0.0078846525  0.056569770  0.0073678955  0.077641282  -0.00032671359  0.98614045  -0.12592571  
0.0011907849  -0.00071130809  -0.00043044186  3.0143306e-06  -0.0012378096  -0.0010967772  0.046780933  0.0011665166  0.12284839  0.99002958  
