0.99862536  -0.00072283561  -0.0021590180  0.0079803443  -0.0042562152  -0.00025340932  0.0024552361  -0.0014069816  -0.0015276626  0.00029963778  
0.00067456047  0.99786313  0.0018114968  -0.0047165065  -0.021298807  0.0088558991  -0.010618541  -0.012712155  -0.014018664  0.024092237  
0.0022383197  -0.0041617861  0.98889224  -0.086770480  -0.10532036  0.017344705  0.0061491941  -0.0030968180  0.013619641  -0.010680608  
-0.0078427155  0.0047610106  0.086026867  0.98750411  -0.024610843  -0.11552265  -0.013569246  -0.0093800499  0.0012755488  0.00018860167  
0.0044500555  0.020784283  0.10718602  0.015530730  0.99239401  0.0041100068  -0.0045096631  0.0042090329  0.014113556  0.019125411  
-0.00076690178  -0.0077773106  -0.0080150269  0.11679648  -0.0047162924  0.99126755  0.022518508  -0.011939248  0.0081004748  -0.011259571  
0.0024537066  -0.010980822  0.0038901557  -0.011652757  -0.0042671078  0.023253226  -0.99725973  -0.038560692  0.0055881585  -0.015926052  
-0.0013586281  -0.010381762  -0.0045511147  -0.0098838437  0.0055054585  -0.012704489  0.039446270  -0.99570817  0.043418638  -0.043310543  
0.0014823981  0.018474248  -0.016066658  -0.00069420346  -0.0095298060  -0.0094483526  0.0057711674  0.050378906  0.98281549  -0.16707485  
0.00030790195  0.022499334  -0.0056323624  0.00070800460  0.021497234  -0.0095044785  0.012385032  0.035886072  -0.16940137  -0.98284044  
