0.99873950  -0.00056216430  -0.0039909378  -0.010911280  -0.0011133057  -0.0016665465  0.0023009957  0.0016416058  0.011271796  0.00070296520  
-0.0018843141  0.92609647  -0.053580052  -0.042910636  -0.013282582  -0.29073807  0.15915778  -0.026847537  0.065705320  0.14213618  
-0.0058311943  -0.034438295  -0.41116861  -0.43478407  0.79829358  -0.00060790199  0.0077950503  0.024160405  0.017446850  -0.00074527494  
0.00073910732  -0.057342117  -0.41213829  0.042939626  -0.16296472  -0.066872240  -0.077727421  -0.88389194  -0.053052415  0.023548629  
-0.0029996147  -0.019277737  -0.79301436  0.056301789  -0.39126974  0.011333866  -0.058798694  0.45355751  -0.044760269  0.0016441867  
-0.0018715041  0.28314205  -0.039006550  0.091870434  0.038025583  0.72631693  -0.37819740  -0.055633039  0.46060573  -0.14326899  
-0.0090303286  -0.16676564  -0.066177052  0.12589520  0.0071056505  -0.36880621  0.28920344  -0.0068168126  0.78284180  -0.34108185  
0.011057981  0.027599253  -0.11156740  0.87490023  0.42274411  -0.095104334  -0.087477421  0.039083502  -0.13519765  0.055697754  
-0.0012649592  -0.068601530  -0.076040601  0.10016312  0.0055983321  0.43719451  0.75988316  -0.049031720  0.082077586  0.44563956  
-0.0045847446  -0.14714409  0.037936943  -0.040879739  -0.014127169  -0.21144401  -0.38833823  0.041402526  0.37131460  0.79853800  
