0.99636247  -0.080211894  0.0087198789  0.0018036358  0.00059058153  -0.0014688962  
0.079942202  0.99644721  0.018283340  -0.0039339569  0.0018767599  0.00020052677  
-0.0098716172  -0.017559252  0.99952671  0.00023772986  -0.0039841367  -0.00045902456  
-0.0013979156  0.0040632710  -0.00021273569  0.99959183  0.012630382  -0.013083434  
-0.00081621919  -0.0019127823  0.0039017173  -0.013289215  0.99796454  -0.059192867  
0.0012411786  -0.00041778765  0.00085086615  0.012629954  0.059302798  0.99770899  
