0.99864476  0.048373463  -0.0025638320  -0.0021360826  -0.0023028520  0.00069485082  
-0.048370971  0.99871275  -0.0065920635  -0.0024864896  -0.00079420177  -0.0019830583  
0.0023046451  0.0067153089  0.99986255  0.00029991711  -0.00082716488  0.0024317624  
0.0020976572  0.0025843758  -0.00038549268  0.99981725  -0.0086103683  0.0025423024  
0.0021926894  0.0010681381  0.00062019088  0.0084441102  0.99701012  0.074007569  
-0.0010139421  0.0017965061  -0.0023909924  -0.0030856225  -0.074156425  0.99705079  
