0.99861564  -0.047921963  -0.0060871726  0.0034649602  -0.0025804024  6.7599696e-05  
0.047845210  0.99803846  0.027499669  0.0076702524  0.00061029337  -0.0025219924  
0.0046202827  -0.027951758  0.99931086  -0.00032892121  -0.0087446304  0.0044372903  
-0.0038406284  -0.0074488635  -0.00013499818  0.99923444  -0.030999445  -0.0032254708  
0.0025077028  -0.0012685794  0.0088675326  0.030601270  0.99833642  -0.037680352  
4.3020157e-05  0.0025607896  -0.0040828173  0.0045516893  0.037767679  0.99907001  
