0.99932392  -0.016852692  -0.011153365  0.0017313573  0.0011943417  0.0013767510  
0.016863842  0.99962781  0.0062987976  0.010772976  0.00017588037  0.0013153480  
0.011263126  -0.0064892997  0.99972818  0.00068076531  0.010782635  -5.9016369e-05  
-0.0020149050  -0.010659595  -0.00076121423  0.99968173  0.0095862942  0.010368095  
-0.0012457321  2.3821120e-05  -0.010785545  -0.0090695680  0.99859971  -0.046627570  
-0.0013086240  -0.0011770734  -0.00058794698  -0.010458785  0.046637080  0.99811733  
