0.99558472  -0.086150190  0.0094344378  0.0053473507  -0.00089207523  0.00090225714  
0.085806080  0.99580003  0.026005449  -0.0034355631  -0.0011802547  -0.0010688170  
-0.011328603  -0.025014199  0.99937483  0.0024675198  -0.0041725102  -0.0073430506  
-0.0049837942  0.0041354007  -0.0023981494  0.99933043  0.027578591  -0.0035615160  
0.0014238844  0.00092629260  0.0025848754  -0.027970707  0.97938629  -0.19883253  
-0.00039013556  0.00093432219  0.0079560304  -0.0016138284  0.19915110  0.97919235  
