0.99829782  -0.049839032  0.010865135  -0.00066982294  0.0062358867  -0.00029594016  
0.049757611  0.99848478  -0.0025144276  0.0011543964  -0.0012125027  0.0057698088  
-0.010804729  0.0030807523  0.99981464  -0.0015437170  0.0011720579  0.0018454574  
0.00058672896  -0.0011348190  0.0015026437  0.99979924  -0.0040662044  -0.012006852  
-0.0061373419  0.0014191288  -0.0011731396  0.0039731275  0.99960450  -0.011836238  
-0.00020169502  -0.0057851758  -0.0018716574  0.011992366  0.012108565  0.99920163  
