0.99845815  -0.051150440  -0.012501823  0.0011085211  -0.00080844416  0.00035322320  
0.051237979  0.99849462  -0.0015835449  -0.0085244803  -0.00047783148  -0.00041760400  
0.012521015  0.00097052517  0.99969842  -5.6929308e-07  0.0086847632  0.0013042806  
-0.00056987026  0.0083998489  -6.3880461e-05  0.99965296  0.0066573895  -0.012599412  
0.00072424598  0.00027846588  -0.0085506069  -0.0082699748  0.99102982  -0.13200877  
-0.00023237103  0.00069710032  -0.0025751635  0.011726625  0.13193118  0.99088185  
