0.99882474  -0.035257928  0.025851550  -0.00027644576  -0.0029574057  -0.00021288772  
0.035342769  0.99907077  -0.0037483798  0.0079726802  0.00086496126  -0.0024265187  
-0.025712641  0.0046652632  0.99943006  0.0016472456  0.0070966514  0.0019782155  
-5.8640533e-05  -0.0079343137  -0.0017440648  0.99924827  0.016805240  -0.026242827  
0.0030404806  -0.0011566221  -0.0064368760  -0.021228437  0.98317477  -0.18018941  
0.00080808782  0.0020923734  -0.0033906951  0.022748747  0.18058720  0.98301331  
