0.99789317  0.061119109  0.0097892358  0.00098236356  0.0024630473  7.1500413e-05  
-0.061169549  0.99799102  0.00099025951  -0.0043659969  2.4145800e-05  0.0027233259  
-0.0097038558  -0.0015718436  0.99986178  -0.0013147297  -0.0044794863  -0.0016685506  
-0.0012853224  0.0043347130  0.0012688977  0.99985483  0.00054409314  -0.0092158904  
-0.0024431130  -0.00038244767  0.0045687965  0.00025248491  0.99560842  0.091895412  
0.00027793350  -0.0026707181  0.0011919651  0.0092739251  -0.091834655  0.99551591  
