0.99346396  -0.11078804  -0.017205864  -0.00064607935  0.0044108324  -0.00034171144  
0.11074454  0.99368804  0.0047236774  0.0028258440  0.00012547693  0.0044466297  
0.016599178  -0.0066515555  0.99963067  0.00031399925  0.0034154385  0.00073521918  
0.00015641284  -0.0030733518  -0.00027409354  0.99971973  0.00031434977  0.011036337  
-0.0042471467  0.0015911635  -0.0028806167  0.0025641728  0.96622713  -0.25707946  
-0.0012087296  -0.0041981259  -0.0016683904  -0.010789033  0.25720655  0.96606814  
