0.99936921  0.028895814  0.00069882465  -0.00088707335  0.00078904802  -0.00088137773  
-0.028956952  0.99936670  -0.0034433601  -0.00018016008  0.00083563380  0.0014221719  
-0.00085517448  0.0034339301  0.99990052  -0.00031852650  -0.00036743781  0.00010029383  
0.00083675931  0.00020772019  0.00031109397  0.99987367  -0.0050545687  -0.0030288842  
-0.00074531726  -0.00088916126  0.00036436277  0.0051220814  0.99911488  0.035805616  
0.0010323698  -0.0013471303  -0.00014211865  0.0027976487  -0.035711918  0.99910990  
