0.99856053  -0.049770738  0.0091122385  -0.0023446073  0.0081396051  0.0013963302  
0.049688492  0.99855415  0.0048290053  0.0059926702  -0.0011623198  0.0076047571  
-0.0092840852  -0.0044970504  0.99974716  0.0022619155  -0.0043072815  -0.0058479359  
0.0021295522  -0.0062224027  -0.0023144286  0.99968660  -0.0052547457  0.014299350  
-0.0080147427  0.0016791541  0.0040461414  0.0055805303  0.99935526  -0.029293617  
-0.0021262113  -0.0074087453  0.0059660820  -0.014145310  0.029421330  0.99931279  
