0.96050528  -0.27722127  -0.010310525  0.00094501659  -0.00010865441  0.00018468839  
0.27722236  0.96050904  -0.0090405820  -0.0018150938  0.00010313004  -0.00054323832  
0.012327737  0.0060769600  0.99961919  -0.00050671018  -0.0039859129  0.00059225600  
-0.00055283873  0.0019893918  0.00062687527  0.99957152  -0.0076492492  0.012311494  
5.3838025e-05  -0.00033170392  0.0039079241  0.012779891  0.84244632  -0.53755141  
9.9797927e-05  0.00039947474  0.0015232666  -0.0063387904  0.53805638  0.84258034  
