0.99381020  -0.10851667  0.010757790  -0.0021061253  -0.00021283580  0.00069423177  
0.10847868  0.99395854  0.00046784798  0.0027968048  -4.8830296e-05  0.00021718065  
-0.010841246  0.00075175857  0.99972544  -0.00017465293  -0.0026343091  -0.0040103687  
0.0019032798  -0.0029301694  0.00035961549  0.99973562  -0.0056245706  0.0035869997  
0.00023510347  2.4526230e-05  0.0032586308  0.0050009278  0.99064104  0.13552984  
-0.00095793229  -0.00012447279  0.0035504003  -0.0041482556  -0.13551629  0.99056786  
