0.99948375  0.0048279471  -0.011871000  -0.00066726995  -0.00067037307  0.0010127031  
-0.0049211546  0.99979788  -0.0084206587  0.0085372490  0.0018467639  -7.2383502e-05  
0.011771756  0.0085089505  0.99961437  -0.0010206933  -0.0080742657  -0.0036278290  
0.00077262759  -0.0085288354  0.0012358616  0.99960103  0.012676900  -0.0099813586  
0.00066691261  -0.0017074739  0.0082161667  -0.012162959  0.99857276  0.049009073  
-0.0010557395  0.00010361295  0.0031760424  0.010693272  -0.048829464  0.99835378  
