0.99465478  0.098407977  -0.0018430927  3.3049307e-05  -0.00062769878  4.1562714e-05  
-0.098441279  0.99450709  -0.011708162  -0.0089153733  0.00095881511  -0.0022216549  
0.00070957474  0.011948008  0.99957613  -0.00096853683  0.0079329532  0.0024795417  
-0.0011394923  0.0088105207  0.00072607344  0.99947338  0.012133394  0.0036466412  
0.00057486481  -0.0011164658  -0.0082568715  -0.012258837  0.98881257  0.14476494  
-0.00014837905  0.0023523951  -0.0010400371  -0.0020319347  -0.14440466  0.98868640  
