0.99610324  0.081176913  -0.022015526  0.0045910382  0.0077791149  -0.0032001067  
-0.080536445  0.99610967  0.018515968  0.012607592  0.0031390706  0.0088820329  
0.023594631  -0.016760679  0.99930976  0.0021714231  -0.0080936736  0.0094148683  
-0.0034750065  -0.012763794  -0.0024599780  0.99937721  -0.018848238  -0.018481557  
-0.0063288782  -0.0056705067  0.0060921962  0.021820739  0.98263867  0.18197013  
0.0050036780  -0.0078738729  -0.010987245  0.014575897  -0.18203409  0.98273965  
