0.98015280  0.19708906  -0.0013619280  -0.00040597676  0.0017589810  0.00061670556  
-0.19707822  0.98013458  0.0058218366  -0.0043892248  0.00032465692  0.0028645339  
0.0026842577  -0.0055204796  0.99977518  -0.0018121470  0.0034906286  -0.0035586601  
-0.00040102355  0.0044771801  0.0019056519  0.99974001  -0.0070461047  -0.0018957832  
-0.0016626628  -0.00043613836  -0.0036823356  0.0066798171  0.99613446  -0.084504993  
-0.00023559839  -0.0030142745  0.0032316648  0.0023600898  0.084458386  0.99623630  
