0.99922321  -0.013729563  0.028045990  0.00071257293  0.0044007049  -0.00069543463  
0.014088375  0.99968396  -0.0084472009  -0.010195192  0.00048092190  0.0053755468  
-0.027664968  0.0087653860  0.99935563  -0.0014522128  -0.011110327  0.0015038483  
-0.00054314283  0.010492251  0.0013250132  0.99920318  -0.011101163  -0.032174272  
-0.0045854553  -0.00013395951  0.010898195  0.010492967  0.99951307  -0.020876276  
0.00051300960  -0.0052129174  -0.0011208750  0.032694764  0.020500182  0.99893562  
