0.99731819  -0.068333873  0.0030067379  -0.0021032335  0.00041434453  0.0056715171  
0.068101806  0.99741896  -0.012799337  0.0028069220  -0.0045157452  -9.7309142e-05  
-0.0020905420  0.012958776  0.99977996  0.00064529702  -0.0035251549  0.0024342385  
0.0020514221  -0.0029339226  -0.00063421040  0.99970357  0.0058810269  -0.014962382  
-0.00028320027  0.0045666571  0.0032639455  -0.0050469799  0.99794234  0.058244099  
-0.0056670397  0.00016081121  -0.0026935460  0.015286120  -0.058366651  0.99802994  
