0.99676918  0.076913537  0.0076862841  -0.0029152867  -0.0038969906  0.0020790431  
-0.076596211  0.99640524  -0.031425925  -0.0049933536  -0.0015872103  -0.0039078355  
-0.010110406  0.030727850  0.99935722  -0.00016229360  -0.0012343382  0.0065144458  
0.0023257886  0.0051766274  -0.00011728760  0.99936475  -0.028504451  0.013623169  
0.0033529649  0.0024873337  0.00024025911  0.026245988  0.98969267  0.13907964  
-0.0029702645  0.0031487187  -0.0067716543  -0.017484756  -0.13876923  0.98993242  
