0.98356586  0.17791826  -0.0090068347  -0.0013817565  -0.0047231193  0.00077042016  
-0.17776774  0.98381121  -0.0056563715  0.010377012  -0.0021400614  -0.0047496769  
0.0078541772  0.0071976128  0.99969978  -0.0013953818  -0.010737687  0.0010978509  
0.0031312032  -0.0099453578  0.0015806000  0.99968217  0.0033173971  -0.0023170295  
0.0037854803  0.0041207187  0.010185914  -0.0024942083  0.97112423  0.23689047  
-0.0026835676  0.0036345518  -0.0035389141  0.0031140910  -0.23721929  0.97113968  
