0.99822217  -0.053305172  0.014878696  -0.0012105172  0.0031309043  -0.0012921607  
0.053452127  0.99840425  -0.0057574362  -0.0042413340  0.00092658344  0.0029808086  
-0.014577278  0.0065722901  0.99975586  3.9061822e-06  -0.0033003592  0.0034484535  
0.0014233677  0.0041594320  7.0496643e-05  0.99971419  -0.011266003  -0.012821825  
-0.0032166591  -0.00061403421  0.0034921980  0.010350466  0.99754904  -0.065756729  
0.00093025850  -0.0031188038  -0.0031919394  0.013431379  0.065492203  0.99748406  
