0.99842211  0.049612764  -0.00075629246  -0.0052766550  -0.0067054227  0.0025358078  
-0.049508329  0.99859539  -0.0073867547  -0.0073712440  -0.0028660361  -0.0071540283  
0.00031131043  0.0074760511  0.99983801  -2.4100817e-05  -0.0047480631  0.0077409760  
0.0048462805  0.0075491770  -7.9090459e-05  0.99977281  -0.012093651  0.0034988414  
0.0065739847  0.0038175963  0.0042268973  0.011732645  0.99678259  0.072663438  
-0.0032093752  0.0067275191  -0.0081196924  -0.0044180743  -0.073371901  0.99675914  
