0.99165454  0.12400964  -0.0053797010  0.0010083242  0.0079117044  -0.0017503966  
-0.12421367  0.99177470  -0.0016841288  0.0046056039  0.0032441590  0.0083582751  
0.0049927104  0.0023045506  0.99963051  -0.00019653834  0.0040794195  -0.0015987777  
-0.00030703642  -0.0046055757  5.5818357e-05  0.99955604  -0.0017161459  0.0021707110  
-0.0066892742  -0.0060065565  -0.0036118490  0.0011236279  0.97346416  0.22666089  
0.0044643948  -0.0068074506  0.0025735456  -0.0028398680  -0.22661261  0.97317542  
