0.99961793  -0.012561952  -0.010507096  0.0036549668  0.0053227242  0.00027182357  
0.012770850  0.99947985  0.020997788  0.010238281  -0.00040522050  0.0065345904  
0.010036415  -0.021080699  0.99946639  -0.0010180506  0.010589676  -0.0040313023  
-0.0038538074  -0.010264436  0.00051155261  0.99922509  0.026208823  0.010378703  
-0.0052245995  0.0011960106  -0.010685606  -0.025690702  0.99867905  -0.039127502  
-0.00054530322  -0.0066137834  0.0034435029  -0.011789481  0.038809697  0.99869162  
