0.99936660  0.024034896  0.0041748347  -0.0019260659  -0.0052172896  0.0015754777  
-0.024091365  0.99949080  0.0039370210  -0.011199727  -0.0017791814  -0.0057999387  
-0.0038399371  -0.0040953204  0.99979374  -0.00060379943  0.0088144953  -0.0062686801  
0.0016670768  0.011198040  0.00064246420  0.99979347  -6.5406121e-05  0.0010540662  
0.0046458479  0.0031494371  -0.0071260205  -0.00044315889  0.97254503  0.23123962  
-0.0029430285  0.0050677527  0.0081999928  -0.0012636437  -0.23144027  0.97243163  
