0.99863361  -0.041725031  0.0022957518  0.00023700893  -0.0060417631  0.0032285021  
0.041756053  0.99857866  -0.025114022  0.0069903290  -0.0040359628  -0.0049529097  
-0.0015517410  0.025162629  0.99938423  0.0013287239  0.0058942860  -0.0032187072  
-0.00072312461  -0.0070774405  -0.0011733993  0.99934720  -0.022051904  0.0071724422  
0.0060660035  0.0036261950  -0.0059636045  0.021893976  0.99925180  0.018848445  
-0.0033994406  0.0050580498  0.0031574490  -0.0078856004  -0.018768432  0.99940535  
