0.99922148  -0.023515504  0.022930636  -0.0049312773  0.0042192235  0.0018955602  
0.024133268  0.99911530  -0.029458703  -0.0011751508  -0.0011131382  0.0034906139  
-0.022248315  0.030014595  0.99914144  -0.00052760128  0.0030720438  -0.0037160636  
0.0048228013  0.00093315082  0.00067775006  0.99911311  0.015284781  0.033836035  
-0.0030235551  0.0021758194  -0.0044049559  -0.00092167960  0.92081433  -0.38933521  
-0.0037528268  -0.0026611657  0.0021826629  -0.037047067  0.38914323  0.92029545  
