0.99642136  0.077288744  0.016875015  0.0010469823  0.0089604321  -0.00011289212  
-0.077488416  0.99673268  0.0042449089  -0.0085470565  -0.00020417156  0.0080590720  
-0.016263465  -0.0054506314  0.99960541  -0.00075352225  -0.0075873477  -0.0017607760  
-0.0016939895  0.0086603526  0.00068839320  0.99956451  0.0061317836  -0.019338450  
-0.0087516288  -0.0016847188  0.0075457151  -0.0031529644  0.98769734  0.15479895  
0.0021071397  -0.0078298972  0.00066095034  0.020310861  -0.15454009  0.98734075  
