0.99666054  0.073213758  -0.0032800550  -0.00011043250  -0.0096423222  0.00055715481  
-0.072911117  0.99695550  0.0025346252  -0.0017586306  -0.0012831541  -0.010677072  
0.0028572532  -0.0020848292  0.99957357  -0.00064080763  0.0021792064  -0.00085170055  
-2.9986587e-06  0.0016240670  0.00058051968  0.99950105  -0.0019965879  -0.00033256451  
0.0094256678  0.0027499748  -0.0022180995  0.0024745989  0.99661990  0.075963482  
-0.0019667694  0.010482581  0.0010096478  0.00083404377  -0.076476259  0.99634495  
