0.99963068  0.0083711636  -0.010022941  0.0026934702  -0.0010551399  0.00047647171  
-0.0083323993  0.99977805  0.0085611229  0.0083096120  0.00022296288  -0.00048579468  
0.010013279  -0.0084352067  0.99969281  -0.0010198797  0.0081953177  -0.0033520351  
-0.0026068788  -0.0083935418  0.00082474387  0.99963175  0.011352879  0.0097313887  
0.00099908484  -1.6524882e-06  -0.0078809060  -0.012140014  0.99682882  0.076522623  
-0.00055390966  0.00048644385  0.0039599607  -0.0090144636  -0.076640061  0.99672047  
