0.99947483  0.021910657  -0.0022071438  0.00076632433  -0.0042073511  -0.0015243782  
-0.021807992  0.99955512  -0.0036483263  0.0016766909  -4.2594612e-05  -0.0046327668  
0.0021456552  0.0036026397  0.99980294  -6.8974031e-05  -0.0019292976  -0.0010425978  
-0.00089769253  -0.0017108805  -1.9730624e-05  0.99976220  0.00084019771  -0.0086013191  
0.0042775046  0.00043666075  0.0019778653  -0.00032405911  0.99765213  0.066432884  
0.0011805357  0.0046144143  0.0010695819  0.0086825592  -0.066420222  0.99738621  
