0.99957175  0.018806425  -0.0084064518  0.0055194951  0.0022725061  -0.00050831502  
-0.018863217  0.99952071  0.010420068  0.010657555  0.00014021719  0.0029096050  
0.0086515357  -0.010341774  0.99971600  0.0013290967  -0.0083284043  0.0062650431  
-0.0052875698  -0.010709793  -0.0015128945  0.99962127  -0.017301756  -0.010784718  
-0.0021533353  -0.00067937742  0.0080828774  0.017617462  0.99911295  0.028253748  
0.00032609889  -0.0029759358  -0.0065655299  0.010159611  -0.028093652  0.99921195  
