0.99482598  0.094072967  -0.022179001  -0.0037068896  0.011502744  0.00074856383  
-0.094016327  0.99506706  -0.0055785713  -0.00011358821  -0.00063231093  0.011724145  
0.021634802  0.0077965715  0.99927872  -0.00063180488  0.00074054318  -0.0020049930  
0.0032317400  0.00091479025  0.00060525692  0.99902407  0.010103619  -0.029273108  
-0.011350376  -0.0017210505  -0.00023118890  -0.0066068401  0.99298695  0.11287807  
0.0017086879  -0.011694664  0.0026220085  0.030179848  -0.11274325  0.99253845  
