0.99928031  0.012650871  0.0086105477  0.00038382935  0.0087698995  -0.0039105190  
-0.013110228  0.99924159  0.022954111  -0.015701087  0.0039421170  0.0083627853  
-0.0084682360  -0.022925716  0.99946134  0.0025034644  0.014644325  -0.0037051844  
-0.00028427470  0.015746821  -0.0018465469  0.99933900  -0.021056548  0.018202237  
-0.0076743297  -0.0053942841  -0.013623801  0.016600305  0.97439832  0.22230532  
0.0054271902  -0.0076194779  0.0067620803  -0.022458797  -0.22218083  0.97353416  
