0.99957220  -0.0065809893  -0.018469924  -0.0019606666  -0.0024591523  -0.00096227572  
0.0063746433  0.99967016  -0.017569383  -0.0019098305  0.00077810681  -0.0015798581  
0.018452417  0.017455879  0.99956392  0.00019180788  -0.0027441586  0.00096388079  
0.0019439337  0.0018834587  -0.00035866343  0.99942220  -0.023325601  0.018468973  
0.0024741426  -0.00083170265  0.0028112100  0.025422963  0.99267329  -0.11690257  
0.0012414642  0.0012768232  -0.00061906575  -0.015825694  0.11748503  0.99238235  
