0.99567139  -0.086235817  0.025025725  -0.00095630545  -0.0050288250  -0.0045522867  
0.086741203  0.99581318  -0.018092839  -0.0079602921  0.0046112485  -0.0056835414  
-0.023476940  0.020198346  0.99932349  1.0901893e-05  -0.0065077599  -0.0042180499  
0.0014389149  0.0077365439  -0.00034361042  0.99932087  0.0016402424  -0.030328596  
0.0045384579  -0.0048717193  0.0067234350  -0.0013425251  0.99976922  0.0084312273  
0.0048545227  0.0056261032  0.0040888681  0.030179090  -0.0083523586  0.99920120  
