0.99969860  -0.016431725  -0.0059370108  0.0026668004  -0.0035463185  -0.00024787904  
0.016500988  0.99959047  0.017825753  0.0042428858  -0.00026088702  -0.0023597455  
0.0056841454  -0.017951195  0.99973423  0.00011923376  -0.0050388274  0.0026968874  
-0.0028054869  -0.0042238110  -0.00028473354  0.99970053  -0.019925674  -0.0062792244  
0.0034596749  -0.00023907386  0.0051397999  0.019459932  0.99736643  -0.067726995  
0.00053423524  0.0023888894  -0.0022859118  0.0075607445  0.067725593  0.99748961  
