0.99956601  -0.0037393934  -0.017468856  -0.00013024646  0.0085554552  -0.0015892132  
0.0035473703  0.99973731  -0.010050461  -0.0062762373  0.0017832207  0.0089217887  
0.017431641  0.0099401074  0.99965396  0.0021467294  0.0058337025  -0.0015828938  
0.00011967899  0.0063722781  -0.0022814260  0.99967001  0.0073515388  -0.015220882  
-0.0085803133  -0.0016569391  -0.0057345166  -0.0078801530  0.99936946  -0.027790927  
0.0012698827  -0.0089997167  0.0013821130  0.015102620  0.027795374  0.99899392  
