0.99414063  -0.10583955  -0.0091565317  0.00033984369  0.00052205528  -0.0019441743  
0.10574110  0.99425108  -0.0033931926  0.00095950828  0.0018645352  0.00054814462  
0.0095701094  0.0024694613  0.99980482  -0.00014680546  -8.1872524e-05  -0.00013140680  
-0.00032315077  -0.00083770282  0.00019662724  0.99978173  -0.011280756  -0.0036652852  
-0.00033640261  -0.0018209834  6.7617285e-06  0.011653800  0.98564110  0.16714837  
0.0021306977  -0.00034381663  1.7297233e-05  0.0015922272  -0.16730671  0.98570373  
