0.99958262  0.010879619  0.0098188439  0.0036501027  -0.0023296245  0.00074142261  
-0.011014685  0.99964617  0.018087230  0.00016481117  -0.00086985941  -0.0012360203  
-0.0096625668  -0.018180810  0.99968679  0.00050296418  -0.00078833950  -0.0043839249  
-0.0036127801  -0.00016642186  -0.00062819140  0.99966144  0.012021142  -0.015868960  
0.0024248868  0.00088884457  0.00094540604  -0.011581762  0.99927548  0.029056114  
-0.00094974638  0.0010639755  0.0043304009  0.016156390  -0.029067067  0.99907806  
