0.99960049  -0.0021003780  -0.0063391380  0.0012672658  -0.0035053065  -0.00012849261  
0.0022762877  0.99969236  0.0090210143  -0.0062561080  -5.9600680e-05  -0.0025563560  
0.0063780856  -0.0091676787  0.99966172  -9.0326659e-05  -0.0056689412  -6.7332867e-05  
-0.0013716981  0.0063682783  0.00014088757  0.99960475  0.0096420331  0.0014975487  
0.0037413402  -0.00024684630  0.0054867224  -0.0094152110  0.99885049  0.037196662  
-0.00016041755  0.0024034932  -0.00029154821  -0.00097903271  -0.037412229  0.99877112  
