0.99795359  -0.053766408  0.015201603  -0.0032777721  -0.0048661619  0.0019507889  
0.054013975  0.99814437  -0.015703388  -0.0045812704  -0.0019714164  -0.0031917974  
-0.014156161  0.016524135  0.99951780  -0.0015535109  0.0051491058  -0.0041309803  
0.0033783255  0.0045223974  0.0015139114  0.99956717  0.016733032  0.0051923375  
0.0049375235  0.0014626007  -0.0052442695  -0.016333616  0.99695707  -0.070496961  
-0.0016561071  0.0035668922  0.0038463974  -0.0064195248  0.070291077  0.99711130  
