0.99928507  -0.029448445  -0.0037543523  -0.0024708311  0.0016633783  -0.00070144119  
0.029194705  0.99923077  -0.011728724  0.0071336551  -0.00027996561  0.00092326406  
0.0040706933  0.011746736  0.99974901  0.00027464548  0.0075817278  0.0030045381  
0.0023408313  -0.0070367630  -0.00028037184  0.99975020  -0.011865833  0.0024895499  
-0.0014430542  0.00046981863  -0.0073458275  0.011941185  0.99430093  -0.10254195  
0.00026750833  -0.0010969299  -0.0037361154  -0.0013212235  0.10290913  0.99442807  
