0.99895931  -0.032284767  0.010767090  -0.0028316414  0.0045209608  0.00022128911  
0.032242500  0.99918879  -0.0040427144  0.0040532404  -0.0012089062  0.0037635769  
-0.010515928  0.0043383925  0.99976543  -0.00059602447  0.0028739252  0.0037611647  
0.0027853954  -0.0038926505  0.00072439749  0.99963886  0.0018345779  -0.016950270  
-0.0042350506  0.0019259252  -0.0025619196  -0.0043760948  0.98881400  -0.14659849  
-0.00071801340  -0.0039413954  -0.0041315199  0.016895433  0.14670660  0.98831703  
