0.99922261  0.019236470  -0.0050952237  0.0011301368  0.0012359778  0.00030449134  
-0.018930584  0.99959424  0.0064440708  -0.0092995093  -9.8744797e-05  0.0016287649  
0.0050883060  -0.0063681591  0.99978505  0.00021394605  0.0083413649  0.0013764550  
-0.0012569368  0.0092855397  -1.0977292e-05  0.99975581  -0.0069325040  -0.0034591812  
-0.0011715251  9.8999999e-05  -0.0083242516  0.0068548985  0.99948284  -0.023314724  
-0.00029562737  -0.0016717291  -0.0016107589  0.0037689789  0.022974898  0.99912543  
