0.99699448  0.067957665  0.014741126  0.0010104979  0.010264624  -0.0019994636  
-0.068023117  0.99709870  0.015359702  -0.0086830967  0.0027940315  0.010314785  
-0.013556278  -0.016151612  0.99957260  -0.00049201898  -0.0099948205  0.00094915932  
-0.0018293046  0.0086712253  0.00075655748  0.99946269  0.017280961  -0.019360625  
-0.0097519721  -0.0045590915  0.0096864372  -0.015895389  0.99634476  0.076511067  
0.0035401947  -0.0097736492  -0.0018890099  0.020748859  -0.076537016  0.99622710  
