0.99885349  0.040560507  0.0083401734  0.0014412979  -0.0013909943  0.00058704142  
-0.040599087  0.99899628  0.0073771368  -0.00082759612  0.0013271787  -0.0011814592  
-0.0079422102  -0.0077392686  0.99980526  -0.00070962064  -0.00058850897  -5.9568652e-05  
-0.0014083675  0.00075888137  0.00080024470  0.99974346  0.0084763053  -0.0097118107  
0.0014420935  -0.0011675986  0.00055288307  -0.0076277857  0.99661268  0.080327525  
-0.00070048001  0.0011544550  9.1818734e-05  0.010410681  -0.080211222  0.99632492  
