0.99941303  -0.024255864  0.011869270  -0.0019890205  0.0043438006  -0.0015855767  
0.024268348  0.99945268  -0.0084322118  -0.0067319187  0.00076762168  0.0038536463  
-0.011672385  0.0087328802  0.99974567  -0.00025611722  -0.0062511727  0.0011879091  
0.0021574560  0.0067446734  0.00034043996  0.99970311  -0.0021704474  -0.013703307  
-0.0042881964  -0.00070491633  0.0062081290  0.0024439501  0.99947657  0.023889309  
0.0018193004  -0.0039702625  -0.0013369914  0.013682407  -0.023698145  0.99913448  
