0.99663920  -0.075498606  -0.014943560  0.0010143292  -0.0047644116  0.0010962057  
0.075710629  0.99664626  -0.0021420533  0.013728899  -0.0012178578  -0.0066821383  
0.014991743  0.0010060743  0.99966360  8.6177402e-05  -0.010061969  0.0071686191  
-0.0020150274  -0.013632971  5.4740680e-06  0.99961597  -0.0074478676  -0.010057106  
0.0052601522  0.00040948249  0.010441053  0.0067722916  0.99732929  -0.062455871  
-0.00017597032  0.0065273652  -0.0065602056  0.010472812  0.062170550  0.99761525  
