0.99482388  0.098436692  0.0056255570  -0.0030078063  0.0017390042  0.0012324764  
-0.098341115  0.99464133  -0.015210621  0.0074668639  -0.00066441406  0.0014076801  
-0.0071921780  0.014450125  0.99961272  -0.0015680535  0.0033222250  0.0081458280  
0.0038192887  -0.0071645743  0.0019150200  0.99966646  -0.0057970670  -0.012567304  
-0.0020874972  -1.6255335e-05  -0.0053323485  0.0090567408  0.96277728  0.26916899  
-0.00046126282  -0.0015954745  -0.0067962938  0.010499404  -0.26930110  0.96264006  
