0.99883091  0.035836157  0.023273569  0.00046276731  -0.0036195070  0.00046936527  
-0.035775884  0.99920322  -0.0036975038  -0.0046778584  0.00011350104  -0.0031141630  
-0.023286788  0.0028756238  0.99954842  -0.00048277310  -0.0057717289  0.0012971842  
-0.00043354007  0.0046593658  0.00039955091  0.99944499  -0.0063295611  -0.025344810  
0.0033766100  0.00050553766  0.0054888184  0.0099494043  0.98841856  0.14990362  
-0.0011365678  0.0031162012  -0.0019715731  0.024299119  -0.14996346  0.98804320  
