0.99970720  -0.0046576573  -0.0075254594  -0.00019388138  0.0037368134  -0.00015952312  
0.0046545622  0.99968271  0.0047841295  0.011156885  0.00039710080  0.0026594861  
0.0076080609  -0.0047076310  0.99975436  9.5967307e-05  -0.012270492  -0.00079552314  
3.9721684e-05  -0.011134036  -0.00011484536  0.99980206  -0.0027121028  -0.0050914640  
-0.0036442860  -0.00051344300  0.012316041  0.0028300810  0.99958121  0.015399933  
6.5607977e-05  -0.0027759838  0.00076568180  0.0049118775  -0.015555355  0.99949404  
