0.99602878  -0.084554919  -0.013660839  0.0029451200  0.0075889893  -0.0045979101  
0.084915685  0.99599437  0.015059279  0.0017763570  0.0046233148  0.0076133172  
0.012407097  -0.016256110  0.99967859  0.00092286064  -0.00079757028  0.0028623523  
-0.0028452782  -0.0015285277  -0.00096418172  0.99966997  -0.020484107  -0.0022150699  
-0.0081754012  -0.0035249397  0.00089251806  0.020166725  0.99717867  -0.068109498  
0.0033583698  -0.0081920122  -0.0030537912  0.0035649508  0.067918174  0.99739436  
