0.99918290  -0.032982660  0.00014250532  -0.0017553914  -0.00049862879  -0.0011909192  
0.033090740  0.99921268  0.0053070973  0.0060820649  0.00073140931  -0.00042795186  
-0.00022444535  -0.0053664947  0.99976713  0.0012144842  -0.0035230050  -0.0050131843  
0.0016616299  -0.0061011968  -0.0012460820  0.99973501  -0.00091736024  -0.0059812686  
0.00069468425  -0.00063119164  0.0045052862  0.0019619762  0.98021701  0.19622897  
0.0011459472  0.00054843403  0.0041306887  0.0056517407  -0.19619123  0.98027167  
