0.99883728  0.00080330829  -0.0062588377  0.0028407055  -0.0072115841  -0.0016882408  -0.0027512093  -0.00073822688  -0.0033554474  0.0016265679  
-0.00072793148  0.99846738  -0.0032779399  0.020276561  0.0069389813  -2.1525593e-05  0.00014285273  0.018014212  -5.6747249e-05  0.00036461702  
0.0061434314  0.0020857443  0.99696341  0.057945449  -2.9718247e-05  0.0069129698  0.00038549463  3.2955112e-05  0.017966774  0.0010553024  
-0.0031751971  -0.020402022  -0.057984977  0.99666734  -0.00011885212  -0.00039738994  0.0069298499  -0.00036566520  -0.0010359317  0.017976063  
0.0072172458  -0.0060014446  -2.5630142e-05  -0.00010147229  0.99706510  -0.0032904682  0.020231599  -0.055083269  0.00015713992  -0.0011066666  
0.0015668907  -1.1242687e-05  -0.0060083365  -0.00034408922  0.0020667082  0.99565033  0.057845280  -0.00011593665  -0.055002215  -0.0031928595  
0.0026626596  0.00012492658  0.00033214206  -0.0059889448  -0.020391020  -0.057931048  0.99532036  0.0011232881  0.0031908070  -0.054974634  
0.0011689940  -0.018244442  5.2582257e-05  -0.00036721070  0.054861610  -0.00018239711  0.0011111953  0.99704386  -0.0032818601  0.020251729  
0.0032883951  -3.5347618e-05  -0.018239173  -0.0010492385  9.0911632e-05  0.054783934  0.0031744861  0.0020753055  0.99557014  0.057850756  
-0.0015290635  0.00037153566  0.0010694106  -0.018216948  -0.0011102493  -0.0031850599  0.054775687  -0.020369221  -0.057917311  0.99525319  
