0.99868857  0.00097471931  -0.0081980511  0.0033569573  -0.0083306674  -0.00014440929  0.00045280122  -0.0026113954  0.00097315583  -0.00044615551  
-0.00086856472  0.99853186  0.011338560  0.0097171462  -0.0084591810  -9.5952093e-05  -8.2808950e-05  0.010085103  0.00011357443  9.8537826e-05  
0.0078615395  -0.012128330  0.99565658  0.076432074  3.7321688e-05  -0.0084437238  -0.00064426895  -0.00014310164  0.010062102  0.00076800526  
-0.0039455935  -0.0090064502  -0.076550543  0.99554781  0.00010924443  0.00064990703  -0.0084430190  -8.0588044e-05  -0.00077715221  0.010054588  
0.0083546041  0.0085160093  2.7966415e-05  0.00011090131  0.99840847  0.011329603  0.0097233226  -0.0082980527  -8.5778055e-05  -8.4295833e-05  
7.6990588e-05  -0.00010332794  0.0084832674  0.00065126220  -0.012135983  0.99566671  0.076401509  0.00010038635  -0.0082528284  -0.00063331255  
-0.00052413091  -7.7216912e-05  -0.00064821143  0.0084807740  -0.0089977354  -0.076578672  0.99550645  7.5987369e-05  0.00063423682  -0.0082513427  
0.0026827620  -0.0099287451  -0.00013472421  -8.7657613e-05  0.0083852220  9.5022204e-05  8.3058870e-05  0.99859021  0.011334776  0.0097194953  
-0.0010762504  0.00011965375  -0.0098945648  -0.00076354497  -9.3206945e-05  0.0083840827  0.00064284416  -0.012133973  0.99578440  0.076411066  
0.00058854167  9.0113883e-05  0.00075685933  -0.0098998294  -8.0710865e-05  -0.00064490995  0.0083828463  -0.0090047199  -0.076587307  0.99562514  
