0.99893731  0.00055619415  -0.0035952791  0.00098869700  -0.0015567973  -0.0047798932  0.0084846411  -0.0039459613  0.0082958174  0.0044381459  
-0.00062814384  0.99871816  -0.010454231  -0.010607812  0.012268433  -0.00012552596  -0.00013547830  -0.0079351465  7.8040642e-05  8.1588519e-05  
0.0037103086  0.0091307676  0.99117966  -0.12188691  0.00010645914  0.012157292  -0.0014655594  -8.7213245e-05  -0.0078468407  0.00098532116  
-0.00069797686  0.011680380  0.12164300  0.99131979  0.00014451744  0.0014973989  0.012170829  -9.0147334e-05  -0.00097243154  -0.0078817890  
0.0021409659  -0.011333560  0.00011091820  0.00012248386  0.99313234  -0.010408214  -0.010529710  0.10725166  -0.0011052221  -0.0011296602  
0.0050095430  -0.00010085728  -0.011267533  0.0013882991  0.0090700425  0.98562832  -0.12116643  0.00096060200  0.10649363  -0.013068390  
-0.0083117205  -0.00013711510  -0.0013503920  -0.011258927  0.011628137  0.12100029  0.98570816  0.0012872635  0.012994833  0.10642852  
0.0038708691  0.0092560659  -0.00011071135  -9.4542019e-05  -0.10708232  0.0011028489  0.0011696977  0.99302792  -0.010365332  -0.010529947  
-0.0081319096  8.0154749e-05  0.0092136170  -0.0011373705  -0.00096637228  -0.10623096  0.012999413  0.0091087943  0.98549306  -0.12123397  
-0.0045334560  0.00010573794  0.0011436378  0.0091809547  -0.0012453828  -0.013019754  -0.10632215  0.011632353  0.12091137  0.98566664  
