0.99807093  0.0014683364  0.0057496784  -0.0026496525  0.0054518317  -0.0011444066  -0.00063477514  0.0020278727  0.00042733549  0.0012088595  
-0.0014897167  0.99770599  0.016753064  0.0073958935  -0.012747282  -0.00021229700  -9.3399172e-05  0.011170901  0.00018714484  8.1017635e-05  
-0.0061848593  -0.014854532  0.97724865  -0.20147986  0.00015587528  -0.012471233  0.0025768518  -0.00017875975  0.010942790  -0.0022639882  
0.0013939952  -0.010559214  0.20098996  0.97694843  0.00014262998  -0.0025678598  -0.012475053  -0.00011539608  0.0022514661  0.010943154  
-0.0055009496  0.012172080  0.00017283481  0.00010484102  0.99624221  0.016743915  0.0073849247  0.053862657  0.00090295364  0.00039262230  
0.00084183487  -0.00017996768  0.011935827  -0.0024621815  -0.014819371  0.97587675  -0.20120679  -0.00079987664  0.052771298  -0.010879286  
0.00076801952  -0.00012782724  0.0024579557  0.011924820  -0.010542022  0.20069160  0.97554565  -0.00056876558  0.010852813  0.052753922  
-0.0017106782  -0.011804412  -0.00020806566  -8.2943830e-05  -0.053875877  -0.00090301300  -0.00039797568  0.99666570  0.016743571  0.0073822273  
-6.4707665e-05  0.00017553136  -0.011560611  0.0023836387  0.00080123030  -0.052763873  0.010878888  -0.014830071  0.97626648  -0.20128644  
-0.0011610343  0.00012322335  -0.0023840975  -0.011553320  0.00056389632  -0.010849741  -0.052745240  -0.010552661  0.20077196  0.97593340  
