0.99865013  -6.8660501e-05  0.0013657767  0.0027535990  -0.0018926077  -0.00053070282  0.0044606789  0.0012179790  0.0045008142  0.0011219564  
0.00014896941  0.99842528  -0.014585800  -0.00048671028  -0.011095250  0.00016202201  5.9559879e-06  0.0024208686  -3.4811689e-05  -1.0438059e-06  
-0.0010592544  0.014348027  0.99147415  -0.11776528  -0.00015741578  -0.011017217  0.0013038724  3.3478193e-05  0.0023990299  -0.00028671794  
-0.0029022239  0.0021028570  0.11765472  0.99129198  -1.7976067e-05  -0.0013059606  -0.011028505  1.6168497e-06  0.00027239587  0.0024002543  
0.0018861173  0.011112134  -0.00015982856  -2.9063042e-07  0.99792135  -0.014579650  -0.00047851606  0.032731934  -0.00046972640  -1.3880072e-05  
0.00091076843  0.00015961703  0.011036220  -0.0013080319  0.014338940  0.99097814  -0.11769904  0.00047151677  0.032506172  -0.0038593263  
-0.0043526808  2.3735470e-05  0.0013036419  0.011020968  0.0021098336  0.11760191  0.99078358  6.3598061e-05  0.0038372939  0.032491194  
-0.0011890251  -0.0028268930  3.9685265e-05  -1.9187657e-06  -0.032859389  0.00048071589  1.0701774e-05  0.99809405  -0.014586561  -0.00048822781  
-0.0044833191  -4.0281295e-05  -0.0028133670  0.00032105504  -0.00046373106  -0.032630511  0.0038559623  0.014337709  0.99112778  -0.11772847  
-0.0014642175  -5.8422150e-06  -0.00033509984  -0.0028108070  -6.6457825e-05  -0.0038717767  -0.032633590  0.0021001692  0.11761313  0.99097077  
