0.99839978  -0.00072837514  0.0056317831  -0.0042855125  0.0064668364  -0.0017883071  -0.0047574704  7.4450063e-05  -0.0044819053  0.0024536530  
0.00074966353  0.99811797  -0.010354280  -0.013339384  0.00094364936  -1.1087388e-05  -1.6106910e-05  -0.016435704  0.00016721064  0.00022142589  
-0.0062255956  0.0084095963  0.98863881  -0.13662597  -3.2260283e-05  0.00094100156  -9.9109511e-05  -0.00013893902  -0.016252501  0.0022351765  
0.0034705115  0.014562135  0.13634547  0.98876059  3.6112899e-05  0.00012202725  0.00091357901  -0.00023953430  -0.0022603274  -0.016273521  
-0.0065544526  -0.00061773690  -3.0663813e-05  3.6402492e-05  0.99817724  -0.010347931  -0.013306559  0.019124097  -0.00016929584  -0.00027135670  
0.0012216978  -6.1517945e-06  -0.00060955470  7.9880809e-05  0.0084139464  0.98877189  -0.13667239  0.00016115404  0.018938141  -0.0026153488  
0.0048555488  -1.2624100e-05  -5.7512134e-05  -0.00063750061  0.014597447  0.13633091  0.98885258  0.00027948607  0.0025904718  0.018957370  
4.0022430e-05  0.016377915  -0.00016981509  -0.00021894879  -0.019334568  0.00020060844  0.00025820629  0.99800186  -0.010357469  -0.013334523  
0.0046844135  0.00013450877  0.016249449  -0.0022623443  -0.00013268064  -0.019160125  0.0026250518  0.0084044723  0.98853774  -0.13662541  
-0.0017188953  0.00024023438  0.0022272643  0.016231950  -0.00029314844  -0.0026377492  -0.019145694  0.014562822  0.13631744  0.98865581  
