0.99886719  -0.0014182217  -0.0028060383  -0.0013370317  -0.00013442810  -0.0015714317  0.00083480035  -0.0020595592  0.0013387632  0.0011079304  
0.0014255775  0.99867624  -0.0083623781  0.010306879  0.0049421561  -4.3616068e-05  5.2284390e-05  -0.010478036  8.9639139e-05  -0.00010658428  
0.0028549411  0.0075942999  0.99674141  0.061766958  3.7256137e-05  0.0049283420  0.00030819724  -8.5508105e-05  -0.010450975  -0.00064486372  
0.0011013763  -0.010631714  -0.061662790  0.99672910  -5.2742022e-05  -0.00030687134  0.0049336643  0.00010924359  0.00064825422  -0.010453479  
-0.00026046754  -0.0061822707  5.2449758e-05  -6.3483470e-05  0.99140277  -0.0082970470  0.010233488  -0.12170551  0.0010182626  -0.0012565735  
0.0015822061  -4.9254087e-05  -0.0061750576  -0.00038449733  0.0075428003  0.98948546  0.061322127  -0.00092916808  -0.12146883  -0.0075261569  
-0.00080039721  6.6898773e-05  0.00038387477  -0.0061695431  -0.010552608  -0.061209290  0.98946854  0.0012970291  0.0075132407  -0.12146949  
0.0020832899  0.0098643714  -8.8445154e-05  9.9057592e-05  0.12177085  -0.0010224121  0.0012588121  0.99131349  -0.0082938767  0.010235069  
-0.0011709553  7.6768546e-05  0.0098516257  0.00061191561  0.00092662877  0.12153777  0.0075308026  0.0075447754  0.98940145  0.061314226  
-0.0012290908  -0.00010324267  -0.00060569457  0.0098497805  -0.0012960038  -0.0075163428  0.12153252  -0.010549230  -0.061206957  0.98938306  
