0.99825704  0.00033860208  0.0044944381  -0.0038349329  -0.0039492923  0.0010415522  0.0013559069  -0.0038828333  0.0018243659  -0.00047477906  
-0.00056025689  0.99764382  0.025691801  -0.0013066976  0.024523131  0.00063093891  -3.2940200e-05  -0.0018510950  -4.8789199e-05  2.7060861e-06  
-0.0044603698  -0.025662718  0.99739645  -0.015308947  -0.00061302702  0.024510621  -0.00038266860  6.4984925e-05  -0.0018611140  3.0603665e-05  
0.0037740193  0.0010650425  0.015143128  0.99749332  1.1233385e-05  0.00037569546  0.024522538  -1.6569001e-05  -2.1177147e-05  -0.0018548669  
0.0041026591  -0.024539812  -0.00061370021  1.6475675e-05  0.99749744  0.025695276  -0.0013032509  0.022544105  0.00058857149  -3.1555295e-05  
-0.0010236675  0.00063093032  -0.024540008  0.00038087710  -0.025653979  0.99728511  -0.015325427  -0.00057637533  0.022552992  -0.00034609128  
-0.0013915902  -2.6611865e-05  -0.00037844407  -0.024532295  0.0010693519  0.015122819  0.99737555  2.9555252e-05  0.00033944632  0.022557590  
0.0036994675  0.0025043955  8.0944300e-05  -1.7392840e-05  -0.022719452  -0.00058094453  3.4706479e-05  0.99792089  0.025708638  -0.0013110399  
-0.0020013538  -6.5009686e-05  0.0024937331  -3.0792409e-05  0.00059192882  -0.022701776  0.00034612745  -0.025661073  0.99770386  -0.015329599  
0.00070642276  2.8971069e-06  4.1230270e-05  0.0025001039  -2.7110144e-05  -0.00034349152  -0.022700800  0.0010613470  0.015132028  0.99779852  
