0.99870776  -0.0011776565  -0.0018050120  0.0017480398  -0.0018831581  -0.00024120340  0.0017956526  -0.0021621167  0.0025560565  8.0202336e-05  
0.0012445816  0.99840474  0.015132594  -0.0046013393  -0.018417614  -0.00027943400  8.7153501e-05  -0.0057401233  -8.3811635e-05  2.6545670e-05  
0.0020298768  -0.015455909  0.99332477  -0.10061886  0.00028122684  -0.018322089  0.0018596307  8.4396164e-05  -0.0057030673  0.00057838590  
-0.0015766216  0.0032057690  0.10052052  0.99325632  -5.6157455e-05  -0.0018536672  -0.018323195  -1.5010599e-05  -0.00058163737  -0.0057079735  
0.0019840259  0.018787587  0.00028126177  -8.3177650e-05  0.99693979  0.015112234  -0.0045932163  0.054075501  0.00082481319  -0.00024920999  
0.00039585047  -0.00029128840  0.018693657  -0.0018930300  -0.015431578  0.99187308  -0.10047433  -0.00083788796  0.053805702  -0.0054502962  
-0.0017387342  6.2353896e-05  0.0018948887  0.018689995  0.0032024659  0.10037079  0.99180074  0.00017730573  0.0054402207  0.053800836  
0.0019733171  0.0045680732  6.5709859e-05  -1.7615153e-05  -0.054306269  -0.00082361178  0.00025393933  0.99722714  0.015122053  -0.0045979585  
-0.0026755577  -6.7529155e-05  0.0045520861  -0.00046538923  0.00084558084  -0.054025809  0.0054678751  -0.015429438  0.99215272  -0.10050424  
-0.00029877744  1.5010835e-05  0.00046066767  0.0045463289  -0.00017371412  -0.0054670179  -0.054023166  0.0032007699  0.10039865  0.99209031  
