0.99797420  0.00017305491  -0.0083385905  0.0014080260  0.0092643056  -0.00011159009  -0.0016281926  -0.0012834478  0.0012123473  -0.00026801595  
-5.1706116e-05  0.99788018  0.0069352001  -0.0035041827  0.0063818699  4.4359920e-05  -2.2327605e-05  -0.0051681374  -3.5979244e-05  1.8162311e-05  
0.0082963007  -0.0068265601  0.99758441  0.023289444  3.3344232e-05  0.0063799738  0.00013534688  2.4693971e-05  -0.0051569526  -0.00012278772  
-0.0015728285  0.0037092324  -0.022912763  0.99723344  9.1249112e-06  -0.00014645611  0.0063807935  -1.7189464e-05  0.00011682677  -0.0051644434  
-0.0092876479  -0.0064072486  3.3087122e-05  9.3899452e-06  0.99773562  0.0069354010  -0.0034887521  -0.019151559  -0.00014445947  6.9787959e-05  
8.5431318e-05  4.3845415e-05  -0.0064048981  -0.00014930499  -0.0068268064  0.99759538  0.023276238  0.00013101647  -0.019159050  -0.00044705358  
0.0016669833  -2.3523159e-05  0.00013323851  -0.0063991487  0.0037247630  -0.022924751  0.99717462  -7.3381953e-05  0.00044229902  -0.019151573  
0.0011027667  0.0050019549  2.5545568e-05  -1.6008085e-05  0.018959183  0.00013156239  -6.8339401e-05  0.99816504  0.0069380971  -0.0035054112  
-0.0011927011  -3.4431407e-05  0.0050105942  0.00011499432  -0.00014073021  0.018944779  0.00044397152  -0.0068284237  0.99793849  0.023284737  
0.00033226599  1.8651099e-05  -0.00011768981  0.0049990018  7.3524995e-05  -0.00043538175  0.018936165  0.0037101420  -0.022932078  0.99752165  
