0.99851720  0.00042861780  -0.0018305751  -0.00025835611  -0.00011378813  -0.00035173867  -0.0018999377  8.9896710e-05  -0.0016362004  3.3917447e-05  
-0.00025682328  0.99805885  0.016800611  -0.011173118  -0.011058943  -0.00018606315  0.00012429292  -0.018281320  -0.00030730481  0.00020464883  
0.0018494459  -0.017073568  0.99760498  -0.023633059  0.00018898137  -0.011054631  0.00025834129  0.00031291504  -0.018276074  0.00043293725  
0.00026721394  0.010814225  0.023802949  0.99775364  -0.00011985599  -0.00026384766  -0.011056099  -0.00019805638  -0.00043644189  -0.018275696  
1.6161902e-05  0.010946122  0.00018422429  -0.00012254501  0.99843269  0.016806425  -0.011177399  -0.0049175993  -8.2803538e-05  5.5052669e-05  
0.00024945604  -0.00018715434  0.010940716  -0.00025925259  -0.017080784  0.99798185  -0.023641904  8.4150651e-05  -0.0049157894  0.00011645009  
0.0018810366  0.00011941016  0.00025761343  0.010942281  0.010817945  0.023811690  0.99812375  -5.3113551e-05  -0.00012036578  -0.0049160329  
-8.1814062e-05  0.018296587  0.00030813360  -0.00020480795  0.0046558817  7.8400249e-05  -5.1966420e-05  0.99823385  0.016803218  -0.011175145  
0.0017053435  -0.00031227869  0.018285235  -0.00043367855  -7.9844991e-05  0.0046531697  -0.00011348912  -0.017077201  0.99778040  -0.023636664  
-3.5753723e-05  0.00019823114  0.00043643507  0.018291035  5.0451111e-05  0.00011105390  0.0046545164  0.010816002  0.023807668  0.99792855  
