0.99788076  2.0663997e-05  -0.0064126592  0.00025031453  -0.0075607124  0.00088963780  0.0036934833  0.00062993134  0.0034977264  -0.00010583734  
-0.00014006499  0.99780422  0.0020044668  0.010063818  0.0014605502  2.8057467e-06  1.4201979e-05  0.0083338973  1.6243492e-05  8.4071435e-05  
0.0061823479  0.0011550101  0.96085611  -0.26772221  -4.5152977e-05  0.0014110147  -0.00036871684  1.3548677e-05  0.0080473850  -0.0022367717  
0.0013056205  -0.010361612  0.26807958  0.96107936  -2.5048362e-05  0.00039329647  0.0014106035  -8.5719585e-05  0.0022437345  0.0080271065  
0.0074478722  -0.0021499442  -5.2179443e-05  -1.9817623e-05  0.99210869  0.0019988836  0.010034544  0.10675655  0.00024046107  0.0010759092  
-0.00022234147  -2.4931788e-06  -0.0020691383  0.00057684341  0.0011500399  0.95546513  -0.26621154  0.00012341674  0.10280236  -0.028642875  
-0.0040659854  2.2243373e-05  -0.00055155485  -0.0020719818  -0.010272273  0.26656925  0.95563244  -0.0011111250  0.028667613  0.10282317  
-0.0016265761  -0.0080377193  -5.6866485e-06  -8.1476118e-05  -0.10661465  -0.00021555452  -0.0010814602  0.99216064  0.0019865352  0.010007115  
-0.0031663738  -9.3685754e-06  -0.0077200268  0.0021558206  -9.9421687e-05  -0.10268571  0.028597675  0.0011463524  0.95545090  -0.26620945  
-0.00067680074  8.3452858e-05  -0.0021551995  -0.0077420203  0.0011123895  -0.028648919  -0.10270497  -0.010303472  0.26656957  0.95564423  
