0.99834747  0.0016388384  0.0041804493  -0.0014631221  -0.0057548900  0.0023895957  -0.00049324182  0.0028866717  0.0014262687  -0.0011748257  
-0.0014544849  0.99813882  0.0091413321  -0.010148918  0.012205739  0.00010825122  -0.00012335397  0.0010741347  7.7991213e-06  -9.2683396e-06  
-0.0043156217  -0.0090848660  0.99805664  -0.0046902361  -8.6055635e-05  0.012186077  -5.5349503e-05  -2.2191307e-05  0.0010721100  -6.1826365e-08  
0.0014718597  0.010041910  0.0047562669  0.99817067  0.00011418424  6.1606959e-05  0.012197000  1.5077142e-05  7.2324413e-06  0.0010766524  
0.0060722973  -0.011882599  -8.3601096e-05  0.00011207357  0.98091060  0.0090045431  -0.0099790523  -0.18440889  -0.0016814953  0.0018685374  
-0.0021234834  0.00010468954  -0.011900599  5.9083760e-05  -0.0089091295  0.98087512  -0.0046146011  0.0016711631  -0.18441712  0.00087026757  
0.00032563101  -0.00011907558  -5.5200651e-05  -0.011893310  0.0098646408  0.0046690932  0.98097663  -0.0018540411  -0.00087720189  -0.18443259  
-0.0017566452  -0.0032629272  -3.7190523e-05  3.5710877e-05  0.18437830  0.0016854011  -0.0018741858  0.98115991  0.0089893528  -0.0099763646  
-0.0019650786  2.6481461e-05  -0.0032680423  1.8194530e-05  -0.0016654981  0.18435117  -0.00086657555  -0.0089291119  0.98109674  -0.0046143727  
0.0011530108  -3.0918633e-05  -1.0688274e-05  -0.0032618805  0.0018477449  0.00088019621  0.18437348  0.0098720955  0.0046709779  0.98119470  
