0.99809841  -0.0020239075  -0.0095520313  0.0022048763  0.0094741056  -0.0020554236  0.00025357569  0.0011903436  0.00015849062  0.0012726592  
0.0017702038  0.99795386  0.0034636039  0.015060574  -7.1699889e-05  -3.9473028e-06  -8.8868640e-07  -0.011166872  -3.8623714e-05  -0.00016625807  
0.0093004034  -0.0052387604  0.99141012  0.11601373  8.8460384e-05  -0.00010698223  -7.9512555e-06  6.9144751e-05  -0.011094914  -0.0012863904  
-0.0031815737  -0.014676073  -0.11603620  0.99101432  -2.8824918e-05  1.6810392e-05  -8.8713163e-05  0.00016065224  0.0012984010  -0.011095328  
-0.0092229478  -0.00093949417  8.4856132e-05  -3.4993482e-05  0.99369568  0.0034849259  0.014991319  -0.090089253  -0.00031588121  -0.0013707606  
0.0021831660  5.2376126e-07  -0.00097313488  -0.00010654056  -0.0051771418  0.98734703  0.11550843  0.00047366774  -0.089495211  -0.010467105  
-0.00037266605  1.4782714e-05  0.00011464229  -0.00095253247  -0.014624333  -0.11558041  0.98687594  0.0013249122  0.010476450  -0.089452939  
-0.0021360662  0.011040604  5.8866840e-05  0.00016176519  0.090191778  0.00031900077  0.0013605308  0.99393740  0.0034661680  0.014993302  
0.00014134275  -5.8117748e-05  0.010962964  0.0012831724  -0.00047002162  0.089627748  0.010485428  -0.0051984439  0.98750726  0.11552634  
-0.0012813844  -0.00015976064  -0.0012714105  0.010956691  -0.0013393027  -0.010489422  0.089584659  -0.014624965  -0.11559955  0.98703006  
