0.99908082  0.0011971020  0.0061691824  -0.0014565437  -0.0066284231  0.00037427274  -0.0012295015  -0.0014514095  -0.0013987996  -0.0016055305  
-0.0012484072  0.99902022  -0.0090493367  -0.0044066085  -0.011598952  0.00010458339  5.2756100e-05  0.0032736988  -2.7864259e-05  -1.2431797e-05  
-0.0062679446  0.0086285754  0.99636144  -0.068954122  -5.8754416e-05  -0.011579123  0.00080897009  3.7389675e-05  0.0032720750  -0.00021578819  
0.0010384546  0.0050162783  0.069040635  0.99650059  -6.5157325e-05  -0.00080169203  -0.011579238  1.4916074e-05  0.00022463931  0.0032619644  
0.0066076179  0.011705105  -6.5064084e-05  -6.1249852e-05  0.99903522  -0.0090396716  -0.0044168131  -0.0051397610  3.7179200e-05  1.2019606e-05  
-0.00055331865  0.00010045385  0.011663076  -0.00080665947  0.0086402524  0.99645713  -0.068966537  -4.3544071e-05  -0.0051159248  0.00035502832  
0.0012398053  6.0204778e-05  0.00081595265  0.011665879  0.0050070963  0.069038650  0.99655778  -2.7554250e-05  -0.00035623937  -0.0051192155  
0.0015732434  -0.0032987825  3.9587187e-05  1.2271400e-05  0.0051337302  -4.5967835e-05  -2.4635988e-05  0.99912491  -0.0090447853  -0.0044114222  
0.0013103655  -2.6962677e-05  -0.0032839149  0.00022593734  3.5775331e-05  0.0051311598  -0.00035671856  0.0086350939  0.99650352  -0.068972647  
0.0017342481  -1.4491188e-05  -0.00021737342  -0.0032948714  1.4317534e-05  0.00035612107  0.0051290597  0.0050130441  0.069039084  0.99660454  
