0.99904588  -9.1582478e-05  -0.0014769054  -0.0048944718  0.0020698011  -0.0017799620  -0.0010644300  0.0062011598  -0.0010048324  -0.00042149885  
0.00010452387  0.99797291  0.014780817  -0.031131728  -0.029626069  -0.00043901433  0.00092403908  -0.010183969  -0.00015096548  0.00031765375  
0.00095131510  -0.017250212  0.99491790  -0.083278747  0.00051410286  -0.029537399  0.0024710440  0.00018206620  -0.010154510  0.00084943239  
0.0050137870  0.029904253  0.083555836  0.99434107  -0.00087744420  -0.0024895783  -0.029524729  -0.00027422821  -0.00085765055  -0.010150038  
-0.0024387133  0.030244200  0.00045149860  -0.00093167254  0.99554964  0.014749475  -0.031053034  0.070100495  0.0010408285  -0.0021861798  
0.0017586573  -0.00052293982  0.030148811  -0.0025323320  -0.017204639  0.99250528  -0.083074187  -0.0012009142  0.069899197  -0.0058514145  
0.0012373104  0.00090615720  0.0025305817  0.030128573  0.029834833  0.083358480  0.99195449  0.0021087695  0.0058697622  0.069861480  
-0.0060298183  0.0079464914  0.00012658437  -0.00021841249  -0.070292059  -0.0010301639  0.0021989854  0.99595372  0.014757521  -0.031066739  
0.0010933551  -0.00013745055  0.0079199840  -0.00066841262  0.0012170751  -0.070066487  0.0058631335  -0.017209022  0.99294259  -0.083109122  
0.00029261258  0.00023807348  0.00066487280  0.0079156686  -0.0021053110  -0.0058852719  -0.070025862  0.029847286  0.083396945  0.99239071  
