0.99792607  -0.00038490275  -0.0024226032  0.0036597514  0.0034719583  -0.0014325890  0.0012246508  0.0044550853  0.00030303709  0.00056577950  
0.00016549972  0.99700082  0.028349967  -0.0030938201  0.031933508  0.00090779614  -9.8908274e-05  -0.010239667  -0.00029114234  3.1877341e-05  
0.0024359142  -0.028385851  0.99681939  0.010190285  -0.00090066509  0.031923812  0.00032908775  0.00030242214  -0.010237862  -0.00010319374  
-0.0034849058  0.0034384896  -0.010286801  0.99728923  9.7963709e-05  -0.00032474401  0.031938301  -5.0861462e-05  0.00010468654  -0.010245474  
-0.0036389046  -0.031273422  -0.00088048609  8.3723623e-05  0.99659808  0.028344499  -0.0030976817  0.035112953  0.00099781660  -0.00011109483  
0.0013394882  0.00088988692  -0.031272570  -0.00031446546  -0.028369143  0.99643330  0.010179011  -0.00099415875  0.035123418  0.00035949803  
-0.0010996928  -0.00010739533  0.00032562072  -0.031288305  0.0034319744  -0.010289654  0.99691040  0.00011619797  -0.00036308614  0.035139185  
-0.0045001434  0.011427324  0.00033581875  -5.1965636e-05  -0.035026017  -0.00098908212  0.00010314034  0.99690820  0.028346938  -0.0030967531  
-0.00021417581  -0.00032520727  0.011424096  0.00011589239  0.00099601018  -0.035003887  -0.00035778787  -0.028383800  0.99675265  0.010180489  
-0.00061611170  3.9627177e-05  -0.00011648756  0.011426779  -0.00012284125  0.00036240952  -0.035021690  0.0034341447  -0.010294698  0.99722905  
