0.99875480  -0.00066495614  0.0028774211  0.0050343029  0.0021722085  -0.0010557875  0.0037921555  -0.0023071872  0.0032495696  -0.00047838717  
0.00053771342  0.99776247  0.030341522  0.017594684  -0.026093562  -0.00079406083  -0.00045804983  0.010217897  0.00031250579  0.00017991188  
-0.0029386784  -0.030702791  0.99777233  0.018009073  0.00079661024  -0.026092085  -0.00048250332  -0.00030771367  0.010209702  0.00018605296  
-0.0048464770  -0.016795447  -0.018495339  0.99778471  0.00042868175  0.00048853077  -0.026114420  -0.00016081734  -0.00020525962  0.010222023  
-0.0023257332  0.026241961  0.00079124934  0.00045106470  0.99766312  0.030339516  0.017581613  -0.015603147  -0.00048213040  -0.00027406600  
0.0010395433  -0.00080821046  0.026243884  0.00047923028  -0.030699609  0.99768506  0.018026116  0.00047795142  -0.015605333  -0.00028246548  
-0.0037873116  -0.00043924201  -0.00049701203  0.026222563  -0.016805398  -0.018475386  0.99770038  0.00027148104  0.00027675339  -0.015607294  
0.0022427289  -0.0099837999  -0.00029710333  -0.00016481129  0.015855649  0.00047963618  0.00028785338  0.99804636  0.030355983  0.017595959  
-0.0033443313  0.00030944963  -0.0099921887  -0.00019719430  -0.00049508082  0.015854647  0.00027370018  -0.030705972  0.99805857  0.018030784  
0.00032839377  0.00016783863  0.00018587599  -0.0099810681  -0.00026613612  -0.00029395570  0.015852822  -0.016804381  -0.018485398  0.99809784  
