0.99931528  0.00022478643  -0.0021042799  -0.00094952218  0.0028784064  -0.0013078693  0.0016778653  -0.0015749569  0.0019958829  3.0936864e-05  
-0.00024738894  0.99914916  -0.0084610712  0.012796647  -0.010143306  8.6219345e-05  -0.00013031470  -0.0087628087  7.3719655e-05  -0.00011224065  
0.0020939685  0.0085983924  0.99917524  -0.010199114  -8.1248058e-05  -0.010145643  0.00010702917  -7.8709620e-05  -0.0087592834  8.9500346e-05  
0.00098949760  -0.012692551  0.010321462  0.99896712  0.00013169739  -0.00010609171  -0.010139094  0.00010976452  -8.8568039e-05  -0.0087615792  
-0.0029614013  0.0098911866  -7.7536209e-05  0.00012950185  0.99885932  -0.0084553336  0.012787837  -0.024571833  0.00020221874  -0.00031485050  
0.0013657490  8.5429005e-05  0.0098892782  -0.00010225205  0.0085994340  0.99889649  -0.010191960  -0.00021363921  -0.024574521  0.00025086531  
-0.0016769868  -0.00012603918  0.00010573721  0.0098916528  -0.012694029  0.010322833  0.99868394  0.00031485255  -0.00025728202  -0.024572096  
0.0015283767  0.0089800016  -7.9265238e-05  0.00011355303  0.024522711  -0.00020964087  0.00031657972  0.99897590  -0.0084570923  0.012794271  
-0.0018859154  7.6847916e-05  0.0089839026  -8.9852717e-05  0.00020555384  0.024521524  -0.00025339563  0.0085994230  0.99900498  -0.010195439  
-9.0932382e-05  -0.00011409427  9.2972321e-05  0.0089781162  -0.00031173224  0.00025345041  0.024513711  -0.012690459  0.010321598  0.99879719  
