0.99845693  -0.00028179986  -0.011619670  0.0012675029  0.010719519  -0.0024803733  -0.010026459  -0.0017529272  -0.0092526282  0.0024395831  
0.00026716761  0.99851103  0.0024510585  -0.0076251240  0.0034242293  7.7627894e-06  -2.8765773e-05  0.0023129517  3.2587313e-06  -1.7027592e-05  
0.011661753  -0.0025971284  0.99831176  -0.016471812  0.00011654088  0.0033924739  -0.00017373872  -2.7034906e-05  0.0022053834  -9.7672736e-06  
-0.0010937348  0.0074740241  0.016527147  0.99823397  1.3749788e-05  5.9301690e-05  0.0034315490  1.9303310e-05  4.8462716e-05  0.0023100971  
-0.010763818  -0.0034206222  0.00011694645  1.2539203e-05  0.99847242  0.0024808233  -0.0075177561  -0.00045843767  9.8474552e-05  -2.2608225e-05  
0.0022706443  8.3237843e-06  -0.0034497422  5.9415651e-05  -0.0025697922  0.99851902  -0.016510844  -2.8870585e-06  -0.00049901644  1.3473589e-05  
0.0099848899  -2.8111556e-05  -0.00017302037  -0.0034097248  0.0075818957  0.016490963  0.99821196  -2.1607242e-05  -0.00010043196  -0.00045334278  
0.0018197261  -0.0022391807  -2.6467128e-05  1.9371668e-05  0.00060618842  -2.9925284e-06  -2.2591348e-05  0.99860604  0.0024376883  -0.0076218141  
0.0093038238  3.4990221e-06  -0.0023469694  4.8725279e-05  9.8628697e-05  0.00056384722  -0.00010330871  -0.0026112687  0.99845952  -0.016465462  
-0.0023581837  -1.6173885e-05  -9.7741751e-06  -0.0022410723  -2.0791450e-05  1.5470853e-05  0.00061019303  0.0074787059  0.016537601  0.99832782  
