0.99893710  -0.00065659151  -0.0013021943  0.0015895242  0.00036843918  2.2553619e-05  0.0011182765  0.00084775659  0.0013232290  -5.1762313e-07  
-0.00080927771  -0.99879913  -0.0062923711  -0.0040182109  -0.010389566  -6.5480933e-05  -4.2689001e-05  0.0065674620  4.0313836e-05  2.6415876e-05  
-0.0014629452  0.0056746762  -0.98943913  0.13569382  5.8476998e-05  -0.010291954  0.0014098401  -3.8552129e-05  0.0065046682  -0.00089234284  
0.0014723189  0.0047982304  -0.13569806  -0.98950776  5.0463110e-05  -0.0014114444  -0.010290991  -3.0310234e-05  0.00089429383  0.0065070595  
-0.00042701600  -0.0099484543  -6.2130224e-05  -4.0690806e-05  0.99697481  0.0062819190  0.0040091067  0.059605913  0.00037501286  0.00023972180  
-7.8733169e-05  5.6565870e-05  -0.0098554141  0.0013515021  -0.0056633784  0.98763344  -0.13544833  -0.00033866225  0.059047668  -0.0080980623  
-0.0012256021  4.8608907e-05  -0.0013500297  -0.0098581548  -0.0047908826  0.13544821  0.98770100  -0.00028744623  0.0080964383  0.059051895  
-0.00064649129  0.0071357752  4.5802519e-05  2.7667893e-05  -0.059455680  -0.00037464270  -0.00023983868  0.99716186  0.0062822534  0.0040103389  
-0.0012567468  -3.9706547e-05  0.0070701313  -0.00097140290  0.00033727508  -0.058898380  0.0080761633  -0.0056654808  0.98781747  -0.13547371  
-8.7159510e-05  -3.4227825e-05  0.00096951671  0.0070688477  0.00028564921  -0.0080775716  -0.058902561  -0.0047914052  0.13547359  0.98788808  
