0.99841180  -0.00082215693  0.0038310220  0.00088330294  -0.0034372106  -0.00095080475  -0.0070303038  0.0012600870  -0.0077430285  0.0011704904  
0.00075586468  0.99832243  0.00082694071  0.0090514491  0.0016247568  6.2343915e-07  9.4311988e-06  -0.0079246639  -1.2403991e-05  -7.0967382e-05  
-0.0039871339  -0.0010445384  0.99795998  0.029546235  1.2018373e-05  0.0016305891  7.6244201e-05  3.2864562e-06  -0.0078919353  -0.00023926785  
-0.00060299212  -0.0089053939  -0.029401774  0.99795579  -1.2441518e-05  -4.7349603e-05  0.0016310072  6.9942218e-05  0.00023807670  -0.0079234133  
0.0036034351  -0.0020937765  1.2100993e-05  -1.5767254e-05  0.99690255  0.00081944648  0.0090126411  -0.053999846  -7.2522437e-05  -0.00048537845  
0.00088858895  1.4627536e-06  -0.0020866713  -6.1100555e-05  -0.0010494029  0.99656683  0.029501826  5.7803509e-05  -0.053992473  -0.0015974559  
0.0070387571  1.2855628e-05  8.8580444e-05  -0.0020838139  -0.0089175612  -0.029364697  0.99649918  0.00049064866  0.0015357790  -0.053976304  
-0.0012197040  0.0080455017  1.9599800e-06  7.1852199e-05  0.054097030  4.5811096e-05  0.00049899325  0.99694185  0.00083236078  0.0090368425  
0.0076249323  -1.4722221e-05  0.0080709528  0.00024485813  -8.3025038e-05  0.054066726  0.0015474244  -0.0010367503  0.99653696  0.029517864  
-0.0010058239  -7.0935496e-05  -0.00024076062  0.0080406524  -0.00047909132  -0.0015920135  0.054080043  -0.0088948521  -0.029351030  0.99657598  
