0.99830511  0.00084267192  0.00092577095  0.0010946527  -0.00035403600  -0.0014815399  0.00063448154  -0.0041825746  0.0011881414  -0.00061168215  
-0.00090444851  0.99790580  0.014713506  0.00096704842  -0.020950110  -0.00030753579  -2.0893458e-05  0.0083553757  0.00012204045  8.6364564e-06  
-0.0012705518  -0.014098004  0.93484896  0.34858795  0.00029635440  -0.019624671  -0.0073191891  -0.00011266897  0.0078222731  0.0029180902  
-0.00074597013  0.0042684974  -0.34867138  0.93509252  -8.9391599e-05  0.0073212369  -0.019632139  3.8868425e-05  -0.0029189325  0.0078262599  
0.00014096758  0.021267079  0.00031372043  2.0786457e-05  0.99747215  0.014707750  0.00096771632  -0.033236139  -0.00048989429  -3.2325014e-05  
0.0010693405  -0.00029946194  0.019924144  0.0074301693  -0.014091093  0.93444154  0.34843825  0.00046492354  -0.031134117  -0.011610491  
-0.0011425057  8.9971517e-05  -0.0074317913  0.019927061  0.0042676616  -0.34851718  0.93468555  -0.00013738543  0.011611196  -0.031142860  
0.0041753626  -0.0076567941  -0.00010905293  -2.9116129e-06  0.033192276  0.00048320287  3.4776568e-05  0.99780765  0.014718156  0.00096555032  
-0.00081147296  0.00010746006  -0.0071772168  -0.0026768877  -0.00046863849  0.031097410  0.011594676  -0.014092152  0.93477276  0.34856135  
0.00087404904  -3.1999670e-05  0.0026774054  -0.0071773326  0.00014172915  -0.011599223  0.031104759  0.0042651394  -0.34864116  0.93501645  
