0.99815211  -0.00027125014  0.011592980  9.3203436e-05  -0.010662563  -0.0013257558  -0.0062593585  0.0055491317  -0.0061198482  0.0014424820  
0.00030857071  0.99799496  -0.014186150  -0.0064022179  -0.017841813  0.00025322876  0.00011251348  0.0065693727  -9.5259567e-05  -4.1684220e-05  
-0.011456777  0.014723170  0.99083932  0.11745391  -0.00014110650  -0.017698022  -0.0020280928  3.3306732e-05  0.0065911657  0.00075632487  
0.0011089589  0.0047468569  -0.11760695  0.99094314  -9.6612544e-05  0.0021009351  -0.017719352  3.7367361e-05  -0.00078075867  0.0065228547  
0.010981080  0.018306174  -0.00013287026  -0.00011673092  0.99600968  -0.014177581  -0.0064590204  -0.062748122  0.00082582388  0.00041895695  
0.0015801264  0.00026964309  0.018198682  0.0021549032  0.014675586  0.98911484  0.11722485  -0.00091751673  -0.062377143  -0.0073897468  
0.0063703438  8.5453706e-05  -0.0020840617  0.018180046  0.0046701861  -0.11740791  0.98904872  -0.00026330065  0.0073635629  -0.062356302  
-0.0049250984  -0.0055258788  2.1340492e-05  3.5132455e-05  0.062728682  -0.00088466058  -0.00037118597  0.99628800  -0.014135644  -0.0063986634  
0.0058662181  -8.3032525e-05  -0.0054202667  -0.00065010744  0.00086172151  0.062227073  0.0073396812  0.014728149  0.98926799  0.11726555  
-0.0019950098  -2.5777662e-05  0.00062826778  -0.0054882241  0.00031948250  -0.0073841061  0.062245463  0.0047280254  -0.11740955  0.98927251  
