0.99823612  3.7354809e-05  -0.010456953  0.0020558195  0.0092481169  -0.00095175215  0.0038963072  0.0026930455  0.0044285760  -0.00023247838  
3.3717414e-05  0.99774096  -0.0094054185  -0.021202195  -0.012622168  0.00011894950  0.00026837196  0.021431348  -0.00020185951  -0.00045542755  
0.010251322  0.0090819519  0.99779258  -0.0099218386  -1.9844313e-05  -0.012634461  0.00016625150  0.00022267904  0.021480327  -0.00021567900  
-0.0017975421  0.021522798  0.0099709710  0.99756060  -0.00028933310  -0.00012411588  -0.012627521  0.00045735467  0.00020557185  0.021427838  
-0.0092846879  0.012402270  -1.9513758e-05  -0.00028263243  0.99781023  -0.0093975498  -0.021241999  0.012399840  -0.00015822478  -0.00026213196  
0.00086248970  0.00011293476  0.012395930  -0.00012187295  0.0090905630  0.99805482  -0.0099412567  0.00011534193  0.012430422  -0.00012399022  
-0.0039114702  0.00026733890  0.00016451796  0.012392583  0.021490372  0.0099568707  0.99770397  0.00025760169  0.00010670189  0.012423303  
-0.0026004188  -0.021499980  0.00023010250  0.00045150498  -0.012094392  0.00011630033  0.00024623200  0.99783131  -0.0094175400  -0.021203803  
-0.0049405771  -0.00019595661  -0.021451291  0.00020407722  -0.00015555505  -0.012067433  0.00010083546  0.0090690102  0.99797616  -0.0099429732  
0.00021529424  -0.00046377453  -0.00021683986  -0.021495566  -0.00025826753  -0.00012061038  -0.012067247  0.021525610  0.0099535575  0.99766169  
