0.99794984  -0.00027731368  0.0051982019  0.0021988526  -0.0049103525  -0.00037232752  0.0054570745  0.0018633883  0.0061277032  0.00039792009  
0.00032339957  0.99754846  0.017558507  0.014622709  0.011706931  0.00020594303  0.00017340129  -0.010802843  -0.00018813264  -0.00015823879  
-0.0052434483  -0.017523896  0.99769963  -0.010719482  -0.00018007954  0.011712653  -0.00015417833  0.00018019475  -0.010837536  0.00011409123  
-0.0024386195  -0.014913101  0.010656452  0.99738670  -0.00016313264  0.00012617034  0.011693442  0.00015704935  -0.00013050336  -0.010802620  
0.0046614685  -0.011394155  -0.00017621484  -0.00015676517  0.99729415  0.017550921  0.014643938  0.021654966  0.00040957788  0.00031896078  
0.00038130897  0.00020006176  -0.011393147  0.00012303783  -0.017522921  0.99749517  -0.010703651  -0.00037967209  0.021652373  -0.00023223879  
-0.0057370301  0.00017190230  -0.00015174309  -0.011403674  -0.014882278  0.010668900  0.99712930  -0.00033413118  0.00019633159  0.021640975  
-0.0019535325  0.011014986  0.00018380858  0.00015721957  -0.021407454  -0.00037618985  -0.00032440378  0.99746297  0.017543533  0.014620098  
-0.0060263543  -0.00019184275  0.010984833  -0.00013153434  0.00040588557  -0.021418359  0.00019694553  -0.017534999  0.99760770  -0.010709267  
-0.00025388990  -0.00016459177  0.00011630622  0.011012098  0.00032159626  -0.00022895136  -0.021415076  -0.014913070  0.010666517  0.99730991  
