0.99835855  0.00062229973  -0.0078614979  0.0021161259  -0.0081504649  -0.0017572799  -0.0042847464  0.00071585297  -0.0040625843  0.00016936786  
-0.00072369941  0.99810595  -0.015150755  -0.0011323911  0.017853262  -0.00026976348  -1.7145754e-05  -9.3032331e-06  3.0972622e-06  -8.3025068e-08  
0.0075762988  0.015007924  0.99340867  0.091914989  0.00020651030  0.017751341  0.0016111886  5.4040177e-06  -3.9644089e-05  1.6319811e-07  
-0.0027351819  -0.00016094979  -0.092027498  0.99399640  1.9433491e-05  -0.0016412340  0.017785522  -1.9955208e-06  1.1960216e-05  -9.0868136e-06  
0.0082282190  -0.017860066  0.00020677641  3.7498825e-05  0.99275594  -0.015090405  -0.0011597231  -0.10508003  0.0015621761  0.00012011790  
0.0016228671  -0.00026752441  -0.017794940  -0.0016415076  0.014910512  0.98820644  0.091405766  -0.0015784284  -0.10460432  -0.0096754255  
0.0042681427  5.5415799e-06  0.0016139789  -0.017782776  -0.00019334991  -0.091569064  0.98872233  1.9898000e-05  0.0096739122  -0.10465337  
3.5069356e-05  -0.0018853549  2.8316194e-05  2.2201673e-06  0.10478088  -0.0015911933  -0.00011888825  0.99272831  -0.015074945  -0.0011247688  
0.0041895717  -2.5697095e-05  -0.0019096298  -0.00016476265  0.0015407023  0.10428702  0.0096297384  0.014925404  0.98809776  0.091404458  
-1.3017847e-05  2.8635282e-07  0.00017405810  -0.0018776760  -1.6527943e-05  -0.0096632552  0.10435044  -0.00015839300  -0.091552840  0.98864613  
