0.99786468  -0.00099449454  -0.0067831068  0.0037664148  0.0062716430  -0.0016495016  -0.0065401772  0.00074201722  -0.0061639861  0.0017048062  
0.00097989024  0.99753567  -0.014106048  -0.013039843  -0.012932007  0.00018125090  0.00016275387  0.012757661  -0.00018636205  -0.00016513238  
0.0065431117  0.015255649  0.99441266  0.078957463  -0.00015682824  -0.012909040  -0.0010666518  0.00020004476  0.012677133  0.0010206052  
-0.0041825804  0.011607004  -0.078919852  0.99430442  -0.00017677791  0.0010308823  -0.012869035  0.00014527193  -0.00098378847  0.012708654  
-0.0064123886  0.013025191  -0.00014042140  -0.00019443400  0.99749108  -0.014088713  -0.013001445  -0.024101641  0.00038020059  0.00030412945  
0.0021687483  0.00019702439  0.012963868  0.0010383335  0.015275720  0.99444831  0.078918136  -0.00036706607  -0.024035880  -0.0019030246  
0.0061498489  0.00014529895  -0.0010721544  0.013000035  0.011641427  -0.078958034  0.99427466  -0.00027570944  0.0018691160  -0.024008669  
-0.0011190281  -0.012586714  0.00018552569  0.00016037159  0.024533762  -0.00034501484  -0.00031355504  0.99744387  -0.014091175  -0.013044251  
0.0060173760  -0.00019858907  -0.012589873  -0.00097333340  0.00041329031  0.024455088  0.0019024174  0.015265238  0.99432830  0.078935771  
-0.0021222425  -0.00014430012  0.0010106679  -0.012555252  0.00027210755  -0.0019387300  0.024475576  0.011600188  -0.078927898  0.99422493  
