0.99886678  0.00061163802  0.0026028359  -0.0030097702  -0.0016769820  -0.00097436262  -0.0015933142  -0.0017356495  -0.0026623423  -0.00097046801  
-0.00080948010  0.99872327  0.011036757  -0.0080447282  0.0060539246  6.7686820e-05  -4.7569458e-05  0.0063688489  7.2447099e-05  -5.0560730e-05  
-0.0023764785  -0.010405943  0.99628576  0.069686070  -5.9090186e-05  0.0060402943  0.00042594629  -6.2280114e-05  0.0063583344  0.00044652723  
0.0032419949  0.0089249136  -0.069655285  0.99629967  4.8648947e-05  -0.00042547893  0.0060329764  5.1338229e-05  -0.00045279794  0.0063490112  
0.0015548792  -0.0056137224  -5.7986468e-05  4.0533432e-05  0.99615697  0.011008861  -0.0080288214  -0.072542731  -0.00080593082  0.00058298252  
0.00083324406  5.9030100e-05  -0.0055989079  -0.00039422068  -0.010379069  0.99373316  0.069498739  0.00075428904  -0.072365634  -0.0050617647  
0.0015031948  -4.9171824e-05  0.00039563187  -0.0056057722  0.0088973412  -0.069486450  0.99374911  -0.00065070044  0.0050558038  -0.072366175  
0.0018044543  -0.0066923063  -6.9217119e-05  4.8424715e-05  0.072598056  0.00080060254  -0.00058779550  0.99616339  0.011005659  -0.0080282193  
0.0027572350  7.1500150e-05  -0.0066700866  -0.00047520390  -0.00076088538  0.072421569  0.0050610230  -0.010382413  0.99373366  0.069497884  
0.00098719139  -5.9128242e-05  0.00046959706  -0.0066804398  0.00064689981  -0.0050651798  0.072423997  0.0088981830  -0.069488146  0.99375738  
