0.99790911  0.00018535238  -0.0076564376  -0.0013151357  0.0086487519  -0.00037871517  0.0033852977  -0.00025531156  0.0044902808  0.00039738159  
-0.00020984121  0.99784433  0.0066572668  -0.0057711227  0.0072673303  4.8560545e-05  -4.2741965e-05  0.0063928857  4.1721763e-05  -3.7057733e-05  
0.0078490299  -0.0050451470  0.96652594  0.24747657  3.1380206e-05  0.0070385111  0.0018297223  -3.4303075e-05  0.0062278638  0.0015887278  
-0.00067985591  0.0075193458  -0.24750697  0.96657718  4.8938444e-05  -0.0018028313  0.0070390239  4.8343503e-05  -0.0015887464  0.0061922394  
-0.0084141311  -0.0066332587  2.0323753e-05  4.9488615e-05  0.99319277  0.0066282326  -0.0057735600  -0.097428598  -0.00068755525  0.00056014395  
-0.00011882630  3.3522406e-05  -0.0064232613  -0.0016446889  -0.0050242429  0.96215103  0.24635101  0.00049277634  -0.094379072  -0.024164962  
-0.0034538616  -5.0596670e-05  0.0016715754  -0.0064193539  0.0074549880  -0.24637512  0.96212914  -0.00073334243  0.024151857  -0.094379044  
-0.00064124246  -0.0068837980  -4.1017295e-05  4.0658711e-05  0.097349552  0.00064959890  -0.00056526166  0.99316192  0.0066216007  -0.0057445670  
-0.0045122405  3.4004768e-05  -0.0066334450  -0.0017013359  -0.00053137643  0.094307027  0.024130808  -0.0050217498  0.96203026  0.24632379  
0.00039752955  -5.1800814e-05  0.0017043702  -0.0066685144  0.00073714070  -0.024148767  0.094305768  0.0074840788  -0.24634883  0.96204057  
