0.99848041  0.00081366534  -0.0048453741  -0.0025926420  0.0058099985  -0.0026315327  0.0031679798  -0.0020970813  0.0034340204  0.0022030326  
-0.00081808838  0.99851757  0.0018148203  0.0035233509  0.0024848025  6.6710182e-06  6.1836919e-06  -0.0031248606  -8.4837757e-06  -1.2830748e-05  
0.0049498912  -0.0019010744  0.99847334  0.0040334950  2.4052704e-05  0.0024764651  2.5793606e-05  -4.4308126e-06  -0.0031094895  -1.7486316e-06  
0.0025792761  -0.0032612092  -0.0040463947  0.99844316  6.8721233e-06  -1.6855275e-05  0.0024975758  4.8009564e-06  2.1501721e-05  -0.0031206738  
-0.0060262398  -0.0031274791  2.3580930e-05  4.6360733e-06  0.98342546  0.0017994249  0.0034490063  -0.17286304  -0.00033424229  -0.00062293405  
0.0032188860  8.5807398e-06  -0.0031381235  -2.1011867e-05  -0.0018576487  0.98343147  0.0039955415  0.00032307508  -0.17286101  -0.00069345114  
-0.0028017763  7.9218555e-06  2.6211067e-05  -0.0031150794  -0.0032304032  -0.0039656628  0.98338428  0.00057086884  0.00068875835  -0.17287004  
0.0011509919  0.0029150557  -3.0061223e-07  7.2878447e-06  0.17292163  0.00031055424  0.00061342808  0.98353640  0.0017876431  0.0034709420  
-0.0029318472  -7.9491206e-06  0.0029282843  1.9421831e-05  -0.00034697043  0.17291904  0.00069141008  -0.0018703706  0.98350817  0.0039791771  
-0.0026865038  -1.1713026e-05  1.2642867e-06  0.0029208939  -0.00058074492  -0.00069147248  0.17289457  -0.0032087136  -0.0039826029  0.98346553  
