0.99789298  -0.00069631857  -0.0025103259  -0.0015495764  -0.0028334188  0.0026438667  -0.0041007278  -0.0028110549  -0.0027965691  -0.0033619881  
0.00067305523  0.99767281  0.0028518053  0.014463825  -0.010595595  -2.8516335e-05  -0.00015635948  0.0080402827  2.1115644e-05  0.00011433279  
0.0028171903  -0.010517340  0.83199181  0.55058817  0.00010365722  -0.0088270250  -0.0058579834  -9.2699741e-05  0.0066987933  0.0044287989  
0.00011284172  -0.010527124  -0.55069569  0.83201327  0.00011145987  0.0058477977  -0.0088351072  -8.5175694e-05  -0.0044394357  0.0067064255  
0.0022589770  0.011801947  2.8077145e-05  0.00016762677  0.97927312  0.0028068746  0.014188904  -0.19177243  -0.00055481106  -0.0027879510  
-0.00068584267  -0.00012392936  0.0098451470  0.0065151537  -0.010319559  0.81665781  0.54044428  0.0020231268  -0.15991932  -0.10582889  
0.0045080049  -0.00012769165  -0.0065266460  0.0098365935  -0.010345762  -0.54053048  0.81665538  0.0020107390  0.10583834  -0.15993923  
0.0036417755  -0.0058413593  -2.5861261e-05  -9.0309840e-05  0.19211660  0.00055916119  0.0027706070  0.97910876  0.0027902245  0.014183590  
0.0041588757  5.8638530e-05  -0.0048796817  -0.0032287652  -0.0020368070  0.16023321  0.10601327  -0.010331530  0.81651412  0.54033887  
0.0020420531  6.0183928e-05  0.0032177721  -0.0048724757  -0.0020330440  -0.10604476  0.16021660  -0.010337021  -0.54045955  0.81653317  
