0.99911690  0.0029773319  -0.00053084077  -0.0015107789  3.4374213e-06  -0.00014424982  -0.0010567140  0.0022020848  -0.00042572579  -0.00020827206  
-0.0028627986  0.99885952  0.0014423351  0.012694453  -0.0045460972  -6.1973999e-06  -5.4854371e-05  0.017498250  2.6482462e-05  0.00022305806  
0.00068505445  -0.0028135342  0.99344110  0.10439775  1.2819412e-05  -0.0045214611  -0.00047582242  -4.7883266e-05  0.017409083  0.0018293585  
0.0015473922  -0.012560458  -0.10445563  0.99333784  5.7199300e-05  0.00047519857  -0.0045225133  -0.00021677304  -0.0018311764  0.017407228  
0.00010895168  0.0052079352  7.4552905e-06  6.6000754e-05  0.99815707  0.0014398229  0.012681147  -0.042433587  -6.1257976e-05  -0.00053913352  
0.00026496185  -1.3825359e-05  0.0051791694  0.00054386435  -0.0028135160  0.99273433  0.10432413  0.00012023512  -0.042203420  -0.0044351249  
0.0011155747  -6.2136807e-05  -0.00054516166  0.0051771340  -0.012556173  -0.10438062  0.99263198  0.00053626263  0.0044369510  -0.042199257  
-0.0021160127  -0.017260936  -2.3771133e-05  -0.00021604952  0.042483973  6.1557470e-05  0.00054195073  0.99798660  0.0014405348  0.012679661  
0.00039004701  4.9889962e-05  -0.017160970  -0.0018040039  -0.00011974672  0.042253134  0.0044398716  -0.0028121309  0.99256934  0.10430700  
0.00021457207  0.00021766304  0.0018042511  -0.017159302  -0.00053441991  -0.0044427125  0.042248669  -0.012553649  -0.10436323  0.99246825  
