0.99805314  -0.00015736003  0.0047262254  -0.00031453262  -0.0050993419  -0.00038067095  0.0010616548  -0.0014356046  -0.00086573361  0.00063138878  
0.00025836501  0.99766136  0.013721384  -0.014172606  0.019509913  0.00026822620  -0.00027689679  -0.010685322  -0.00014716698  0.00015195113  
-0.0045392350  -0.017615471  0.95076572  -0.30238198  -0.00032132695  0.018596247  -0.0059185315  0.00019519855  -0.010178990  0.0032356536  
-0.0013077949  0.0097739770  0.30285890  0.95053231  0.00019782723  0.0059236220  0.018588132  -0.00010279591  -0.0032425496  -0.010181020  
0.0052195031  -0.019672099  -0.00024580904  0.00027780024  0.99712056  0.013711098  -0.014159668  -0.035554793  -0.00049338520  0.00050827766  
0.00076440237  0.00034722464  -0.018743419  0.0059619698  -0.017611013  0.95029691  -0.30222676  0.00062657597  -0.033877792  0.010774589  
-0.0010385328  -0.00019254948  -0.0059766261  -0.018741678  0.0097740397  0.30270940  0.95004091  -0.00034675159  -0.010790367  -0.033868689  
0.0016756720  0.0098824653  0.00014384552  -0.00014091963  0.035461103  0.00048715109  -0.00050209058  0.99718904  0.013712244  -0.014164788  
0.0010268151  -0.00017466600  0.0094232611  -0.0029957020  -0.00063155119  0.033802763  -0.010749487  -0.017609366  0.95033845  -0.30224032  
-0.00035292689  9.6873595e-05  0.0029984787  0.0094159807  0.00034928820  0.010767839  0.033793702  0.0097696744  0.30272273  0.95008392  
