0.99842943  0.0013489258  -0.0058319445  -0.0021207411  0.0052465680  1.7798343e-05  -0.0015575378  -0.0020592986  -0.0014015631  0.00072057341  
-0.0012198285  0.99816816  -0.014242059  -0.00033984181  -0.012383024  0.00017665827  6.1488475e-06  0.0096837522  -0.00013649030  -4.2016103e-06  
0.0058736515  0.014384789  0.99770030  -0.022235403  -0.00014739804  -0.012371113  0.00026638607  0.00012732629  0.0096687700  -0.00021130083  
0.0021753450  0.00087466785  0.022259044  0.99747376  6.2221476e-07  -0.00027611550  -0.012371435  3.9681554e-06  0.00021295974  0.0096761001  
-0.0051380342  0.012224538  -0.00014459631  6.7174409e-06  0.99831298  -0.014251705  -0.00033447593  0.013684954  -0.00018799308  -8.3992889e-06  
-9.2905827e-05  0.00017604711  0.012226690  -0.00027212033  0.014378817  0.99790471  -0.022226570  0.00019714631  0.013668525  -0.00030450846  
0.0016141718  1.2862907e-05  0.00026348738  0.012219578  0.00088035966  0.022275576  0.99764592  8.6128971e-06  0.00030284434  0.013666049  
0.0022123388  -0.0097212254  0.00012589365  -1.3631825e-06  -0.013480572  0.00019264475  1.1774208e-06  0.99852664  -0.014257449  -0.00034096014  
0.0014346216  -0.00013812170  -0.0097283545  0.00021344949  -0.00018679233  -0.013486289  0.00029814788  0.014379100  0.99809383  -0.022229937  
-0.00078940624  -9.5589466e-06  -0.00021236136  -0.0097158018  -1.5931291e-05  -0.00030105989  -0.013481620  0.00087367266  0.022280922  0.99783896  
