0.99887820  0.00089767155  0.0049097498  -0.0044119856  0.0069265742  -0.00086314827  -0.0027399294  0.0017421678  -0.0020791714  0.0020375709  
-0.00080423708  0.99889803  -0.0058334182  0.0028754173  0.0011000818  -5.7575489e-06  5.3848305e-06  -0.0023165912  1.5185215e-05  -8.2967695e-06  
-0.0053657987  0.0061301334  0.99138029  -0.12048814  -3.0417698e-05  0.0011020025  -0.00011867343  -2.3577858e-05  -0.0022866549  0.00026836975  
0.0037407419  -0.0020953439  0.12068496  0.99154619  2.3616615e-05  0.00013033069  0.0010872777  1.1388575e-05  -0.00028746024  -0.0022905549  
-0.0070350469  -0.00092074102  -2.9242662e-05  2.8444401e-05  0.99719847  -0.0058137481  0.0028864141  0.059229324  -0.00033108405  0.00015597092  
0.00069402290  -4.9923988e-06  -0.00090414899  0.00010725432  0.0061296251  0.98976695  -0.12031450  0.00036505569  0.058795817  -0.0071457685  
0.0026795168  4.3292388e-06  -9.7290895e-05  -0.00091953842  -0.0020766551  0.12046476  0.98991600  -0.00011979432  0.0071507838  0.058811982  
-0.0013558770  0.0022668608  -1.9900759e-05  1.2509626e-05  -0.059208821  0.00034665305  -0.00016648099  0.99711793  -0.0058162641  0.0028639861  
0.0023040077  1.6000471e-05  0.0022623927  -0.00028380840  -0.00034760940  -0.058757394  0.0071357761  0.0061280512  0.98963675  -0.12029258  
-0.0018271508  -6.4073017e-06  0.00026500216  0.0022594926  0.00011170902  -0.0071496876  -0.058759639  -0.0020981558  0.12045554  0.98979359  
