0.99881497  0.00052421727  -0.0092087935  -0.0023270769  0.0083178735  0.0012045175  0.0018398435  0.0037515239  -0.0013590066  0.0010306309  
-0.00052291958  0.99795715  -0.023713379  0.018448159  -0.026471714  0.00062841239  -0.00049020435  0.0078334526  -0.00018551086  0.00014429572  
0.0093034206  0.011808864  0.87387363  0.48268001  -0.00023558318  -0.023167523  -0.012784851  0.00012762183  0.0068491936  0.0037995098  
-0.0024431146  -0.027879871  -0.48239299  0.87355820  0.00071903727  0.012791452  -0.023172451  -0.00022806374  -0.0037843390  0.0068561363  
-0.0088347345  0.024973406  -0.00051219302  0.00048229504  0.98705747  -0.023471547  0.018230544  0.14750539  -0.0034944912  0.0027180897  
-0.0018737125  0.00029446042  0.021891751  0.012085986  0.011660322  0.86447597  0.47746162  0.0017380695  0.12920919  0.071360951  
-0.0010929850  -0.00069835150  -0.012064381  0.021866838  -0.027585250  -0.47718333  0.86407374  -0.0041256913  -0.071319089  0.12914536  
-0.0024063470  -0.011507961  0.00029566261  -0.00020709143  -0.14732606  0.0034980827  -0.0027273396  0.98736845  -0.023463476  0.018248890  
0.00073813750  -0.00013571545  -0.010083775  -0.0055673906  -0.0017362094  -0.12900209  -0.071249037  0.011681613  0.86469304  0.47758504  
-0.0012022262  0.00032081612  0.0055734555  -0.010069478  0.0041050775  0.071206706  -0.12894513  -0.027587547  -0.47729951  0.86429023  
