0.99863711  -0.00037070007  0.0010382568  -0.00056957736  0.00078330638  -0.00063435947  -0.00063054204  -0.00058876979  -0.00082564533  -0.00016058659  
0.00047628295  0.99866539  0.0079790194  0.00095958519  -0.0039836397  -3.2131567e-05  -4.1299185e-06  0.0017001110  1.3190968e-05  1.5577246e-06  
-0.0010203508  -0.0077830711  0.99773466  0.039993535  3.0250465e-05  -0.0039796557  -0.00015890111  -1.2651028e-05  0.0016996522  6.8258637e-05  
0.00050408234  -0.00034895974  -0.040134553  0.99771297  1.7867612e-06  0.00015979213  -0.0039805325  -8.9103606e-07  -6.8753309e-05  0.0016986893  
-0.00085302898  0.0041903125  3.2587781e-05  4.5136992e-06  0.99727679  0.0079679762  0.00095906128  -0.051625346  -0.00041174321  -4.9482467e-05  
0.00050622610  -3.2844114e-05  0.0041866209  0.00016750549  -0.0077722340  0.99634858  0.039937044  0.00040206568  -0.051578200  -0.0020675104  
0.00062342493  -1.6947276e-06  -0.00016774235  0.0041856448  -0.00034779884  -0.040079686  0.99632608  1.7662188e-05  0.0020742606  -0.051576720  
0.00046953704  -0.0017098501  -1.3170751e-05  -1.9110395e-06  0.051608307  0.00041200712  4.9305957e-05  0.99739387  0.0079679784  0.00095855933  
0.00099792068  1.2954523e-05  -0.0017070464  -6.9035516e-05  -0.00040144180  0.051559253  0.0020660816  -0.0077741289  0.99646466  0.039941877  
0.00028228893  4.9229754e-07  6.9003146e-05  -0.0017082065  -1.7802067e-05  -0.0020742356  0.051558548  -0.00034849502  -0.040084213  0.99644301  
