0.99873206  0.0011817305  0.00019608808  0.0036920606  -0.00086763736  -0.0022187793  -0.0068169474  -0.0050564637  -0.0069639402  0.0030653067  
-0.0010813689  0.99809826  -0.023205740  0.013717064  0.022790504  -0.00052737486  0.00032090441  0.0037256998  -7.8730054e-05  4.7700842e-05  
-0.00025981215  0.023613260  0.99780561  -0.020403599  0.00053939520  0.022783352  -0.00046411596  8.9303660e-05  0.0037207038  -7.6827595e-05  
-0.0035499750  -0.013342370  0.020546909  0.99817022  -0.00030136027  0.00047700472  0.022815536  -3.1736331e-05  0.00010118151  0.0037094360  
0.00082826605  -0.022579866  0.00052516089  -0.00030731697  0.99720421  -0.023186597  0.013703122  -0.043480877  0.0010049501  -0.00059508408  
0.0016665882  -0.00053227637  -0.022573881  0.00046774159  0.023590886  0.99690763  -0.020395768  -0.0010370814  -0.043475403  0.00089387724  
0.0070075618  0.00030993409  -0.00046351745  -0.022556992  -0.013332584  0.020513674  0.99724090  0.00054548157  -0.00094364803  -0.043458683  
0.0048659996  -0.0045785851  0.00010751866  -4.5140055e-05  0.043351827  -0.0010187809  0.00056292808  0.99743833  -0.023224473  0.013727387  
0.0072434342  -9.9975585e-05  -0.0045815099  0.00012043578  0.0010192010  0.043327352  -0.00093574393  0.023561632  0.99711883  -0.020367285  
-0.0027099194  5.8118114e-05  -9.4893601e-05  -0.0045945533  -0.00057697020  0.00089852619  0.043378186  -0.013316058  0.020553190  0.99753833  
