0.99859759  -0.00072629252  0.0059568755  0.0035615032  -0.0063584417  0.0024350818  -0.0031402055  0.0022159282  -0.0032919159  -0.0019524396  
0.00056468350  0.99845330  0.0075483424  -0.0097553446  0.0010570498  9.3919165e-06  -1.2140837e-05  0.012007870  8.8868404e-05  -0.00011843836  
-0.0058451475  0.0052688818  0.46030728  0.88607845  4.2810778e-05  0.00047476252  0.00095967335  5.0337677e-05  0.0055549804  0.010666960  
0.0036033763  0.011288729  -0.88588880  0.46002385  -1.0949370e-05  -0.00093230499  0.00047733291  0.00014377691  -0.010665137  0.0055246842  
0.0066647279  0.00086506943  4.6330374e-05  1.5268550e-05  0.98687130  0.0074740223  -0.0096655426  -0.15207913  -0.0011712924  0.0014733025  
0.0011668012  3.7382540e-06  0.00040803980  0.00077618782  0.0051963533  0.45502444  0.87585424  -0.00079936920  -0.070127522  -0.13498132  
0.0041022155  6.8541541e-06  -0.00074739104  0.00041542160  0.011134726  -0.87566108  0.45468137  -0.0017109024  0.13493672  -0.070081252  
-0.0013101374  -0.011827340  -9.7197660e-05  0.00011091902  0.15201924  0.0011454997  -0.0014814021  0.98698545  0.0074626531  -0.0096427522  
0.0034125529  -6.4850025e-05  -0.0054331379  -0.010485103  0.00077979163  0.070093720  0.13489463  0.0052117488  0.45504474  0.87591745  
-0.0016084422  -0.00013259440  0.010485440  -0.0054553081  0.0017293080  -0.13488050  0.070040040  0.011158121  -0.87573199  0.45473179  
