0.99858637  -0.0016646538  0.012967329  -0.0024190968  0.013017127  0.00043456082  0.0042881823  0.0023087674  0.0038881599  -0.00088496300  
0.0017904996  0.99823084  -0.021071468  0.0043468745  0.023532363  -0.00049600263  0.00011008507  -0.0030543993  7.1521069e-05  -1.4953195e-05  
-0.013042927  0.021365022  0.99631722  -0.060485907  0.00033242184  0.023462384  -0.0014816307  -9.5610781e-05  -0.0031041684  0.00019743591  
0.0014783958  -0.0030124210  0.060614649  0.99650155  -5.1367701e-05  0.0014277485  0.023475139  1.2686839e-05  -0.00017980458  -0.0030545600  
-0.013161544  -0.023498832  0.00032582394  -7.0306451e-05  0.99791210  -0.021097096  0.0042935693  0.016850355  -0.00040828925  8.5721449e-05  
-0.00013769228  -0.00050262941  -0.023481492  0.0014263312  0.021338209  0.99633722  -0.060509434  0.00036055420  0.016850695  -0.0010232496  
-0.0043037661  7.7923804e-05  -0.0014830351  -0.023469387  -0.0030650454  0.060584225  0.99633743  -6.0758044e-05  0.0010080581  0.016855572  
-0.0020477094  0.0035635780  -0.00010187495  2.0531902e-05  -0.016796093  0.00035344330  -8.1958811e-05  0.99835056  -0.021104937  0.0043535976  
-0.0040355353  8.2710327e-05  0.0035019593  -0.00020604931  -0.00041080260  -0.016741776  0.00099933325  0.021336882  0.99659237  -0.060521477  
0.00071936744  -1.1913221e-05  0.00022541729  0.0035522875  5.9911502e-05  -0.0010176174  -0.016737195  -0.0030086679  0.060605401  0.99662591  
