0.99883464  -0.00093607727  0.0052501529  0.00087082404  0.0050775544  0.0016211359  -0.00014841682  -0.0043861037  0.0012254428  -0.0011613941  
0.00074457284  0.99744828  -0.0094410368  0.034891791  0.026670754  -0.00025122402  0.00093268898  0.026712657  -0.00025201453  0.00093361331  
-0.0052594327  0.012523930  0.99395287  -0.090109279  0.00030808534  0.026565363  -0.0024081054  0.00035836464  0.026616652  -0.0024071670  
-0.0015620634  -0.034030378  0.090537772  0.99328931  -0.00091791378  0.0024181095  0.026555891  -0.00090453097  0.0024232458  0.026606589  
-0.0053765957  -0.024825800  0.00020669191  -0.00087335627  0.99553100  -0.0094361656  0.034825816  -0.068053537  0.00063797839  -0.0023749963  
-0.0015205922  -0.00031024834  -0.024752403  0.0022417805  0.012487711  0.99209400  -0.089933566  -0.00084792153  -0.067842206  0.0061515076  
9.8671890e-05  0.00084710980  -0.0022535715  -0.024727269  -0.033966875  0.090374737  0.99140775  0.0023222858  -0.0061797648  -0.067793385  
0.0038814560  -0.028358858  0.00028923642  -0.00098839930  0.067420266  -0.00063174682  0.0023570637  0.99544927  -0.0094215340  0.034817109  
-0.0011989320  -0.00035472744  -0.028263049  0.0025603779  0.00083974581  0.067164065  -0.0060884280  0.012499446  0.99200352  -0.089924065  
0.00090215030  0.00096660932  -0.0025693195  -0.028236161  -0.0022951417  0.0061199364  0.067119328  -0.033968131  0.090367347  0.99131536  
