0.99810790  -0.0016137614  -0.0041818762  0.0014588385  -0.0057641571  0.0024012789  -0.00046486312  0.0028774068  0.0014388362  -0.0011618282  
0.0014790697  0.99794849  0.0091026666  -0.010173744  -0.012171437  -0.00010745925  0.00012333373  -0.0010557191  -7.5428928e-06  9.0867521e-06  
0.0043116799  -0.0091191852  0.99784692  -0.0046440519  8.6158157e-05  -0.012151475  5.4669764e-05  2.2108601e-05  -0.0010536762  -7.9510294e-08  
-0.0014753452  0.010011935  0.0047996380  0.99791225  -0.00011347484  -6.1971453e-05  -0.012161763  -1.4884954e-05  -7.2182197e-06  -0.0010582269  
0.0060627049  0.011908849  8.3386741e-05  -0.00011267082  0.98074860  0.0089667540  -0.010003678  -0.18439583  -0.0016745050  0.0018733684  
-0.0021135679  -0.00010541104  0.011926480  -5.8628951e-05  -0.0089432548  0.98069410  -0.0045693716  0.0016777708  -0.18440048  0.00086180828  
0.00035056937  0.00011897848  5.5780029e-05  0.011918728  0.0098353357  0.0047118405  0.98074760  -0.0018486737  -0.00088528690  -0.18440697  
-0.0017667213  0.0032859247  3.7368641e-05  -3.6059036e-05  0.18432890  0.0016781308  -0.0018786380  0.98099019  0.0089515534  -0.010000956  
-0.0019494800  -2.6825488e-05  0.0032909535  -1.8148146e-05  -0.0016717416  0.18429814  -0.00085799919  -0.0089630137  0.98090803  -0.0045690731  
0.0011703194  3.1037314e-05  1.0866150e-05  0.0032846587  0.0018419767  0.00088815341  0.18431141  0.0098428572  0.0047137009  0.98095806  
