0.99832325  -0.00041835999  0.018211700  -0.0026259945  -0.018383763  -0.00097548144  -0.0020499751  0.0010329064  -0.0022974750  0.0010275853  
0.00067197053  0.99851934  0.0084589099  -0.0023676197  0.0073039459  6.1231219e-05  -1.8743650e-05  -0.0032706703  -2.9227744e-05  8.4649898e-06  
-0.017544770  -0.0076965059  0.98042280  0.18832328  0.00026650143  0.0072031902  0.0014157945  7.4785302e-06  -0.0031731296  -0.00063520374  
0.0058957639  0.0040762872  -0.18829572  0.98056985  -7.8261213e-05  -0.0013861674  0.0071729643  -7.4147633e-06  0.00060385597  -0.0032064525  
0.018375246  -0.0073168940  0.00027388478  -3.1534559e-05  0.99809537  0.0084279642  -0.0024036434  0.0022151438  -2.3408891e-05  1.4082855e-05  
0.0012902206  5.5859327e-05  -0.0071554819  -0.0013816773  -0.0077270096  0.98065763  0.18825801  -1.5627620e-05  0.0021544221  0.00041552629  
0.0018686003  -3.0605890e-05  0.0014125239  -0.0071829332  0.0040446285  -0.18838849  0.98049802  1.0827274e-05  -0.00041861432  0.0021589649  
-0.00085368124  0.0033574926  1.4010240e-05  -5.8601047e-06  -0.0021742406  -1.7752877e-05  6.8169630e-06  0.99833042  0.0084466817  -0.0023661918  
0.0019754136  -2.6713184e-05  0.0033335756  0.00062775034  -1.9652813e-05  -0.0021517214  -0.00041680402  -0.0077002208  0.98055296  0.18824331  
-0.0014762680  1.4301291e-05  -0.00065964751  0.0033006869  1.7532174e-05  0.00041437057  -0.0021464896  0.0040764641  -0.18836396  0.98039891  
