0.99894488  0.00025502625  -0.00038328819  0.00089984163  -0.00028074489  -8.2449559e-05  -2.0900185e-05  0.0027727005  0.00015294982  -0.00017760021  
1.6187854e-06  0.99855831  0.010798566  -0.013950582  0.020358714  0.00022016221  -0.00028442604  0.0059187914  6.4006942e-05  -8.2690035e-05  
0.00037874391  -0.010986250  0.99866517  -0.0036006313  -0.00022409726  0.020360865  -7.3424938e-05  -6.4068476e-05  0.0059194792  -2.1411496e-05  
-0.00077024699  0.013755769  0.0036140198  0.99863437  0.00028067458  7.3740573e-05  0.020360295  7.9398259e-05  2.1301811e-05  0.0059193789  
0.00037061052  -0.020075025  -0.00021723770  0.00028079782  0.99790549  0.010791478  -0.013941473  -0.035738753  -0.00038643888  0.00049924478  
-6.6277571e-05  0.00022085373  -0.020077245  7.2334620e-05  -0.010979147  0.99801255  -0.0035986173  0.00039303257  -0.035743622  0.00012889556  
4.2731850e-06  -0.00027655026  -7.2652326e-05  -0.020076659  0.013746973  0.0036113618  0.99798231  -0.00049233315  -0.00012933953  -0.035742530  
-0.0028781891  -0.0067921192  -7.2338760e-05  9.2287917e-05  0.035535199  0.00038451204  -0.00049638098  0.99808422  0.010793086  -0.013943560  
-0.00014041411  7.4684380e-05  -0.0067920583  2.4364413e-05  -0.00039091730  0.035538209  -0.00012814016  -0.010981608  0.99819915  -0.0035992667  
4.4164097e-05  -9.3545655e-05  -2.4594570e-05  -0.0067918667  0.00048950316  0.00012859324  0.035537120  0.013749667  0.0036120443  0.99816893  
