0.99872638  0.0015865164  -0.00086689425  -0.0011122280  0.0013665458  0.00062269521  -0.0033129382  -0.0015704688  -0.0034456706  -0.00078217382  
-0.0015983619  0.99850496  -0.0057059488  -0.013358151  -0.0041755249  2.2867304e-05  6.0941269e-05  0.014719879  -7.8726073e-05  -0.00019570163  
0.00083361516  0.0045130839  0.99454273  -0.088662173  -1.7756351e-05  -0.0041563230  0.00036792360  6.5220799e-05  0.014656184  -0.0013074462  
0.0012373439  0.013872208  0.088427295  0.99440797  -5.6255449e-05  -0.00036879996  -0.0041604049  0.00020244322  0.0012990154  0.014656028  
-0.0012834953  0.0030001095  -1.6002511e-05  -3.8768820e-05  0.99541885  -0.0056905183  -0.013314282  0.081796780  -0.00046303467  -0.0010933863  
-0.00074015908  1.2368787e-05  0.0029909274  -0.00026576382  0.0044968236  0.99146841  -0.088384749  0.00037078213  0.081472613  -0.0072622816  
0.0032676514  4.6903502e-05  0.00026296029  0.0029863299  0.013831768  0.088157118  0.99132448  0.0011310375  0.0072324788  0.081456478  
0.0016176403  -0.014977426  8.4167786e-05  0.00019866975  -0.081891529  0.00046912837  0.0010903798  0.99524204  -0.0056943416  -0.013317446  
0.0035342998  -6.2034131e-05  -0.014923723  0.0013263038  -0.00036520618  -0.081566389  0.0072600342  0.0044914330  0.99128130  -0.088374350  
0.00078885430  -0.00020684604  -0.0013273351  -0.014919382  -0.0011365204  -0.0072520662  -0.081560189  0.013823645  0.088136765  0.99115931  
