0.99792065  5.7083738e-07  -0.00084622255  -0.00024012567  0.00051945171  0.00026358767  -0.0076637536  0.00059944371  -0.0072604012  -0.00023151566  
3.5323900e-05  0.99755399  0.0031182181  -0.021028908  0.00064932749  2.0390018e-06  -1.3959014e-05  0.019185470  5.9714679e-05  -0.00040444633  
0.0010236011  -0.0047978549  0.99419405  -0.080842332  -2.5901107e-06  0.00064739306  -6.0481185e-05  -9.1659845e-05  0.019113398  -0.0015550322  
0.00020589007  0.020785145  0.081211392  0.99382545  1.3636249e-05  5.2915090e-05  0.00064530105  0.00039987380  0.0015604028  0.019113693  
-0.00063450974  -0.0015721225  -4.3762319e-06  3.3293741e-05  0.99674679  0.0031155583  -0.021007018  0.050279588  0.00016178625  -0.0010597778  
-0.00026593152  7.5611576e-06  -0.0015666028  0.00012746925  -0.0047941132  0.99339070  -0.080774655  -0.00024198728  0.050112596  -0.0040746427  
0.0075658969  -3.2752582e-05  -0.00013440333  -0.0015680666  0.020772271  0.081147877  0.99296355  0.0010521838  0.0040382815  0.050090286  
-0.00025551789  -0.019019893  -5.9237495e-05  0.00040100964  -0.050234440  -0.00015709461  0.0010609248  0.99654397  0.0031169504  -0.021007552  
0.0072029896  9.1482576e-05  -0.018961955  0.0015396448  0.00024535732  -0.050063250  0.0040156869  -0.0047886716  0.99313605  -0.080761917  
0.00045807349  -0.00039630033  -0.0015488112  -0.018948914  -0.0010464491  -0.0040894890  -0.050050068  0.020764378  0.081126020  0.99281931  
