0.99812376  0.00043141236  0.00033301512  0.0028794072  5.9475462e-05  0.00080896663  0.0031450176  0.0024829331  0.0042958589  -0.00024849670  
-0.00042630273  0.99768762  0.019642120  -0.0059564422  0.016390066  0.00032233906  -9.9175932e-05  0.0075722217  0.00014726636  -4.5098893e-05  
-0.0010480501  -0.017906748  0.97852499  0.19561313  -0.00029422843  0.016074439  0.0032102947  -0.00013853084  0.0074233124  0.0014851506  
-0.0029707687  0.0096146739  -0.19539911  0.97832692  0.00015779467  -0.0032124230  0.016062809  6.5603052e-05  -0.0014960206  0.0074271216  
0.00018451896  -0.015357800  -0.00030230106  9.2203703e-05  0.98831443  0.019457870  -0.0058986811  -0.13634555  -0.0026835566  0.00081380527  
-0.00073531116  0.00027532224  -0.015063148  -0.0030133331  -0.017738107  0.96933139  0.19377600  0.0024452808  -0.13373039  -0.026733111  
-0.0029067422  -0.00014927935  0.0030068858  -0.015068366  0.0095254417  -0.19356469  0.96913476  -0.0013213668  0.026690987  -0.13370056  
-0.0023838847  -0.0097117021  -0.00019197697  5.1086056e-05  0.13626393  0.0026808056  -0.00082087361  0.98853142  0.019451850  -0.0058999997  
-0.0043359122  0.00017241105  -0.0095256067  -0.0019164749  -0.0024458979  0.13364335  0.026703567  -0.017752851  0.96953198  0.19382311  
0.00073860276  -9.3274577e-05  0.0019020909  -0.0095201815  0.0013133903  -0.026686852  0.13362327  0.0095296010  -0.19360282  0.96936234  
