0.99840484  0.00081366185  -0.010519735  0.0038923025  -0.010229548  0.00070089327  -0.0065260952  -0.0037012334  -0.0053858992  -0.00029376094  
-0.00071365618  0.99768078  0.026166212  0.010459147  -0.021123418  -0.00055453789  -0.00021691715  0.010198609  0.00027118275  0.00010712734  
0.010737701  -0.025659546  0.99713676  -0.039022204  0.00043363307  -0.021114054  0.00075718339  -0.00030212749  0.010133630  -0.00040238081  
-0.0035717039  -0.011671907  0.038795912  0.99708188  0.00028374276  -0.00082340148  -0.021094982  -0.00010601234  0.00041536399  0.010191031  
0.010253627  0.020880642  0.00043922283  0.00025884585  0.99747452  0.026163222  0.010393839  0.012728995  0.00027943113  0.00013086102  
-0.00089988789  -0.00053773450  0.020872740  -0.00082075947  -0.025656458  0.99714752  -0.039054198  -0.00032513291  0.012766340  -0.00049962549  
0.0066175198  -0.00023873164  0.00074112816  0.020885834  -0.011735609  0.038758970  0.99695083  -0.00017385651  0.00046027897  0.012757567  
0.0037948990  -0.010305987  -0.00031028387  -9.3309019e-05  -0.012560050  -0.00032563451  -0.00015610545  0.99782634  0.026142391  0.010462481  
0.0051514882  0.00026942974  -0.010358900  0.00042373365  0.00026936239  -0.012512136  0.00045659164  -0.025691486  0.99738108  -0.039071809  
0.00051676535  0.00012099733  -0.00040593568  -0.010301014  0.00014115430  -0.00048606398  -0.012517197  -0.011672773  0.038761670  0.99725461  
