0.99860890  -0.00060756175  -0.0090088798  0.012677062  -0.012453123  -0.0025767402  -0.0031213063  -0.0076247107  -0.0030983747  0.0015158724  
-0.00053877629  -0.99862517  -0.011164174  -0.014680233  0.0047943441  5.4936972e-05  7.2031430e-05  -0.011488663  -0.00012686823  -0.00016968799  
0.0079493812  -0.012317054  0.99532850  0.080148422  -4.0105108e-05  -0.0047926746  -0.00040861197  -0.00020239250  0.011430993  0.00093330137  
-0.013432741  -0.013756482  -0.080270712  0.99525636  0.00023350332  0.00042007693  -0.0047303044  -5.5848392e-05  -0.00088352011  0.011435574  
-0.011300277  -0.0062398434  3.2078813e-05  -0.00023524059  -0.98872938  -0.011030770  -0.014494734  0.13878512  0.0015863255  0.0020208301  
0.0021653798  -7.8334255e-05  0.0062070085  0.00052821138  -0.012218948  0.98567093  0.079258785  0.0016935074  -0.13825760  -0.011114490  
0.0028733429  -8.7850435e-05  -0.00052879840  0.0062631865  -0.013666025  -0.079613990  0.98569395  0.0018898303  0.011156694  -0.13825022  
-0.0093479549  0.010588508  0.00020269450  3.6829948e-05  -0.13880478  -0.0015296321  -0.0020120348  -0.98878200  -0.011030735  -0.014543996  
0.0030739422  0.00012860713  -0.010576373  -0.00080927159  -0.0017511177  0.13846474  0.011126006  -0.012215206  0.98565011  0.079268862  
-0.0013479143  0.00014668945  0.00086410415  -0.010566036  -0.0018980272  -0.011180044  0.13848060  -0.013619668  -0.079601031  0.98568401  
