0.99861200  0.0019761159  -3.5865902e-05  0.00072273679  0.00029442859  0.0010550978  -0.0018124765  -0.0023073726  -0.00038818292  0.00016740211  
-0.0020497408  0.99842906  0.011826706  -0.0022680134  -0.017232534  -0.00020629736  4.2894644e-05  0.0023338332  2.8403142e-05  -5.6296476e-06  
-0.00013909258  -0.010681323  0.96681903  0.24894241  0.00018429670  -0.016686479  -0.0042961987  -2.4554146e-05  0.0022554990  0.00058071667  
-0.00071561276  0.0052500561  -0.24901816  0.96697091  -9.0833433e-05  0.0042970733  -0.016687682  1.3798117e-05  -0.00058064915  0.0022556774  
-0.00076962471  0.017462613  0.00020688464  -4.0157062e-05  0.98581917  0.011676441  -0.0022366028  -0.15820769  -0.0018737252  0.00035903865  
-0.00047277485  -0.00018772264  0.016911125  0.0043540684  -0.010546205  0.95460424  0.24579835  0.0016935234  -0.15319972  -0.039446931  
0.0019307880  9.5639731e-05  -0.0043557480  0.016915083  0.0051856151  -0.24587015  0.95475160  -0.00083649848  0.039458077  -0.15322372  
0.0022118873  0.00040772893  4.7236706e-06  5.8670235e-07  0.15808077  0.0018748545  -0.00036295719  0.98587626  0.011677096  -0.0022377609  
0.00030558200  -3.7455097e-06  0.00039059708  0.00010077182  -0.0016910201  0.15307503  0.039414088  -0.010547392  0.95466456  0.24581299  
0.00010989582  2.3276804e-06  -0.00010060840  0.00039073700  0.00083147463  -0.039426490  0.15309865  0.0051851384  -0.24588769  0.95481512  
