0.99843775  -0.00032797285  0.0098634651  -0.0019600042  0.0090715060  0.00065256141  -0.0012666099  0.0019832305  -0.0011827609  0.00038275129  
0.00042829232  0.99827527  0.013802411  0.010789316  -0.010631031  -0.00014671616  -0.00011549405  0.010595540  0.00014593263  0.00011468004  
-0.0098466770  -0.014225207  0.99726533  0.041412072  6.2115836e-05  -0.010631634  -0.00042847768  -0.00017056513  0.010596666  0.00043552614  
0.0023534259  -0.010269585  -0.041432783  0.99723873  0.00013077921  0.00044318150  -0.010626913  -0.00010430814  -0.00044276046  0.010584638  
-0.0089005871  0.011158870  6.6269689e-05  0.00013805484  0.99749256  0.013782660  0.010793860  -0.039574764  -0.00053621498  -0.00043097654  
-0.00059653003  -0.00015881000  0.011139852  0.00046374398  -0.014223856  0.99666087  0.041364392  0.00056262310  -0.039520207  -0.0016404335  
0.0014662242  -0.00011523786  -0.00044879555  0.011141534  -0.010248270  -0.041425922  0.99654023  0.00040981842  0.0016409758  -0.039515626  
-0.0023391869  -0.010104707  -0.00016278665  -0.00010463605  0.039802683  0.00054891830  0.00043341632  0.99767341  0.013792695  0.010782803  
0.0013066437  0.00014360436  -0.010083327  -0.00042158101  -0.00055573969  0.039788376  0.0016496121  -0.014217332  0.99676425  0.041368474  
-0.00029426062  0.00010404716  0.00041674969  -0.010094451  -0.00041232456  -0.0016539868  0.039783138  -0.010263252  -0.041430877  0.99664651  
