0.99845504  0.00084758355  -0.0010614852  -0.0028032920  -0.0018069068  -0.0012841260  -0.0049495168  0.00083668563  -0.0035481014  0.00077332429  
-0.00064954752  0.99822844  -0.012375506  0.0067528729  0.013174712  -0.00016249214  9.2312900e-05  0.0042937416  -5.0932989e-05  2.8539282e-05  
0.0015496514  0.011047922  0.98416389  0.16630436  0.00014297665  0.012985949  0.0021870790  4.8820025e-05  0.0042282794  0.00071664445  
0.0025947566  -0.0086572826  -0.16597493  0.98435185  -0.00011897417  -0.0021936568  0.012977635  -3.5077925e-05  -0.00072321717  0.0042366288  
0.0018173451  -0.012973308  0.00015893212  -9.2851695e-05  0.99744916  -0.012368906  0.0067367885  -0.043341748  0.00053091842  -0.00029172412  
0.0016264190  -0.00014220170  -0.012793785  -0.0021662255  0.011035070  0.98339784  0.16617127  -0.00047828261  -0.042738412  -0.0072198925  
0.0047002767  0.00011654491  0.0021522878  -0.012807769  -0.0086612549  -0.16584911  0.98357007  0.00037993504  0.0071898369  -0.042737398  
-0.00079542750  -0.0048500248  6.0968621e-05  -3.0563014e-05  0.043528513  -0.00053863233  0.00029831783  0.99739350  -0.012363019  0.0067447872  
0.0033994054  -5.0778158e-05  -0.0047846440  -0.00081746419  0.00047552761  0.042909475  0.0072349231  0.011040217  0.98333040  0.16617226  
-0.0012452652  4.1010273e-05  0.00080760891  -0.0047784742  -0.00037533721  -0.0072354986  0.042928461  -0.0086532868  -0.16582895  0.98353494  
