0.99908877  0.00042734714  0.0040562363  3.3883494e-05  -0.0036756568  -4.9973891e-05  0.0015554666  0.0023187669  0.00070637576  0.00032430240  
-0.00043372587  0.99898107  0.0088391506  0.00076016657  0.010645232  9.4217102e-05  7.4240828e-06  -0.0022095094  -1.9851741e-05  -1.8213611e-06  
-0.0040042347  -0.0087761955  0.99049504  0.13027744  -7.8756027e-05  0.010553594  0.0013818071  1.0104876e-05  -0.0021926088  -0.00028931156  
0.00046512904  0.00020552908  -0.13029477  0.99043507  4.7647385e-07  -0.0013882678  0.010553305  6.2557490e-07  0.00028838284  -0.0021894582  
0.0036833079  -0.010725323  -7.9978276e-05  -8.0377857e-06  0.99755752  0.0088282472  0.00076484267  -0.052038533  -0.00045800871  -3.8409970e-05  
-0.00018350636  9.4140476e-05  -0.010636694  -0.0013989057  -0.0087614213  0.98911307  0.13009339  0.00045672604  -0.051605925  -0.0067875419  
-0.0015766262  -2.8791827e-06  0.0013927033  -0.010635184  0.00021084070  -0.13011265  0.98903447  -1.4356895e-05  0.0067873619  -0.051602335  
-0.0020585811  0.0016183198  5.9720978e-06  1.1623255e-06  0.052116905  0.00046126676  3.6447959e-05  0.99767200  0.0088279115  0.00075852041  
-0.00081647019  -1.4571368e-05  0.0016021569  0.00021113292  -0.00045469490  0.051667558  0.0067943292  -0.0087649199  0.98921730  0.13010719  
-0.00025745451  2.2268685e-07  -0.00021223679  0.0016053394  1.1657704e-05  -0.0067965829  0.051663139  0.00020446448  -0.13012670  0.98914165  
