0.99899917  0.0017482088  -0.00013846052  -0.00099778434  -0.0010829074  -0.0018701496  -0.0037682002  0.0023355891  -0.0025403677  0.0011940416  
-0.0016132357  0.99879896  0.0053292944  -0.011686003  -0.011961496  -6.0725669e-05  0.00014627241  -0.0088106938  -4.2742869e-05  0.00010108895  
4.7245788e-05  -0.0066946675  0.99169880  -0.11926117  8.0173400e-05  -0.011878274  0.0014284237  5.9059653e-05  -0.0087442197  0.0010515867  
0.00092074139  0.010977516  0.11916806  0.99169829  -0.00013243671  -0.0014290040  -0.011881583  -9.4724855e-05  -0.0010530014  -0.0087431482  
0.00086197543  0.012386835  6.5979862e-05  -0.00014580845  0.99763426  0.0053212198  -0.011677356  0.048443921  0.00025619211  -0.00056580037  
0.0013544015  -8.0713364e-05  0.012297070  -0.0014801811  -0.0066883403  0.99053801  -0.11912690  -0.00032157773  0.048093942  -0.0057825818  
0.0038632871  0.00014278448  0.0014772572  0.012293390  0.010958911  0.11902174  0.99052623  0.00054137188  0.0057697540  0.048101952  
-0.0023861981  0.0082238218  4.4175265e-05  -9.3920737e-05  -0.048677540  -0.00025528466  0.00057863750  0.99776401  0.0053296779  -0.011678387  
0.0027823387  -5.0343892e-05  0.0081690920  -0.00098521122  0.00032321911  -0.048339178  0.0058020836  -0.0066812694  0.99066675  -0.11913460  
-0.0010629915  8.8611970e-05  0.00098180468  0.0081704553  -0.00053380067  -0.0058061276  -0.048330030  0.010962211  0.11904768  0.99067300  
