0.99851740  -0.00054645344  -0.0019637119  -0.0047797430  0.0027124634  -0.0011298004  0.0025150169  -0.0028820860  0.0021795450  0.0026735669  
0.00051248851  0.99756156  -0.028921494  0.011934193  -0.026208938  0.00075926552  -0.00031229745  -0.015965613  0.00046398135  -0.00018961245  
0.0015454586  0.029861212  0.99379852  -0.086599392  -0.00078028507  -0.026113392  0.0022791538  -0.00048243969  -0.015900427  0.0013899788  
0.0048461187  -0.0094643657  0.087136335  0.99387401  0.00026194313  -0.0022953000  -0.026101747  0.00013736999  -0.0013838246  -0.015892373  
-0.0026450719  0.026759942  -0.00077069327  0.00033281488  0.99680244  -0.028895647  0.011921027  0.040149597  -0.0011695972  0.00047325531  
0.0012194397  0.00080036453  0.026655335  -0.0023284821  0.029842843  0.99305082  -0.086523493  0.0011981901  0.039993337  -0.0034812400  
-0.0024389067  -0.00025247523  0.0023422712  0.026671879  -0.0094612557  0.087082788  0.99314174  -0.00037371457  0.0035013610  0.039987992  
0.0032295000  0.014901211  -0.00043830415  0.00016275864  -0.040391671  0.0011675253  -0.00047518764  0.99728941  -0.028905663  0.011942293  
-0.0018504713  0.00044713208  0.014850374  -0.0012847317  -0.0012144834  -0.040246152  0.0035021996  0.029859554  0.99353538  -0.086573985  
-0.0025212779  -0.00013996692  0.0013068013  0.014860432  0.00037621608  -0.0035264154  -0.040258623  -0.0094518756  0.087117082  0.99362840  
