0.99872869  0.00094503866  0.0049332589  -0.0043958900  -0.0069453691  0.00087602211  0.0027248067  0.0017110343  -0.0020676072  0.0020663631  
-0.00075649756  0.99871768  -0.0058306870  0.0028788504  -0.0010827779  5.6845312e-06  -5.1966263e-06  -0.0022984720  1.4968838e-05  -8.1792420e-06  
-0.0053426811  0.0061305242  0.99127110  -0.12046636  3.0469811e-05  -0.0010846404  0.00011668958  -2.3265740e-05  -0.0022690463  0.00026608765  
0.0037581532  -0.0020909108  0.12067581  0.99139864  -2.3853201e-05  -0.00012815180  -0.0010698291  1.1256048e-05  -0.00028530687  -0.0022726020  
0.0070159315  0.00093677962  2.9228625e-05  -2.8202450e-05  0.99703970  -0.0058112868  0.0028899693  -0.059259398  0.00033129015  -0.00015613899  
-0.00068003703  5.0707974e-06  0.00091987044  -0.00010922320  0.0061302955  0.98967910  -0.12029509  -0.00036529623  -0.058829598  0.0071493632  
-0.0026937783  -4.4996144e-06  9.9066226e-05  0.00093519574  -0.0020723157  0.12045797  0.98978984  0.00011968632  -0.0071551263  -0.058843564  
-0.0013878948  0.0022852128  -2.0196131e-05  1.2692189e-05  0.059162847  -0.00034634242  0.00016652796  0.99700694  -0.0058141055  0.0028677284  
0.0023121854  1.6235052e-05  0.0022809574  -0.00028603383  0.00034732546  0.058715690  -0.0071301990  0.0061290413  0.98959632  -0.12027890  
-0.0017972909  -6.4958704e-06  0.00026736218  0.0022777164  -0.00011155466  0.0071448439  0.058715729  -0.0020939619  0.12045449  0.98971488  
