0.99874809  0.00041405625  0.00059932903  0.0030166708  0.00056101662  0.00052357672  0.0049440198  0.0037678197  -0.0042973986  0.00093950704  
-0.00040168520  0.99783799  -0.025239713  -0.018053294  0.021422414  -0.00054207811  -0.00038954948  0.018695205  -0.00047118936  -0.00033862380  
-0.00040908877  0.024240092  0.99711664  -0.043707692  0.00052018565  0.021406940  -0.00094036126  0.00045265199  0.018684966  -0.00081932264  
-0.0031804192  0.019162456  0.043266668  0.99727859  0.00040964156  0.00092726803  0.021395088  0.00034707773  0.00082441782  0.018683424  
-0.00032172025  -0.020973456  0.00053030940  0.00037846064  0.99763322  -0.025234462  -0.018049969  -0.028117044  0.00071255044  0.00050834621  
-0.00035817043  -0.00050964879  -0.020958378  0.00091757378  0.024235086  0.99691208  -0.043699261  -0.00068436286  -0.028093966  0.0012311687  
-0.0049228300  -0.00040483970  -0.00091240601  -0.020976633  0.019157077  0.043257117  0.99705918  -0.00055854435  -0.0011979857  -0.028104965  
-0.0038093061  -0.019436902  0.00048931417  0.00034010231  0.027774833  -0.00070459199  -0.00052137540  0.99771513  -0.025220333  -0.018053698  
0.0044098993  -0.00047030977  -0.019418628  0.00086460934  0.00067725699  0.027759206  -0.0011948333  0.024254259  0.99698933  -0.043697549  
-0.0010138296  -0.00037368139  -0.00084336905  -0.019427674  0.00053289542  0.0012039425  0.027756645  0.019157863  0.043268227  0.99717865  
