0.99824332  0.0012630166  -0.0070344914  0.0019693495  0.0057379993  -0.00018471469  -0.0072527088  0.00098577209  0.0054850502  0.00046795889  
-0.0012047154  0.99794108  -0.013484481  -0.011419089  -0.0093479780  0.00012652132  0.00011561680  -0.0053084014  6.5138135e-05  6.0151074e-05  
0.0071414607  0.012855563  0.99766743  -0.028033167  -7.9197686e-05  -0.0093402700  0.00021064496  -6.1267562e-05  -0.0052667758  0.00015250740  
-0.0016769623  0.011391833  0.027965108  0.99733812  -0.00011629030  -0.00026134119  -0.0093232421  -6.2250810e-05  -0.00015787430  -0.0053048008  
-0.0058244905  0.0093752865  -8.5816475e-05  -0.00011883056  0.99794572  -0.013492388  -0.011374813  0.010683393  -0.00017652951  -0.00012501690  
-0.00020809781  0.00012051975  0.0093820083  -0.00026411082  0.012845802  0.99775438  -0.028046772  0.00013739600  0.010685593  -0.00030051682  
0.0071288233  0.00011614562  0.00021258093  0.0093910675  0.011435350  0.027952997  0.99732621  0.00012908249  0.00033858356  0.010686048  
0.00056615067  -0.0054195438  6.9296600e-05  6.3126036e-05  0.010930129  -0.00014784473  -0.00012911952  -0.99809356  0.013498130  0.011418711  
0.0054631564  -6.2862877e-05  -0.0054575371  0.00016311464  0.00017206455  0.010923402  -0.00034679310  -0.012843083  -0.99783922  0.028054075  
0.00068360338  -6.1020600e-05  -0.00015664374  -0.0054156463  0.00012868641  0.00030594533  0.010915326  -0.011395010  -0.027953779  -0.99749253  
