0.99877954  -4.7024725e-05  -0.0098102310  -0.0057939194  0.0092037053  0.00020637841  -0.0023021006  -0.0043440584  -0.0013353603  0.00010449388  
-9.5142843e-05  0.99834056  -0.023137391  0.00040279252  -0.022415014  0.00051946595  -8.8036026e-06  -0.0049226820  0.00011423005  -1.9936994e-06  
0.010454232  0.022840427  0.98998850  0.12837411  -0.00041632650  -0.022226587  -0.0029077787  -0.00015785636  -0.0048961235  -0.00063226062  
0.0043850133  -0.0032977191  -0.12833725  0.98995180  0.00011464641  0.0028813511  -0.022236550  -2.7734153e-06  0.00062688919  -0.0048814055  
-0.0095059953  0.021963257  -0.00041560854  6.4414302e-05  0.99478022  -0.023059973  0.00042281691  -0.082993671  0.0019369150  -3.4443949e-05  
3.3280597e-06  0.00050248500  0.021781501  0.0028255659  0.022761302  0.98664735  0.12798858  -0.0018996860  -0.082348604  -0.010682319  
0.0024176329  -7.2644561e-05  -0.0028461228  0.021764760  -0.0032638091  -0.12784713  0.98652831  0.00026383398  0.010667400  -0.082338899  
0.0035342836  0.0068514885  -0.00019354697  -1.7906700e-05  0.082948111  -0.0019209350  2.5224188e-05  0.99520676  -0.023070702  0.00040133147  
0.0015116094  0.00015669329  0.0067799462  0.00087248815  0.0019111452  0.082230753  0.010663435  0.022762891  0.98699665  0.12803429  
0.00019640927  -2.2638227e-05  -0.00088216466  0.0067932416  -0.00027229596  -0.010655204  0.082220562  -0.0032879729  -0.12789341  0.98688518  
