0.99914468  -0.00047401439  0.0051947779  -0.0012391414  0.0056568956  0.00015949244  0.00010980372  0.0017651300  0.00045980111  0.00014030736  
0.00048493979  0.99895740  0.016469905  -0.0045755119  -0.010472823  -0.00017260010  4.8029362e-05  -0.0049457934  -8.1330754e-05  2.2711277e-05  
-0.0051744245  -0.016401532  0.99856450  0.024781557  0.00014266702  -0.010472750  -0.00026035763  7.1988039e-05  -0.0049470413  -0.00012325644  
0.0014136094  0.0049745641  -0.024744655  0.99867500  -4.4091723e-05  0.00025980725  -0.010472618  -2.2092269e-05  0.00012316104  -0.0049451548  
-0.0056209257  0.010473939  0.00014345425  -4.0912584e-05  0.99897105  0.016467043  -0.0045756702  -0.0060733324  -0.00010227273  2.7148772e-05  
-9.4284868e-05  -0.00017190805  0.010467066  0.00025981867  -0.016405163  0.99863659  0.024776142  9.9398124e-05  -0.0060611714  -0.00015038687  
-0.00012652952  5.2210686e-05  -0.00026013381  0.010468614  0.0049747045  -0.024753231  0.99872188  -3.0428633e-05  0.00015018347  -0.0060616645  
-0.0017927192  0.0050232332  7.3624692e-05  -2.0786970e-05  0.0059850120  9.8526875e-05  -2.7641638e-05  0.99898274  0.016466980  -0.0045751927  
-0.00050777051  -8.2225913e-05  0.0050177666  0.00012524338  -0.00010151530  0.0059926868  0.00014862292  -0.016405318  0.99861952  0.024775673  
-5.9806257e-05  2.5051840e-05  -0.00012487535  0.0050211260  2.9390446e-05  -0.00014855680  0.0059932810  0.0049752069  -0.024752827  0.99870502  
