0.99929613  -0.00017892104  0.0050182999  -0.0026541209  -0.0041932843  0.00011227778  0.0024018995  -0.0027357120  0.0035765384  0.00027149572  
0.00022467322  0.99893412  -0.019920752  -0.0062849862  -0.017908195  0.00035715018  0.00011319996  0.0056377679  -0.00011163381  -3.5412963e-05  
-0.0051595227  0.019436139  0.99658860  -0.067672996  -0.00032642215  -0.017866201  0.0012008697  0.00012391994  0.0056065914  -0.00038340048  
0.0023238780  0.0075430710  0.067674362  0.99670520  -0.00014519518  -0.0012126962  -0.017861722  3.6130098e-05  0.00039039615  0.0056264522  
0.0042715199  0.017840205  -0.00033424030  -0.00012375862  0.99882218  -0.019919574  -0.0062734950  0.016511798  -0.00031414448  -0.00010284218  
8.9955372e-05  0.00034709324  0.017800106  -0.0012091802  0.019432905  0.99652114  -0.067680379  0.00032118710  0.016485516  -0.0011195914  
-0.0023548087  0.00013516302  0.0011964779  0.017807691  0.0075528351  0.067655866  0.99661215  0.00013127393  0.0011106695  0.016486115  
0.0027325737  -0.0059747194  0.00013297588  3.0196315e-05  -0.016396465  0.00032705093  0.00010967925  0.99901069  -0.019913700  -0.0062841947  
-0.0034304297  -0.00011560351  -0.0059776645  0.00041405970  -0.00030426142  -0.016347182  0.0011019606  0.019446214  0.99668630  -0.067693584  
-0.00050836477  -4.5018798e-05  -0.00040729466  -0.0059595171  -0.00012152376  -0.0011098778  -0.016349669  0.0075455666  0.067666287  0.99679527  
