0.99932996  -0.0014338006  0.0046315033  0.00057262479  0.0049249349  0.00030155328  0.0032427585  -0.0012781090  0.0033210848  0.00027055533  
0.0014258801  0.99930147  0.0053805804  0.0041057978  -0.0065108546  -3.4623698e-05  -2.2194849e-05  -0.00013253783  4.0303977e-06  -1.5006000e-07  
-0.0046828041  -0.0056721760  0.99465788  0.095225295  1.3963360e-05  -0.0064891077  -0.00063620604  6.8484113e-06  -0.00014567744  -1.3728132e-05  
-0.00018033416  -0.0035300842  -0.095249719  0.99472789  2.2181348e-05  0.00062120005  -0.0064885668  6.8518786e-07  1.1885331e-05  -0.00013013307  
-0.0049331347  0.0065508445  1.2167680e-05  2.4081428e-05  0.99900669  0.0053710253  0.0040878970  -0.025951231  -0.00015610903  -0.00010798027  
-0.00052250893  -3.6421773e-05  0.0065109443  0.00062327663  -0.0056800029  0.99440833  0.095200274  0.00014820575  -0.025839352  -0.0024737650  
-0.0032040848  -1.8472592e-05  -0.00063864577  0.0065119058  -0.0035452186  -0.095223928  0.99444648  9.5896074e-05  0.0024634537  -0.025839719  
0.0010738710  0.00027843319  6.4352740e-06  1.7493779e-06  0.025916284  0.00013966198  0.00010986008  0.99900115  0.0053758997  0.0041040481  
-0.0032926709  3.2159591e-06  0.00026321774  2.4800501e-05  -0.00016365201  0.025790157  0.0024584496  -0.0056728895  0.99436894  0.095198350  
-5.5113909e-06  -9.6700059e-07  -2.6756128e-05  0.00027867627  -9.1613852e-05  -0.0024697245  0.025792363  -0.0035292486  -0.095220286  0.99442837  
