0.99860226  -0.00082034508  -0.0074058313  0.00044717934  0.0079554227  -0.00054625843  -0.0039465298  -0.0025409003  -0.0041318409  0.00095596202  
0.00086573326  0.99794714  -0.025092299  0.011124594  -0.022615765  0.00056819721  -0.00025551920  -0.0098915558  0.00024506465  -0.00010944482  
0.0072595760  0.023891073  0.99307291  0.097592686  -0.00048393156  -0.022517337  -0.0022407053  -0.00025506899  -0.0098716701  -0.00096033790  
-0.0013039506  -0.013557607  -0.097375560  0.99336693  0.00029694704  0.0022083672  -0.022513601  0.00013765350  0.00097047658  -0.0098452366  
-0.0081030915  0.021554843  -0.00048151671  0.00023667800  0.99347822  -0.024970701  0.011107010  -0.095185157  0.0024269177  -0.0010688340  
0.00058702744  0.00051555810  0.021440095  0.0021074209  0.023795810  0.98874271  0.097156731  -0.0022811406  -0.094747847  -0.0093096892  
0.0040862668  -0.00029616638  -0.0021331002  0.021450968  -0.013466184  -0.096957682  0.98896681  0.0012832011  0.0092737118  -0.094764838  
0.0017299476  0.012041645  -0.00031577708  0.00013500939  0.094926413  -0.0023868557  0.0010510831  0.99376092  -0.024988158  0.011079243  
0.0040881591  0.00028497808  0.011954542  0.0011794767  0.0023055251  0.094451515  0.0092653946  0.023786599  0.98894726  0.097184361  
-0.0011543116  -0.00016267285  -0.0011667497  0.011987337  -0.0012986718  -0.0092614254  0.094481233  -0.013498980  -0.096972329  0.98920313  
