0.99929009  -0.00036211271  -0.0038925405  0.0011948095  0.0032256834  0.00091361709  0.0025921190  0.0014334849  0.0025616696  6.9783207e-05  
0.00042599404  0.99907980  0.013158208  0.0063204803  0.010437154  0.00013784940  6.7119567e-05  -0.0031741988  -4.0726520e-05  -2.0053436e-05  
0.0037045744  -0.013606283  0.99358147  0.10492436  -0.00013015062  0.010381883  0.0011055390  4.8547100e-05  -0.0031478865  -0.00033314889  
-0.0015513972  -0.0050544854  -0.10490236  0.99363199  -5.7809810e-05  -0.0010972275  0.010374868  1.3838110e-05  0.00032939398  -0.0031576120  
-0.0031741542  -0.010701484  -0.00012861065  -7.1497833e-05  0.99587157  0.013114839  0.0062915066  -0.079934919  -0.0010609786  -0.00050584445  
-0.00092872747  0.00014607934  -0.010640269  -0.0011250642  -0.013564388  0.99041447  0.10458167  0.0010871170  -0.079494001  -0.0083940763  
-0.0025993696  5.5094083e-05  0.0011339556  -0.010647401  -0.0050472567  -0.10457496  0.99044640  0.00040069509  0.0083864259  -0.079494838  
-0.0017683093  0.0022418841  3.6409731e-05  1.2063343e-05  0.080013647  0.0010523971  0.00050159880  0.99592236  0.013113776  0.0062998893  
-0.0025384073  -2.9600219e-05  0.0022388288  0.00023233258  -0.0010978550  0.079577800  0.0083967723  -0.013565618  0.99045166  0.10458842  
-3.8114913e-07  -1.1339887e-05  -0.00023534030  0.0022290256  -0.00040487539  -0.0084024340  0.079583159  -0.0050390845  -0.10457711  0.99049599  
