0.99856060  -0.0017359385  0.010160427  -0.0027625713  -0.0096610240  -0.0026421565  -0.0041715792  0.0021577165  -0.0045173930  0.0023572388  
0.0017489948  0.99859923  0.0046252298  -0.0030280576  0.0056105578  2.1336750e-05  -2.4343502e-05  -0.00028858760  -9.2612323e-06  5.0138675e-06  
-0.010313511  -0.0047029377  0.99606098  -0.070543105  7.3178936e-05  0.0056410388  -0.00035461065  -2.0903553e-05  -0.00024499623  -3.6847633e-06  
0.0020402287  0.0027734915  0.070434507  0.99572247  -4.0895112e-06  0.00039140816  0.0056027592  3.5955302e-06  -2.9845262e-05  -0.00028670915  
0.0095674346  -0.0056559005  7.1330424e-05  -9.3962145e-06  0.99767298  0.0045782580  -0.0030606547  0.041739821  0.00014920509  -0.00010371742  
0.0024792135  2.2349532e-05  -0.0056002834  0.00039167054  -0.0047408978  0.99532468  -0.070522863  -0.00019186907  0.041606147  -0.0029424570  
0.0043326631  -2.3214461e-05  -0.00035355262  -0.0056350238  0.0027327931  0.070343284  0.99487570  0.00012537996  0.0029221127  0.041609300  
-0.0025350601  0.00050975845  -2.3462790e-05  5.4834531e-06  -0.041595033  -0.00018532008  0.00013659160  0.99792447  0.0046158001  -0.0030271679  
0.0045205292  -1.0247708e-05  0.00055011518  -4.8219679e-05  0.00015301953  -0.041529979  0.0029223866  -0.0047079207  0.99547479  -0.070513453  
-0.0021415673  5.1283324e-06  1.3842888e-05  0.00050982167  -9.5021327e-05  -0.0029290245  -0.041490824  0.0027705411  0.070376029  0.99505268  
