0.99872399  -0.0017243475  -0.00056283437  0.0013014928  0.0010688600  -0.0019828967  -0.0038144209  0.0021272763  -0.0028180565  0.00012458578  
0.0016814828  0.99807518  0.012952097  0.019077119  0.011734713  0.00014893114  0.00021781337  -0.023650178  -0.00031172276  -0.00045185282  
0.00064990910  -0.011264377  0.99454161  -0.086803763  -0.00013170972  0.011690055  -0.0010229144  0.00026831563  -0.023571790  0.0020572902  
-0.0012157716  -0.020172317  0.086636336  0.99437226  -0.00023846164  0.0010208598  0.011694012  0.00047553011  -0.0020497744  -0.023566123  
-0.0010701497  -0.010370666  -0.00013401126  -0.00019963051  0.99676210  0.012938106  0.019053886  0.056380421  0.00073475358  0.0010774334  
0.0019268684  0.00011372639  -0.010336850  0.00090462677  -0.011246355  0.99322798  -0.086697616  -0.00063217136  0.056177504  -0.0049034624  
0.0039717919  0.00020280486  -0.00090259818  -0.010328841  -0.020143589  0.086513634  0.99304872  -0.0011312186  0.0048829510  0.056173938  
-0.0019996271  0.024175951  0.00031483729  0.00045937073  -0.056119925  -0.00072432580  -0.0010648668  0.99659672  0.012939518  0.019046449  
0.0027531340  -0.00027753871  0.024085306  -0.0020987371  0.00063623250  -0.055924431  0.0048701476  -0.011240721  0.99306234  -0.086675800  
5.9844101e-06  -0.00048861546  0.0020982294  0.024082794  0.0011343301  -0.0048711747  -0.055909534  -0.020144547  0.086507418  0.99290223  
