0.99851098  -0.0017280153  0.010097094  -0.0027718389  -0.0096432581  -0.0026358747  -0.0041599554  0.0021383533  -0.0044453868  0.0023264896  
0.0017569606  0.99857216  0.0046388525  -0.0029829203  0.0056490581  2.1582518e-05  -2.4217522e-05  -0.00027418494  -9.1082686e-06  4.9225668e-06  
-0.010375031  -0.0046921714  0.99604423  -0.070482163  7.3472520e-05  0.0056796485  -0.00035686298  -2.0907530e-05  -0.00023108247  -4.5470832e-06  
0.0020259791  0.0028190510  0.070489147  0.99564989  -3.5506718e-06  0.00039449878  0.0056410190  3.5530773e-06  -2.8634229e-05  -0.00027241442  
0.0095841732  -0.0056164540  7.1002221e-05  -9.9049582e-06  0.99766558  0.0045920044  -0.0030155355  0.041701399  0.00015021683  -0.00010197382  
0.0024876556  2.2108601e-05  -0.0055611072  0.00038850979  -0.0047302973  0.99532750  -0.070463633  -0.00019127489  0.041568535  -0.0029373559  
0.0043440562  -2.3346289e-05  -0.00035125047  -0.0055955535  0.0027782943  0.070399533  0.99482274  0.00012711749  0.0029220464  0.041569127  
-0.0025548615  0.00052216625  -2.3439190e-05  5.5481585e-06  -0.041630625  -0.00018602303  0.00013487223  0.99787121  0.0046292276  -0.0029819125  
0.0045934820  -1.0391567e-05  0.00056293694  -4.9310155e-05  0.00015211948  -0.041566223  0.0029222089  -0.0046969944  0.99543187  -0.070450937  
-0.0021673654  5.2142752e-06  1.4620114e-05  0.00052224756  -9.6810589e-05  -0.0029338600  -0.041524476  0.0028159412  0.070429015  0.99495398  
