0.99786275  0.0015348404  -0.011174788  0.00023838575  0.010714685  -0.00057655369  0.0063230232  0.0018158106  0.0074761963  8.8041966e-05  
-0.0016536823  0.99778884  -0.011849020  -0.011611809  -0.0054257521  6.5219801e-05  5.2534955e-05  0.0077278313  -0.00010424348  -9.0109465e-05  
0.010753915  0.0087102975  0.97335774  -0.21898837  6.8322954e-05  -0.0052821298  0.0012547669  8.7295966e-05  0.0076226995  -0.0016958010  
0.0021228553  0.014163339  0.21911981  0.97351778  -5.4260479e-05  -0.0011889029  -0.0052632740  0.00011359583  0.0017135437  0.0075429951  
-0.010895140  0.0046848416  6.6045720e-05  -5.7653108e-05  0.99125024  -0.011785091  -0.011605465  0.11405106  -0.0014381375  -0.0013284131  
0.0010850625  4.2620349e-05  0.0045747741  -0.0010315687  0.0086496030  0.96720991  -0.21757452  0.00099593463  0.11129980  -0.025035819  
-0.0064673918  5.6826667e-05  0.0011051259  0.0045853484  0.013999271  0.21773588  0.96720862  0.0016068042  0.025004861  0.11129562  
-0.00043013578  -0.0081550464  0.00010162521  9.4781245e-05  -0.11367457  0.0013521847  0.0013201682  0.99134062  -0.011793821  -0.011536342  
-0.0073254793  -8.2189936e-05  -0.0078740365  0.0017877292  -0.0010689061  -0.11089630  0.024901752  0.0086241605  0.96713058  -0.21757630  
-0.0013139168  -0.00011772482  -0.0017762641  -0.0079563882  -0.0016272501  -0.024964458  -0.11091305  0.014066177  0.21771683  0.96722405  
