0.99856533  1.7125790e-05  0.0038910583  -0.0026259606  -0.0044870495  -0.0012308665  -0.0061001921  -0.0036820359  -0.0059671931  0.00074020517  
1.2138818e-05  0.99818923  -0.014417716  0.0042347325  -0.018674563  0.00026971811  -7.9299758e-05  -0.0042024229  6.0626268e-05  -1.7819366e-05  
-0.0038780607  0.014588186  0.99799242  -0.010820804  -0.00025549660  -0.018666329  0.00022632146  -4.7116891e-05  -0.0041784388  4.2723851e-05  
0.0022927148  -0.0039083140  0.010901259  0.99822322  6.2816674e-05  -0.00020660389  -0.018689263  8.0001864e-06  -5.9557433e-05  -0.0042008471  
0.0045326469  0.018751349  -0.00025317969  6.7631610e-05  0.99808548  -0.014422146  0.0042067209  0.020262081  -0.00031999129  8.9391610e-05  
0.0013307699  0.00027406733  0.018753043  -0.00020696305  0.014581054  0.99792251  -0.010838227  0.00029146185  0.020267151  -0.00021905165  
0.0060058409  -7.3316535e-05  0.00022801810  0.018736229  -0.0039350141  0.010884012  0.99810917  -0.00010154596  0.00018539442  0.020284060  
-0.0035296164  -0.0039781873  4.3706062e-05  -7.5950394e-06  0.020384690  -0.00028985498  0.00010797594  -0.99823409  0.014439692  -0.0042376263  
-0.0059636673  -5.8241473e-05  -0.0040006409  5.8848117e-05  0.00032448238  0.020372473  -0.00018458326  -0.014567108  -0.99802976  0.010827209  
0.00092998545  1.5592079e-05  -3.9785827e-05  -0.0039807318  -8.3931883e-05  0.00022112005  0.020363965  0.0039051508  -0.010898514  -0.99828644  
