0.99893634  -0.0011162090  -0.0031578567  -7.7959655e-05  0.0034063290  -0.00011390467  0.0048227770  0.00054634775  0.0055651328  0.0014522155  
0.0012413518  0.99881676  -0.0099999236  -0.0040698617  -0.011169035  0.00011172176  5.1552297e-05  0.0033407813  -2.6426033e-05  -1.1824409e-05  
0.0031754954  0.010342008  0.99450208  0.092564060  -0.00010474178  -0.011125429  -0.0010201253  3.6209003e-05  0.0033435874  0.00031409204  
-4.0892998e-05  0.0031379980  -0.092658140  0.99446915  -3.5240736e-05  0.0010365305  -0.011124889  1.0474251e-05  -0.00031008155  0.0033255482  
-0.0033300393  0.011344227  -0.00010299735  -4.6070985e-05  0.99729507  -0.0099805685  -0.0040795905  -0.055606385  0.00053795464  0.00022184568  
-3.2393485e-05  0.00011749499  0.011291810  0.0010509768  0.010329736  0.99300706  0.092423961  -0.00057595331  -0.055365162  -0.0051531372  
-0.0047856573  4.0821436e-05  -0.0010369942  0.011291426  0.0031168444  -0.092517661  0.99294122  -0.00017709372  0.0051317720  -0.055369373  
-0.00080092192  -0.0027768177  3.0261211e-05  1.1351109e-05  0.055570873  -0.00055610637  -0.00023018279  0.99741784  -0.0099862930  -0.0040652139  
-0.0056994212  -2.2551803e-05  -0.0027476699  -0.00025717953  0.00055602230  0.055334416  0.0051228369  0.010328121  0.99308652  0.092426350  
-0.0012957874  -7.3208258e-06  0.00026175130  -0.0027655194  0.00017016623  -0.0051553404  0.055325390  0.0031329063  -0.092535589  0.99307351  
