0.99859767  0.00043562603  -0.0030869770  0.0036919183  -0.0050850711  -0.00067741666  -0.0020535770  -0.0023622937  -0.0019029365  0.00094519181  
-0.00045100233  0.99864831  -0.0055948907  -0.0041608001  0.0014432964  -7.7692137e-06  -5.0739518e-06  -0.0052539549  3.0307833e-05  2.1459029e-05  
0.0033210073  0.0053087054  0.99658919  -0.063707596  -9.2531673e-06  0.0014357903  -9.8774113e-05  -3.5783705e-05  -0.0052505680  0.00033844588  
-0.0034389251  0.0046660967  0.063811598  0.99652545  2.4246845e-05  9.4394461e-05  0.0014450267  -1.6426359e-05  -0.00032917596  -0.0052471719  
0.0050536288  -0.0017440612  -5.8365171e-06  2.5956566e-05  0.99825733  -0.0055976653  -0.0041680033  -0.027244964  0.00014297969  0.00011820234  
0.00047845804  -9.0717018e-06  -0.0017441618  0.00011319133  0.0053028782  0.99623445  -0.063697541  -0.00014586002  -0.027178044  0.0017380852  
0.0021513075  -7.2234140e-06  -0.00011821459  -0.0017346220  0.0046549340  0.063776161  0.99616907  -0.00013237389  -0.0017439433  -0.027173424  
0.0025258448  0.0052216411  -3.7063338e-05  -1.2403992e-05  0.027321278  -0.00015489011  -0.00011903447  0.99829210  -0.0055991344  -0.0041552824  
0.0020204519  2.8625635e-05  0.0052035818  -0.00032563247  0.00013497705  0.027276685  -0.0017482401  0.0053006147  0.99624589  -0.063695602  
-0.00099469948  2.3966424e-05  0.00033660114  0.0052058297  0.00013282263  0.0017469795  0.027278423  0.0046683121  0.063780474  0.99618753  
