0.99876814  -0.00077062150  -0.0030752750  0.0053610199  0.0021620504  -0.0013055704  -0.0041488645  0.0043057695  -0.0054025792  -0.0013449354  
0.00072632768  0.99779857  -0.030773758  -0.010312456  -0.028213426  0.00086916979  0.00028858606  0.011183292  -0.00034888995  -0.00011660881  
0.0031746941  0.030709958  0.99790472  -0.0019845266  -0.00086166489  -0.028222331  4.3522280e-05  0.00035780230  0.011164185  -2.6656285e-05  
-0.0054105833  0.010366915  0.0016616519  0.99806236  -0.00030466029  -3.9649535e-05  -0.028200953  9.2709741e-05  4.7712222e-05  0.011190521  
-0.0022278752  0.028226107  -0.00086357457  -0.00030364435  0.99783282  -0.030769791  -0.010307854  0.0016504310  -3.9299773e-05  -1.4224584e-05  
0.0013089514  0.00086776674  0.028223699  -4.9746066e-05  0.030716325  0.99795136  -0.0020069044  5.6615355e-05  0.0016532149  -5.0370669e-06  
0.0039831131  0.00029004820  3.4092185e-05  0.028254157  0.010371717  0.0016397959  0.99811338  3.4498682e-05  -1.8861011e-05  0.0016550829  
-0.0045332310  -0.011261709  0.00036145903  9.2209309e-05  -0.0013421926  4.6810873e-05  3.2417784e-05  0.99822130  -0.030760611  -0.010315077  
0.0052171049  -0.00035073921  -0.011282627  5.0467627e-05  -2.9882364e-05  -0.0013392224  -1.8737541e-05  0.030748391  0.99832825  -0.0020093596  
0.0014631043  -0.00011814533  -2.3210166e-05  -0.011260473  -1.0637632e-05  -4.0849316e-06  -0.0013390490  0.010373768  0.0016374609  0.99853126  
