0.99835345  -0.0023471911  -0.0082065360  0.0030432002  0.0076157769  -0.0016868694  0.0058523716  0.0023765754  0.0049068249  0.00059858345  
0.0021958992  0.99804520  0.019154645  -0.0010877115  0.017975445  0.00034127886  -6.8200653e-06  0.00090154700  2.8011097e-05  3.3374375e-07  
0.0084272466  -0.019322370  0.99770123  -0.029101698  -0.00028303998  0.017939419  -0.00047471092  2.7259600e-06  0.00093748756  -2.1105719e-05  
-0.0030260517  0.00043856038  0.029261730  0.99756416  -1.5320402e-05  0.00053119437  0.017932372  -6.8160319e-06  1.1383966e-05  0.00089407699  
-0.0074650236  -0.017821893  -0.00028133534  -3.1933121e-06  0.99771580  0.019179975  -0.0011378608  -0.016030097  -0.00034428914  1.3082394e-05  
0.0020084981  0.00034029744  -0.017850952  0.00052675376  -0.019281866  0.99748957  -0.029107510  0.00031446383  -0.015997965  0.00046851255  
-0.0059376738  6.2480496e-06  -0.00047378001  -0.017849018  0.00038603135  0.029238756  0.99726110  -2.1056552e-05  -0.00049824777  -0.016008234  
0.0025411606  0.0013429661  5.0248276e-06  6.2668434e-06  -0.016054403  -0.00031307353  3.2521943e-05  -0.99812043  -0.019161668  0.0010960121  
0.0047271540  -3.7202698e-05  0.0013097048  -2.4958464e-05  0.00034693162  -0.016077268  0.00049681271  0.019315282  -0.99782337  0.029132442  
0.00082644544  -1.3598928e-06  3.2722382e-05  0.0013508151  -6.4411319e-07  -0.00047226144  -0.016061262  -0.00042951150  -0.029235024  -0.99764898  
