0.99875783  0.0010827661  -0.0053886114  0.0058985678  0.0073384320  -5.1574008e-05  0.00041520751  -0.0011277717  0.0013609135  -0.00030550182  
0.0011188823  -0.99868812  -0.011439430  -0.0065586094  -0.0054162608  -6.2159406e-05  -3.5194495e-05  -0.012594326  -0.00014264580  -8.3126944e-05  
0.0056541277  -0.011213030  0.99786449  -0.037136531  -1.9393959e-05  0.0054198754  -0.00019954163  -0.00014785349  0.012590751  -0.00047042698  
-0.0056213944  -0.0070155134  0.036917395  0.99790393  -7.9375894e-05  0.00020064610  0.0054180592  -8.2038366e-05  0.00045747101  0.012585297  
0.0072238980  0.0062063658  3.1988097e-05  8.3411780e-05  -0.99638438  -0.011407986  -0.0065474109  -0.066044747  -0.00074616986  -0.00043632321  
-4.5044897e-05  6.9584776e-05  -0.0061933611  0.00023043539  -0.011194193  0.99564492  -0.037086130  -0.00074179647  0.065984005  -0.0024577826  
-0.00018991807  4.3299253e-05  -0.00022792115  -0.0061949872  -0.0069950096  0.036803902  0.99568687  -0.00046327117  0.0024388341  0.065986910  
-0.0017629156  0.012284999  0.00015017692  7.0360491e-05  0.066016984  0.00075602805  0.00043333693  -0.99657196  -0.011411578  -0.0065507720  
-0.0013249064  0.00013659336  -0.012269989  0.00044947810  0.00073203777  -0.065977350  0.0024569979  -0.011193899  0.99577949  -0.037090786  
0.00055027511  8.6833691e-05  -0.00045679177  -0.012274406  0.00046748210  -0.0024388755  -0.065979975  -0.0069951935  0.036809683  0.99582316  
