0.99895616  0.0013405500  -0.00038683959  0.0029101019  0.0016065543  0.0020141136  0.0031108927  0.0015076946  0.0018938621  -0.0016581207  
-0.0012464218  0.99882426  0.0064746208  -0.012021057  0.0071756539  4.4010640e-05  -9.0237960e-05  0.0040152599  2.3645786e-05  -4.6256434e-05  
0.00012655192  -0.0054071559  0.99560436  0.079355238  -3.8630952e-05  0.0071547886  0.00057069127  -2.1532730e-05  0.0040044685  0.00031891946  
-0.0030341645  0.012600290  -0.079400856  0.99550155  8.5780299e-05  -0.00057661646  0.0071445223  4.6150962e-05  -0.00032508400  0.0040087973  
-0.0014848555  -0.0069496612  -4.4462886e-05  7.9328607e-05  0.99730545  0.0064613592  -0.012003667  -0.057187543  -0.00037345318  0.00069044962  
-0.0021643043  3.4717326e-05  -0.0069244664  -0.00055837853  -0.0054026246  0.99408678  0.079227418  0.00030626889  -0.057005082  -0.0045396314  
-0.0029969981  -9.1634397e-05  0.00055348338  -0.0069334150  0.012580311  -0.079287361  0.99398792  -0.00072616052  0.0045402394  -0.056990534  
-0.0015538197  -0.0043326456  -2.7464055e-05  4.7578725e-05  0.057117837  0.00036712628  -0.00069205075  0.99729155  0.0064612376  -0.011996400  
-0.0019481315  2.0919024e-05  -0.0043158829  -0.00034963688  -0.00031228574  0.056932247  0.0045321756  -0.0054019419  0.99407368  0.079236278  
0.0015198437  -5.2620827e-05  0.00034366286  -0.0043117442  0.00072325570  -0.0045377196  0.056935458  0.012587245  -0.079277307  0.99398083  
