0.99872225  0.0014317189  -0.011363680  0.00061586936  0.011528358  -0.0010116008  0.0014178000  0.0013558547  0.0017243715  -0.00019231363  
-0.0014515823  0.99845180  0.018566773  0.0077264194  0.019168679  0.00035791615  0.00014642077  -0.0071100060  -0.00013456633  -5.4731562e-05  
0.011299962  -0.018837107  0.99724171  0.045895392  -0.00023183232  0.019153168  0.00089779425  0.00014955819  -0.0070808109  -0.00032885755  
-0.0010796031  -0.0068112753  -0.046006778  0.99729237  -0.00014331187  -0.00088316936  0.019161596  4.7013081e-05  0.00032574762  -0.0070995634  
-0.011490701  -0.019379937  -0.00022900975  -0.00015694511  0.99798835  0.018555711  0.0077084259  -0.026747753  -0.00051649578  -0.00020467498  
0.0010997882  0.00036720724  -0.019354963  -0.00088925662  -0.018834325  0.99703665  0.045874686  0.00050626297  -0.026701243  -0.0012288077  
-0.0014153909  0.00013003507  0.00090857296  -0.019341825  -0.0068237953  -0.046002285  0.99695853  0.00018039905  0.0012296498  -0.026700801  
-0.0017393535  0.0065380598  0.00014130757  4.9546591e-05  0.026900586  0.00050192030  0.00020587735  0.99836515  0.018545649  0.0077269810  
-0.0015032060  -0.00012565692  0.0065505588  0.00029967348  -0.00052568112  0.026892970  0.0012351258  -0.018853716  0.99728142  0.045884744  
0.00018920196  -4.4337126e-05  -0.00030360899  0.0065330657  -0.00018142228  -0.0012409737  0.026889633  -0.0068088817  -0.046014754  0.99720673  
