0.99819610  0.00028228263  0.0083726169  -0.014343591  -0.014655958  0.0016269712  0.00075667872  -0.0048108948  0.00056806973  -0.0023901250  
-0.00035417378  0.99827908  0.011436926  -0.0056129261  0.011868524  0.00013539968  -6.7025929e-05  -0.0034799808  -4.0094405e-05  2.0405371e-05  
-0.0084541515  -0.011489470  0.99794828  -0.0022210301  -1.2575523e-05  0.011846649  -3.4488276e-05  8.0938520e-05  -0.0034856617  2.8610520e-05  
0.014366805  0.0055782826  0.0023646749  0.99812786  -0.00014469052  5.0249335e-05  0.011875570  -8.9009655e-05  6.1927614e-07  -0.0035165885  
0.015025920  -0.011350818  -3.6363921e-06  -0.00015272658  0.99204675  0.011395511  -0.0055721155  0.11003675  0.0012706217  -0.00065599422  
-0.0016182259  0.00013022700  -0.011365660  5.0344135e-05  -0.011393947  0.99200630  -0.0023299931  -0.0012590806  0.11007984  -0.00025443294  
-0.00062373534  -6.3569433e-05  -3.0737946e-05  -0.011346480  0.0055500159  0.0022291301  0.99232235  0.00061786201  0.00024710970  0.11011713  
0.0031278690  0.0047911726  8.1349033e-05  -7.2265042e-05  -0.11017996  -0.0012569199  0.00062224585  0.99215894  0.011371640  -0.0055910180  
-0.00056941961  -5.5275680e-05  0.0047842043  -2.8611608e-06  0.0012758444  -0.11010614  0.00025800977  -0.011414179  0.99191561  -0.0023270746  
0.0025996660  2.7432684e-05  3.2578647e-05  0.0047532558  -0.00065301806  -0.00024327771  -0.11013798  0.0055278630  0.0022314600  0.99222348  
