0.99887614  -0.00058383591  -0.0016182877  0.0031885630  -0.0015366644  0.00018713857  -0.0023726167  -0.0020616407  -0.0032999714  -4.3166159e-05  
0.00059854178  0.99854381  0.021147663  0.0020810454  -0.014075960  -0.00029799300  -3.0784673e-05  -0.0010802598  -2.4922922e-05  -2.2882340e-06  
0.0016206927  -0.021147526  0.99858046  0.0057419824  0.00029560016  -0.014075271  -8.4688003e-05  1.9504658e-05  -0.0010843613  -6.3064335e-06  
-0.0031813301  -0.0020289703  -0.0058730114  0.99872973  3.3528388e-05  8.2299019e-05  -0.014070179  8.8283609e-06  1.6968770e-05  -0.0010789634  
0.0015361060  0.014023155  0.00029452614  3.4178196e-05  0.99851284  0.021148319  0.0020752933  0.0055569528  0.00011257912  1.1472637e-05  
-0.00017351873  -0.00029688736  0.014024919  8.0004300e-05  -0.021145677  0.99855406  0.0057370951  -0.00011738165  0.0055609978  3.1956137e-05  
0.0022640850  -2.9873503e-05  -8.6168368e-05  0.014034041  -0.0020342862  -0.0058775630  0.99870561  -1.5994170e-05  -4.0230513e-05  0.0055611304  
0.0021595427  0.0011100506  2.0073010e-05  9.2223662e-06  -0.0055982879  -0.00011812186  -1.6786525e-05  0.99865024  0.021143809  0.0020791412  
0.0033256415  -2.5510924e-05  0.0011061055  1.6920278e-05  0.00011342319  -0.0055946106  -3.9978906e-05  -0.021155757  0.99868263  0.0057372540  
-1.2446239e-05  -2.2476791e-06  -6.5080571e-06  0.0011114964  1.1411943e-05  3.2932015e-05  -0.0055960138  -0.0020310639  -0.0058787070  0.99885050  
