0.99827896  0.0011318568  0.0099300416  0.0043224257  0.0098648403  -0.0016665151  0.0049928174  -0.00023139677  0.0053114668  0.0023412517  
-0.0010455810  0.99825986  -0.010771141  -0.0016558581  0.0061399942  -6.4551875e-05  -1.5403311e-05  -0.0020852522  1.6917415e-05  9.9765200e-07  
-0.0093919387  0.010701890  0.99067833  -0.12158806  -2.6809326e-05  0.0061198634  -0.00079583144  -2.0202846e-05  -0.0021198194  0.00023190119  
-0.0054790722  0.0030111554  0.12149489  0.99072531  -3.5553232e-05  0.00075801737  0.0060766415  -5.0336400e-06  -0.00028308424  -0.0020826510  
-0.0097664320  -0.0057846506  -3.4912078e-05  -3.2736761e-05  0.99604212  -0.010721558  -0.0016966660  0.067828329  -0.00078309361  -0.00013510348  
0.0017771055  -5.9942512e-05  -0.0057125848  0.00071068037  0.010707323  0.98866229  -0.12128008  0.00072744310  0.067326667  -0.0082542745  
-0.0049422730  -2.3054941e-05  -0.00075215886  -0.0057515300  0.0029621135  0.12129921  0.98861787  0.00020615828  0.0082322822  0.067304077  
0.00099473383  0.0026250220  -1.8389452e-05  -3.3389555e-08  -0.067909168  0.00073047127  0.00011732720  0.99599499  -0.010731024  -0.0016452498  
-0.0051708072  2.2294828e-05  0.0025527739  -0.00034187202  -0.00077994943  -0.067400815  0.0082438963  0.010689422  0.98849541  -0.12128363  
-0.0025576892  5.0311162e-06  0.00029404656  0.0025930746  -0.00023056827  -0.0082656239  -0.067420693  0.0030111117  0.12125989  0.98849427  
