0.99875009  -0.0022089139  -0.0056595438  0.0016423726  0.0062474265  -0.0018076476  -0.0089020882  0.00011490758  -0.0086541403  0.0015833170  
0.0022127637  0.99840097  0.0073297826  -0.015257918  0.0099890561  6.9346066e-05  -0.00017210205  0.017486046  0.00010948573  -0.00026376759  
0.0058936229  -0.0078811602  0.99813757  -0.027753374  -4.2059140e-05  0.0099623019  -0.00032972729  -0.00013730362  0.017430778  -0.00047684642  
-0.0013127168  0.015026464  0.027763891  0.99776863  0.00014203319  0.00027968694  0.0099805653  0.00026300963  0.00049737562  0.017472664  
-0.0063884903  -0.0099777149  -3.7195131e-05  0.00014232045  0.99857448  0.0073554589  -0.015207445  0.0035601970  8.1911448e-05  -6.4693362e-05  
0.0016283633  7.5171487e-05  -0.0099986840  0.00028046978  -0.0078597665  0.99837637  -0.027783113  -2.7924349e-05  0.0035458684  -9.6429340e-05  
0.0089990982  -0.00017036977  -0.00032898912  -0.0099708460  0.015083145  0.027745847  0.99789845  5.4347734e-05  2.0349136e-05  0.0035729621  
-0.00013549863  -0.017375585  -0.00012714302  0.00026542103  -0.0037188371  -2.7137451e-05  5.7839571e-05  0.99858100  0.0073444890  -0.015264346  
0.0084647481  0.00011815846  -0.017419777  0.00049695986  8.2214073e-05  -0.0037327517  2.7626591e-05  -0.0078688492  0.99827212  -0.027754181  
-0.0012778890  -0.00025859198  -0.00047571514  -0.017366891  -6.4044036e-05  -0.00010099731  -0.0037041781  0.015026126  0.027772719  0.99794372  
