0.99822369  0.00051442241  -0.0018729246  -0.0019451920  -0.0017210091  -0.0020629262  -0.0012012804  0.0033938658  -0.00061909191  0.0012797702  
-0.00051242439  0.99718913  0.014738925  0.029519292  -0.013553989  -0.00019921574  -0.00040061197  0.027747822  0.00041046956  0.00082075361  
0.0018996380  -0.015922119  0.99663262  0.041248891  0.00021323042  -0.013551402  -0.00056303529  -0.00043666138  0.027732964  0.0011504119  
0.0018222803  -0.028582419  -0.041575094  0.99583856  0.00038546946  0.00056122920  -0.013538744  -0.00078926417  -0.0011580385  0.027714443  
0.0018366104  0.013711663  0.00019921950  0.00040232050  0.99764992  0.014740930  0.029529809  -0.0040452949  -6.1066180e-05  -0.00011759921  
0.0022684845  -0.00021779555  0.013698891  0.00056279913  -0.015934290  0.99709474  0.041269068  7.2333264e-05  -0.0040506713  -0.00016470728  
0.00089592458  -0.00039255187  -0.00057327266  0.013690477  -0.028598135  -0.041592904  0.99630398  0.00011916329  0.00016831292  -0.0040448159  
-0.0033767624  -0.027950739  -0.00040669503  -0.00082073267  0.0044513733  7.2897487e-05  0.00013566365  0.99764034  0.014746986  0.029527610  
0.00067321449  0.00044664912  -0.027934873  -0.0011576123  -7.2193259e-05  0.0044416713  0.00018305399  -0.015928043  0.99709789  0.041272645  
-0.0010495264  0.00080062018  0.0011670623  -0.027909305  -0.00012572660  -0.00018319132  0.0044408606  -0.028600003  -0.041590291  0.99630258  
