0.99871265  -0.00080412348  0.0039251299  0.0032461145  -0.0027854580  -0.00073611764  -0.0012480936  0.0040194679  -0.00020688029  0.00052273365  
0.00096767108  0.99813506  -0.017206996  -0.014594495  -0.015808419  0.00027178612  0.00022994155  0.019574892  -0.00033768724  -0.00028573692  
-0.0042331744  0.018644612  0.99258513  0.10666457  -0.00028332738  -0.015714787  -0.0016839419  0.00034830609  0.019463458  0.0020895633  
-0.0029271020  0.012799380  -0.10692880  0.99254488  -0.00019440182  0.0016953505  -0.015713627  0.00023896392  -0.0020956911  0.019460052  
0.0030123356  0.016959256  -0.00028062100  -0.00023820811  0.99651094  -0.017185264  -0.014577807  -0.058627436  0.0010104129  0.00085911971  
0.00070408061  0.00031625214  0.016870208  0.0018149942  0.018609216  0.99099379  0.10650482  -0.0010924592  -0.058314708  -0.0062669362  
0.0012167973  0.00021653560  -0.0018122541  0.016870637  0.012773038  -0.10674499  0.99094562  -0.00074704121  0.0062810248  -0.058311181  
-0.0037870624  -0.018562353  0.00030519494  0.00025910116  0.058892324  -0.0010123385  -0.00085635812  0.99651964  -0.017182298  -0.014576155  
0.00023564074  -0.00034692013  -0.018461460  -0.0019834243  0.0010989972  0.058555043  0.0062928311  0.018612360  0.99100984  0.10650746  
-0.00050603100  -0.00023761828  0.0019866360  -0.018463224  0.00075636298  -0.0063068246  0.058553093  0.012774439  -0.10674564  0.99096243  
