0.99837549  -0.00016934141  0.0036709446  -0.0094317868  -0.0082919123  -0.0032707475  -0.0034593312  -0.0039091459  -0.0033793214  0.0031271082  
0.00019130478  0.99763557  -0.0034217307  0.029373884  -0.021999750  7.4838960e-05  -0.00064840558  -0.017632685  5.9839622e-05  -0.00051857865  
-0.0071256457  0.014889972  0.91626002  -0.39505911  -0.00026912027  -0.020181039  0.0087373451  -0.00023523937  -0.016170070  0.0069610363  
0.0072044420  -0.025602284  0.39504876  0.91587014  0.00050467521  -0.0087339606  -0.020221672  0.00042425705  -0.0070059002  -0.016165473  
0.0085972408  0.022669551  -4.6162576e-05  0.00058633566  0.99696063  -0.0034485287  0.029328130  0.039833175  -0.00016586510  0.0012008197  
0.0016067587  0.00033807073  0.020828274  -0.0089943245  0.014866411  0.91572661  -0.39489295  0.00058868337  0.036610570  -0.015784742  
0.0041497467  -0.00058248133  0.0089920366  0.020775254  -0.025620039  0.39476969  0.91536968  -0.0010393006  0.015771566  0.036615099  
0.0033905324  0.016692076  -4.4798187e-05  0.00045948951  -0.040349048  0.00012721501  -0.0011990092  0.99724803  -0.0034326264  0.029375290  
0.0043855250  0.00024837809  0.015347621  -0.0066527701  -0.00063817449  -0.037047402  0.015954411  0.014866005  0.91592760  -0.39496445  
-0.0018342021  -0.00042805130  0.0066028525  0.015343001  0.0010499378  -0.015959388  -0.037012614  -0.025584275  0.39488027  0.91558881  
