0.99877133  0.00065140311  0.0010569253  0.00096347248  -0.00076171265  0.0015659284  0.00036468253  -0.00018837671  -0.00062385193  0.00044828188  
-0.00075092817  0.99853987  0.0054352314  0.015410439  -0.0065922869  -3.7068691e-05  -0.00010202635  0.012952461  7.0981110e-05  0.00019956505  
0.00061494483  -0.00067348449  -0.92664541  0.37202124  3.9803398e-06  0.0061191419  -0.0024560406  -8.8571235e-06  -0.012020144  0.0048258496  
-0.0012300842  -0.016126751  0.37211574  0.92640516  0.00010740965  -0.0024588302  -0.0061170441  -0.00020894174  0.0048275923  0.012016098  
0.00064676728  0.0068275923  3.7851352e-05  0.00010599235  0.99865478  0.0054376657  0.015413173  -0.010920787  -5.9855781e-05  -0.00016825588  
0.0010654867  -3.9125416e-06  -0.0063344908  0.0025445888  -0.00067477571  -0.92675103  0.37206384  7.1690763e-06  0.010133718  -0.0040681734  
-0.0010952387  -0.00011096985  0.0025430611  0.0063329228  -0.016126969  0.37215814  0.92651255  0.00017657008  -0.0040690217  -0.010132254  
0.00027357741  -0.012945464  -7.0186210e-05  -0.00019953513  0.011150133  6.1131080e-05  0.00017219082  0.99851939  0.0054357413  0.015410963  
-0.00066255537  8.3045121e-06  0.012012863  -0.0048237252  -7.0197404e-06  -0.010348563  0.0041539790  -0.00067374648  -0.92662623  0.37201255  
-0.00032563757  0.00020885353  -0.0048246804  -0.012010770  -0.00017982433  0.0041547868  0.010344728  -0.016125549  0.37210944  0.92638678  
