0.99841481  0.00057472655  -0.0023982060  0.0010903064  -0.0019553744  -0.00042991218  0.0069560372  -0.00041650132  0.0075255046  0.00065821055  
-0.00062546555  0.99810568  0.013941967  0.0082460696  -0.014560687  -0.00020311570  -0.00012467403  0.0094305402  0.00012699751  7.7504410e-05  
0.0022582400  -0.014774617  0.98918789  0.13156468  0.00021115118  -0.014432852  -0.0019036994  -0.00014054748  0.0093630917  0.0012445114  
-0.0012237877  -0.0065842702  -0.13146908  0.98932150  9.8447985e-05  0.0019186438  -0.014442295  -6.1692154e-05  -0.0012513947  0.0093464872  
0.0018245866  0.015364437  0.00021019647  0.00012893099  0.99552416  0.013903668  0.0082381617  -0.074684041  -0.0010293424  -0.00061586036  
4.1674997e-05  -0.00022741490  0.015226097  0.0020251221  -0.014737829  0.98663801  0.13122265  0.0011055905  -0.074016072  -0.0098441146  
-0.0069008701  -0.00010531021  -0.0020071123  0.015220655  -0.0065530438  -0.13112943  0.98671913  0.00049549406  0.0097853784  -0.074030626  
0.00049651606  -0.0082105926  -0.00011587330  -6.7299358e-05  0.075012344  0.0010474910  0.00062324939  0.99553200  0.013908258  0.0082258139  
-0.0076404800  0.00011715531  -0.0081192057  -0.0010906348  -0.0010955300  0.074346765  0.0098344130  -0.014734626  0.98658487  0.13121792  
-0.00012795927  5.4085775e-05  0.0010818565  -0.0081387634  -0.00049454161  -0.0098808112  0.074352317  -0.0065665351  -0.13113396  0.98677156  
