0.99858421  0.0016082075  -0.0012094568  -0.0018032206  -0.0011664041  0.0014726359  -0.0057629366  0.00058325766  -0.0061927883  7.1544633e-05  
-0.0014348002  0.99848769  -0.0040720453  -0.011967569  0.0030564938  -1.4579419e-05  -2.8341570e-05  -0.010714486  5.2609093e-05  0.00012833522  
0.0011340537  0.0039566205  0.99827031  -0.011807396  1.0774805e-05  0.0030558223  -4.2662470e-05  -4.1771964e-05  -0.010718338  0.00012675086  
0.0019071367  0.011999833  0.012105784  0.99787825  3.4475697e-05  3.9856456e-05  0.0030419504  -0.00012760952  -0.00014174527  -0.010706984  
0.0011199145  -0.0025270303  8.9610916e-06  2.8294007e-05  0.99743777  -0.0040678438  -0.011964024  0.049814353  -0.00021018232  -0.00059709943  
-0.0011583919  -1.1881718e-05  -0.0025268780  3.1990709e-05  0.0039519846  0.99721928  -0.011786237  0.00019662425  0.049809991  -0.00058904036  
0.0057917017  -2.1056233e-05  -3.7680408e-05  -0.0025377518  0.011977370  0.012103891  0.99679798  0.00060188965  0.00056814343  0.049783766  
-0.00066963512  0.010933209  -4.3800233e-05  -0.00012987388  -0.049691883  0.00020175575  0.00059959321  0.99754491  -0.0040657759  -0.011958882  
0.0061641505  5.3235536e-05  0.010924430  -0.00014040935  -0.00020402154  -0.049672709  0.00055195238  0.0039546527  0.99728896  -0.011793737  
-2.2775492e-05  0.00013133773  0.00013262117  0.010927667  -0.00059702599  -0.00060262694  -0.049662259  0.011985398  0.012096779  0.99693756  
