0.99849771  0.0015673264  0.0041651486  -0.0057635435  0.0053762825  2.4000897e-05  -0.0014948623  0.0040140467  -0.0022929565  0.0010841943  
-0.0016045628  0.99814882  0.021306296  -0.0011891649  -0.018536981  -0.00039565054  2.4614472e-05  0.0053669483  0.00011835486  -8.1481110e-06  
-0.0065600420  -0.018735209  0.82891278  -0.55589869  0.00031240828  -0.015387466  0.010329376  -0.00012712465  0.0044772724  -0.0029997328  
0.0024287138  -0.010786532  0.55604989  0.82919012  0.00021311684  -0.010321568  -0.015395798  -4.8494719e-05  0.0029879502  0.0044664099  
-0.0061657745  0.016890720  0.00033499699  1.5325220e-05  0.97844649  0.020892907  -0.0011657454  0.19708490  0.0042226695  -0.00024317045  
-0.00033895801  -0.00031755640  0.014033829  -0.0094109348  -0.018357813  0.81260339  -0.54497964  -0.0036990575  0.16369546  -0.10978375  
0.0013845947  -0.00018057856  0.0094203618  0.014031754  -0.010570225  0.54508127  0.81285977  -0.0021253008  0.10980068  0.16374821  
-0.0028473871  -0.0088845512  -0.00020154814  2.7095760e-05  -0.19685030  -0.0042029639  0.00024052492  0.97862086  0.020902663  -0.0011780151  
0.0027450747  0.00017090417  -0.0073630203  0.0049297859  0.0037075498  -0.16346671  0.10962639  -0.018347699  0.81272397  -0.54506227  
0.00016305915  9.6269574e-05  -0.0049461280  -0.0073781313  0.0021287767  -0.10965086  -0.16351899  -0.010578512  0.54516596  0.81298891  
