0.99795751  0.00026830446  0.0072076923  -0.0031364981  0.0069399233  0.0028103388  0.0054928517  0.0010251805  0.0059135044  -0.0020991749  
-0.00043753093  0.99772960  0.0056146107  0.011889860  0.0030457147  1.5929348e-05  3.3906522e-05  0.016998801  9.3082460e-05  0.00020348940  
-0.0072249706  -0.0063106368  0.99633458  0.055490204  -6.9659117e-05  0.0030244080  0.00012980592  -0.00011501263  0.016933221  0.00096036495  
0.0036647252  -0.011646992  -0.055558064  0.99585433  -9.8865849e-06  -0.00015950609  0.0030633428  -0.00019461762  -0.00092502764  0.016959691  
-0.0069362589  -0.0034440930  -6.9259809e-05  -1.9014019e-05  0.99752874  0.0055975041  0.011848621  0.023742183  9.2381875e-05  0.00029765968  
-0.0031317308  2.0918625e-05  -0.0034600076  -0.00018147045  -0.0063294100  0.99622540  0.055441650  -0.00015341012  0.023698832  0.0013269095  
-0.0053524643  3.8731885e-05  0.00015324002  -0.0034187856  -0.011683492  -0.055591127  0.99568425  -0.00028283116  -0.0013550386  0.023716365  
-0.00079866871  -0.016765218  -0.00010014069  -0.00019722949  -0.023403477  -0.00013398050  -0.00028317632  0.99777788  0.0056133020  0.011890732  
-0.0055176162  0.00010450900  -0.016782083  -0.00091453412  0.00010958038  -0.023381862  -0.0013309914  -0.0063147125  0.99640271  0.055481624  
0.0023809052  0.00019636416  0.00095098476  -0.016741179  0.00028959697  0.0013101396  -0.023341265  -0.011646111  -0.055573279  0.99590994  
