0.99827008  0.0010119944  0.0059391654  0.0043104108  0.0074516641  -0.0026718419  0.010989666  -0.0029657966  0.010732616  0.0019809580  
-0.00079459442  0.99778594  0.011278556  0.021445050  -0.015400118  -0.00017195555  -0.00033966178  0.012566035  0.00013353108  0.00026849267  
-0.0066261762  -0.014297684  0.98667926  0.15046241  0.00017102420  -0.015205690  -0.0023947713  -0.00016025937  0.012353071  0.0018817651  
-0.0031612457  -0.019394521  -0.15062702  0.98619937  0.00027557834  0.0023320947  -0.015250425  -0.00023477473  -0.0019303769  0.012411670  
-0.0079345338  0.015566019  0.00012891018  0.00030052058  0.99750470  0.011302000  0.021356342  -0.021763979  -0.00033168629  -0.00048409168  
0.0013511466  -0.00022169238  0.015409344  0.0023547895  -0.014277690  0.98649471  0.15047229  0.00030804167  -0.021531344  -0.0032834226  
-0.011101932  -0.00031392603  -0.0024168351  0.015345476  -0.019469857  -0.15054486  0.98587056  0.00045640959  0.0031693036  -0.021556860  
0.0027512059  -0.012184814  -0.00012145303  -0.00025010604  0.021961880  0.00024075601  0.00050193960  0.99770348  0.011312013  0.021452326  
-0.010795007  0.00016361556  -0.012116635  -0.0018848048  -0.00039483871  0.021726849  0.0031904603  -0.014257820  0.98652836  0.15045827  
-0.00040271027  0.00023644965  0.0018372288  -0.012047973  -0.00042942136  -0.0033107986  0.021682403  -0.019388661  -0.15060121  0.98613799  
