0.99864651  -5.9774029e-05  -0.00079164986  -0.0020461285  -0.00075099042  0.00057788202  -0.0069692953  -0.0023206017  -0.0074349150  0.00017747046  
0.00015422096  0.99810457  -0.0093360846  -0.019477445  -0.0011964334  1.1279227e-05  2.2268810e-05  0.021342193  -0.00020077981  -0.00041645362  
0.0011154301  0.011120775  0.99404360  0.093569029  -1.4168134e-05  -0.0011908056  -0.00011993787  0.00023520589  0.021247429  0.0020010412  
0.0019292030  0.018447008  -0.093747341  0.99377442  -2.3561301e-05  0.00011347909  -0.0012045955  0.00038997337  -0.0020189372  0.021250386  
0.00041944151  0.0027425335  -2.5985548e-05  -5.4378003e-05  0.99590993  -0.0093151945  -0.019437236  -0.069864865  0.00065036255  0.0013634066  
-0.00035917517  3.0578979e-05  0.0027316872  0.00025784807  0.011096663  0.99185887  0.093368104  -0.00077758609  -0.069577024  -0.0065497343  
0.0069966675  5.0269609e-05  -0.00026313805  0.0027163357  0.018401306  -0.093535663  0.99154472  -0.0013074938  0.0065097946  -0.069559828  
0.0023165797  -0.021232323  0.00019676290  0.00040958088  0.069872266  -0.00065223940  -0.0013796964  0.99573737  -0.0093311176  -0.019430629  
0.0073129412  -0.00023700589  -0.021151614  -0.0020054798  0.00077303406  0.069594006  0.0064995839  0.011077533  0.99163783  0.093351196  
-0.00045151557  -0.00039238952  0.0019945662  -0.021139231  0.0012917618  -0.0065630963  0.069574296  0.018404522  -0.093520619  0.99142671  
