0.99857767  0.00095913174  -0.0017760311  0.0027701006  0.0013266443  0.0012899330  0.0034156525  -0.0013560462  0.0040736409  -8.3614956e-05  
-0.00093418586  0.99839724  -0.010514870  -0.0092562630  -0.0054225112  5.5901693e-05  4.7102487e-05  0.0072444127  -8.0077067e-05  -6.7038922e-05  
0.0025105592  0.0067548947  0.94131829  -0.33330698  -3.3317256e-05  -0.0051080778  0.0018184941  4.5532093e-05  0.0068394301  -0.0024183754  
-0.0018925249  0.011913892  0.33307631  0.94113468  -6.7221278e-05  -0.0018110572  -0.0051168491  8.9045402e-05  0.0024085824  0.0068279495  
-0.0011129291  0.0045172868  -4.5601026e-05  -4.4987590e-05  0.98918338  -0.010420926  -0.0091721100  0.13517969  -0.0014284642  -0.0012527902  
-0.00051909581  3.0063224e-05  0.0042609792  -0.0015099062  0.0066895034  0.93263555  -0.33023997  0.00091497686  0.12744829  -0.045129013  
-0.0036929335  5.0461696e-05  0.0015138990  0.0042489966  0.011800855  0.32999453  0.93244258  0.0016183508  0.045081375  0.12742607  
0.0014350368  -0.0081708652  8.3531647e-05  7.9722981e-05  -0.13522114  0.0014262208  0.0012581930  0.98928118  -0.010414644  -0.0091693597  
-0.0038631307  -5.8909165e-05  -0.0076981569  0.0027175524  -0.00091967575  -0.12749778  0.045130905  0.0066961448  0.93271309  -0.33027059  
-0.00074199001  -9.8257831e-05  -0.0027249414  -0.0077056734  -0.0016148785  -0.045112396  -0.12747061  0.011807949  0.33002896  0.93254781  
