0.99867727  0.0011635619  0.0061756635  -0.0019195351  -0.0070331069  0.00054937327  -0.0024242614  0.00010924415  -0.0025676996  0.00092847304  
-0.0011505562  0.99866321  -0.0017916373  0.00085926711  -0.00014026379  -3.5151289e-07  2.6381986e-06  -0.0030050754  8.3279452e-06  -3.6059501e-06  
-0.0062766504  0.0019680809  0.99747027  -0.046135784  4.3886381e-05  -0.00015147971  2.2175292e-05  -6.7332295e-06  -0.0029850611  0.00013316718  
0.0016106899  -0.00069953128  0.046095810  0.99748075  -1.1328140e-05  -5.9569152e-06  -0.00015202606  2.3146268e-06  -0.00014291209  -0.0029999082  
0.0070317666  7.7301828e-05  4.3627973e-05  -1.3434565e-05  0.99869906  -0.0017809187  0.00083997666  0.0066549426  -3.0283274e-05  1.2093631e-05  
-0.00069612718  -6.5792693e-07  6.4813388e-05  -1.8780808e-06  0.0019803398  0.99759289  -0.046150019  1.3075058e-05  0.0066481564  -0.00030810448  
0.0024143289  2.7276366e-06  1.8123513e-05  6.4480396e-05  -0.00071838099  0.046090907  0.99756199  -4.3710838e-06  0.00030078987  0.0066483688  
-0.00016042641  0.0030703209  -6.4269239e-06  2.9249576e-06  -0.0067997951  1.2070759e-05  -5.4673448e-06  0.99871474  -0.0017842944  0.00085700283  
0.0026629267  9.1582570e-06  0.0030835375  -0.00014700374  -3.2248812e-05  -0.0067915393  0.00030774391  0.0019757675  0.99755247  -0.046147714  
-0.00065849953  -2.8936131e-06  0.00013773305  0.0030680876  9.2653108e-06  -0.00031418880  -0.0067912623  -0.00070152294  0.046089702  0.99753347  
