0.99885320  0.00070310322  0.00058951647  6.3412707e-05  0.00076221489  -0.0012729115  0.0011550368  -0.0014781195  0.0014377607  -0.00063447338  
-0.00080484470  0.99867075  0.0084641935  -0.0096995944  -0.0077015245  -6.4246707e-05  7.3863999e-05  -0.0080247500  -6.9185819e-05  7.8462774e-05  
-0.00054970513  -0.0076226009  0.99554424  0.080238857  5.8356607e-05  -0.0076760990  -0.00061937028  6.2070293e-05  -0.0080016038  -0.00064450024  
-8.8450799e-05  0.010401400  -0.080127418  0.99525500  -8.0274798e-05  0.00061798734  -0.0076746690  -8.3461703e-05  0.00064382581  -0.0079984292  
-0.00082057533  0.0074015531  6.2255646e-05  -7.1944904e-05  0.99789890  0.0084591726  -0.0096929962  -0.040582361  -0.00034516470  0.00039468710  
0.0012198879  -5.5636997e-05  0.0073796753  0.00059480642  -0.0076153925  0.99477364  0.080178293  0.00030794304  -0.040454756  -0.0032614885  
-0.0011814370  7.6263796e-05  -0.00059459962  0.0073767341  0.010392523  -0.080063937  0.99448449  -0.00042094186  0.0032544809  -0.040443995  
0.0013686147  0.0082425898  7.0663199e-05  -7.9959481e-05  0.040500125  0.00034152326  -0.00039176260  0.99803101  0.0084612285  -0.0096942133  
-0.0013968808  -6.3886297e-05  0.0082149982  0.00066209012  -0.00031016930  0.040374061  0.0032523095  -0.0076152752  0.99490627  0.080188496  
0.00065175619  8.6297801e-05  -0.00066087376  0.0082134744  0.00042230747  -0.0032502326  0.040361292  0.010393850  -0.080075216  0.99461850  
