0.99858911  0.00012130114  0.00036638317  0.0014269361  -0.00076045793  0.00026250810  0.00045674946  -0.0019291732  -0.00038779654  -0.00069280305  
-3.4609952e-05  0.99847093  0.0092644220  0.0049676308  -0.0078715778  -7.3046740e-05  -3.9179326e-05  0.0022737012  2.1109635e-05  1.1335997e-05  
-0.00012793107  -0.0083239296  0.98795459  -0.14373998  6.5720322e-05  -0.0077887309  0.0011331370  -1.8707370e-05  0.0022497372  -0.00032722347  
-0.0013977553  -0.0062251277  0.14370428  0.98801459  5.0139880e-05  -0.0011332870  -0.0077898249  -1.1474631e-05  0.00032777533  0.0022507983  
0.00087032622  0.0078213582  7.2889771e-05  4.0156636e-05  0.99609759  0.0092426484  0.0049562736  0.070656957  0.00065527683  0.00035094324  
-0.00031393589  -6.5241268e-05  0.0077387608  -0.0011263955  -0.0083038948  0.98560687  -0.14339837  -0.00058845065  0.069914555  -0.010171794  
-0.00025204086  -4.8792143e-05  0.0011255802  0.0077390010  -0.0062099735  0.14336324  0.98566864  -0.00044003371  0.010169633  0.069918992  
0.0019047547  -0.0028504710  -2.5751735e-05  -1.1461262e-05  -0.070688241  -0.00065537531  -0.00035081590  0.99603664  0.0092411423  0.0049542657  
0.00015531328  2.3784207e-05  -0.0028206207  0.00041060884  0.00058917356  -0.069942248  0.010176136  -0.0083039509  0.98554957  -0.14339000  
0.00079912528  1.7869750e-05  -0.00040999376  -0.0028197126  0.00044008759  -0.010173377  -0.069946309  -0.0062113481  0.14335466  0.98561087  
