0.99872278  -0.00052855318  -0.0017790303  0.0020945342  0.0017661460  0.0036649164  0.0029710107  0.0021860738  0.0041493000  -0.0030433597  
0.00046420543  0.99839184  0.014791608  0.0050265210  0.017636835  0.00026300320  9.0154288e-05  -0.0077689171  -0.00011319275  -4.0525606e-05  
0.0016652809  -0.014701287  0.99691983  0.051082563  -0.00025672920  0.017616171  0.00090723590  0.00011805021  -0.0077515799  -0.00040259467  
-0.0023055148  -0.0040598239  -0.051215123  0.99703816  -7.5813059e-05  -0.00091321816  0.017605325  2.6558388e-05  0.00038903242  -0.0077524085  
-0.0017814417  -0.017810871  -0.00026073115  -9.3394340e-05  0.99826873  0.014784117  0.0050196429  -0.019487748  -0.00029607893  -9.2646201e-05  
-0.0036892007  0.00026421502  -0.017779029  -0.00091901319  -0.014705160  0.99678923  0.051061946  0.00027880658  -0.019470502  -0.00098557777  
-0.0028524836  7.3960674e-05  0.00091885781  -0.017793728  -0.0040655995  -0.051223531  0.99691447  7.3008485e-05  0.00098770398  -0.019448829  
-0.0022572450  0.0076023169  0.00011664104  3.3527399e-05  0.019662831  0.00028310554  9.2280852e-05  0.99843195  0.014783721  0.0050326514  
-0.0039738880  -0.00010981644  0.0075970148  0.00038054947  -0.00029660333  0.019623298  0.00099435933  -0.014709764  0.99695103  0.051093473  
0.0031830761  -3.2602783e-05  -0.00039562067  0.0075975269  -7.4367496e-05  -0.00099726119  0.019649717  -0.0040542590  -0.051208304  0.99707805  
