0.99769643  -0.0011426848  0.010866808  -0.013487455  -0.016492420  0.00015024653  0.0042084492  -0.0070811752  0.0048109907  -0.0013765261  
0.00096331945  0.99715866  -0.024781889  -0.0063738451  -0.025414598  0.00063163226  0.00016608006  0.018258829  -0.00044949402  -0.00011784469  
-0.0077273035  0.025669856  0.97472152  0.20856634  -0.00052587575  -0.024830457  -0.0053423313  0.00052489516  0.017818930  0.0038292021  
0.015598706  0.00099861311  -0.20871759  0.97504169  -0.00028374515  0.0053229259  -0.024774878  -9.2092658e-05  -0.0037511184  0.017842856  
0.017036326  0.024092968  -0.00041395061  -0.00038411927  0.99504683  -0.024744284  -0.0062772785  0.063863306  -0.0015086888  -0.00043165661  
-0.0011282314  0.00062180508  0.023559644  0.0050561021  0.025632529  0.97301527  0.20807427  0.0016545838  0.062544400  0.013377820  
-0.0035779957  2.8677595e-05  -0.0050901129  0.023631108  0.0010737579  -0.20850440  0.97344640  9.0618762e-05  -0.013420826  0.062583451  
0.0060148152  -0.019679396  0.00055463026  4.4177890e-05  -0.063583893  0.0015793199  0.00043033509  0.99565778  -0.024727095  -0.0063598124  
-0.0039857774  -0.00050168919  -0.019274906  -0.0040587665  -0.0015678285  -0.062061887  -0.013288598  0.025651742  0.97335990  0.20816231  
0.0022492058  -2.2629708e-05  0.0041455434  -0.019270716  -0.00010189490  0.013299221  -0.062080249  0.00099902731  -0.20857095  0.97382224  
