0.99860192  -0.0011961559  -0.011348585  0.0021437381  -0.012151650  0.0010717472  0.0041495281  -0.0020007596  0.0033916589  -0.0010533651  
0.0012164464  0.99825890  0.019291728  0.0097632917  -0.017505090  -0.00033695733  -0.00016605369  0.013394174  0.00026307207  0.00012976911  
0.011466630  -0.018237983  0.99259558  -0.10587480  0.00017987922  -0.017381205  0.0019033833  -0.00026775734  0.013360868  -0.0014329270  
-0.00079703010  -0.011734500  0.10581313  0.99237741  0.00021535061  -0.0018546750  -0.017390936  -0.00015587045  0.0014171905  0.013318474  
0.012159084  0.016983060  0.00019041358  0.00019223053  0.99764986  0.019309519  0.0098070762  0.033058444  0.00068071684  0.00031098990  
-0.00079202285  -0.00030936338  0.016912419  -0.0018048628  -0.018206170  0.99226510  -0.10585353  -0.00060237679  0.032897009  -0.0035087754  
-0.0043855198  -0.00019449316  0.0018517380  0.016888172  -0.011676345  0.10575022  0.99190091  -0.00037999241  0.0034915747  0.032892680  
0.0015443409  -0.014146252  -0.00029099220  -0.00013501529  -0.032807317  -0.00063242584  -0.00031418172  0.99808471  0.019307064  0.0097574870  
-0.0036605707  0.00026260048  -0.014024745  0.0014927315  0.00064270640  -0.032610800  0.0034631865  -0.018213648  0.99254212  -0.10587730  
0.00074655201  0.00016537076  -0.0015077046  -0.014059454  0.00037629886  -0.0034743975  -0.032592319  -0.011734962  0.10578829  0.99220684  
