0.99812142  0.0012768495  -0.0048502606  -0.0031306036  0.0049287676  -0.00045510580  -0.012146592  -0.0026319874  -0.011471343  0.00028873784  
-0.0011238246  0.99747468  -0.025857764  -0.0046712925  -0.026411773  0.00068519059  0.00013743295  0.0029787456  -6.4242020e-05  -1.4271539e-05  
0.0045227071  0.024946834  0.98823563  -0.13515077  -0.00063793200  -0.026164244  0.0035224370  6.2480807e-05  0.0028963013  -0.00040184620  
0.0037159186  0.0078275642  0.13464000  0.98843260  -0.00018874420  -0.0035665023  -0.026212344  1.3539223e-05  0.00035902015  0.0029499122  
-0.0047655206  0.026182641  -0.00065588152  -0.00010779030  0.99411848  -0.025774604  -0.0046011978  0.083379917  -0.0021068344  -0.00039209183  
-0.00044790665  0.00065425428  0.025948882  -0.0035466063  0.024855470  0.98495452  -0.13467943  0.0020857113  0.082602031  -0.011294614  
0.012176556  0.00022096480  0.0034762770  0.025913414  0.0078567909  0.13420241  0.98499216  0.00062170829  0.011114546  0.082616005  
0.0024957191  -0.0054087269  0.00012819619  1.7535939e-05  -0.083458974  0.0021631615  0.00036082888  0.99461399  -0.025817868  -0.0046607125  
0.011514529  -0.00012059049  -0.0054178571  0.00069708354  -0.0020302700  -0.082705120  0.011168442  0.024839284  0.98529611  -0.13474638  
0.00012220124  -4.2287218e-05  -0.00073119636  -0.0053632995  -0.00065402893  -0.011268579  -0.082716976  0.0078000934  0.13427116  0.98561460  
