0.99852122  -0.00075484151  0.00027157359  -0.0077372020  0.00040108404  -0.00020616033  -0.0047095622  -0.0053824551  -0.0047730532  -0.00047027698  
0.00079397194  0.99682153  0.042486813  -0.00029174815  0.040326444  0.0017186301  -1.5331692e-05  0.0035023654  0.00014562881  -1.3765983e-06  
0.00062125092  -0.042029938  0.99097970  0.10676415  -0.0017000270  0.040089631  0.0043163692  -0.00015121202  0.0034831628  0.00037531081  
0.0078031398  0.0047661008  -0.10629058  0.99178899  0.00019633784  -0.0043015137  0.040087980  -2.5521191e-05  -0.00041141446  0.0034855605  
-0.00038050778  -0.040355209  -0.0017201231  1.4419637e-05  0.99689680  0.042489881  -0.00028384988  -0.0011311370  -4.6520321e-05  4.9677695e-07  
0.00058667128  0.0017011029  -0.040118823  -0.0043267672  -0.042032387  0.99105383  0.10677431  4.4748659e-05  -0.0011291837  -0.00012163008  
0.0044800709  -0.00019658127  0.0043042334  -0.040188680  0.0047742655  -0.10630129  0.99190263  -2.9628575e-05  9.9380763e-05  -0.0011295698  
0.0056209214  -0.0035367906  -0.00014921724  -4.2263299e-05  0.0011998622  4.9973104e-05  -2.6853246e-05  0.99770290  0.042498560  -0.00028844960  
0.0044905940  0.00014551482  -0.0035107482  -0.00041327891  -4.8588462e-05  0.0011896245  0.00010687804  -0.042092368  0.99186363  0.10686442  
-4.2049242e-05  -1.6898355e-05  0.00037667546  -0.0035147870  5.7254180e-06  -0.00012768791  0.0011916097  0.0047764800  -0.10638954  0.99275590  
