0.99912513  0.00036501988  -0.0011043776  -0.0026139239  0.0013725864  0.0011939149  -0.0051003280  -0.0022044723  -0.0057223223  -0.0014143487  
-0.00032101951  0.99885315  -0.014695720  -0.012746230  -0.0098598004  0.00014467662  0.00012746097  0.0085623299  -0.00012412810  -0.00010880645  
0.0014188994  0.016218742  0.99125161  0.12303735  -0.00015813560  -0.0097826459  -0.0012217420  0.00013588304  0.0084883514  0.0010526319  
0.0024438633  0.010813423  -0.12305235  0.99133263  -0.00010336966  0.0012175038  -0.0097976642  8.7286925e-05  -0.0010687108  0.0084937542  
-0.0016021336  0.010448043  -0.00015195920  -0.00012915078  0.99609319  -0.014657413  -0.012703696  -0.074790692  0.0011096194  0.00095676977  
-0.00082004681  0.00016935314  0.010370033  0.0012892317  0.016172318  0.98851531  0.12270553  -0.0012126128  -0.074220435  -0.0092121657  
0.0050569347  0.00011495331  -0.0012927657  0.010356795  0.010789624  -0.12270386  0.98857608  -0.00082080093  0.0091850067  -0.074238718  
0.0019782667  -0.0078399771  0.00011317313  9.4885127e-05  0.075002552  -0.0011011046  -0.00096722436  0.99612433  -0.014667319  -0.012715100  
0.0059688584  -0.00012512755  -0.0077876391  -0.00098145142  0.0012259605  0.074436308  0.0092081840  0.016160815  0.98851515  0.12269700  
0.00091036095  -8.4542543e-05  0.00096489674  -0.0077840970  0.00081311962  -0.0092382105  0.074430973  0.010781028  -0.12271922  0.98863366  
