0.99881050  -0.00051647822  -0.0079624991  0.0025894821  0.0085109475  -0.0013063493  -0.00097655644  0.0010687975  -0.00036199503  0.00041550384  
0.00056036793  0.99882879  0.0043539514  -0.0071657517  -0.00043487994  -2.6513544e-06  2.6069078e-06  0.0034252761  1.4740580e-05  -2.4341018e-05  
0.0082998225  -0.0051838279  0.99023890  -0.13044143  7.3003358e-05  -0.00044675824  4.9311015e-05  -8.8776361e-06  0.0033924422  -0.00044386444  
-0.0015413398  0.0064440674  0.13046257  0.99016572  -1.5970021e-05  -5.5404410e-05  -0.00043433628  2.0442642e-05  0.00044783234  0.0033943449  
-0.0085652196  -3.6794617e-05  6.8101894e-05  -2.1910092e-05  0.99271846  0.0043432758  -0.0071155064  0.10950055  0.00048095296  -0.00078936173  
0.0012664468  -4.4110157e-07  -5.0967923e-05  8.6678086e-06  -0.0051374358  0.98431730  -0.12967558  -0.00056651926  0.10857470  -0.014303182  
0.0010127140  -7.8959401e-07  -1.3457276e-05  -3.8240717e-05  0.0064129521  0.12966042  0.98418343  0.00070751153  0.014301952  0.10856074  
-0.00010934896  -0.0035062420  -1.4428104e-05  2.4876324e-05  -0.10944923  -0.00047743767  0.00078546480  0.99284105  0.0043323299  -0.0071242831  
0.00027182579  1.8041731e-05  -0.0034785427  0.00045868302  0.00056987220  -0.10851462  0.014295420  -0.0051481943  0.98436815  -0.12968072  
-0.00049681131  -2.2361616e-05  -0.00045397325  -0.0034771886  -0.00071026502  -0.014293648  -0.10849894  0.0064041118  0.12966842  0.98423350  
