0.99819794  -0.00026973544  -0.0070872026  -0.010061071  0.010555341  0.00086589432  0.00050218072  -0.0075331192  -0.00016096884  0.00020745657  
0.00036622931  0.99794022  -0.013799621  -0.010699859  -0.022651569  0.00031354043  0.00024301080  0.0071366294  -9.8764717e-05  -7.6445644e-05  
0.0069438020  0.013760277  0.99765710  -0.0067378221  -0.00023900467  -0.022644108  0.00015486785  4.6053295e-05  0.0071366000  -4.6259402e-05  
0.010221708  0.010748829  0.0068394462  0.99777021  -0.00013599638  -0.00014805118  -0.022648777  -2.2209197e-07  4.7801134e-05  0.0071410377  
-0.011048110  0.023141449  -0.00024145921  -0.00013664720  0.99583462  -0.013779107  -0.010680409  -0.062808242  0.00087128949  0.00067179156  
-0.00092577313  0.00031934249  0.023139613  -0.00014527078  0.013724937  0.99571719  -0.0066550107  -0.00086032396  -0.062876728  0.00042002397  
-0.00035585675  0.00024938491  0.00016279020  0.023140495  0.010726400  0.0068979361  0.99588432  -0.00067489499  -0.00043554797  -0.062887465  
0.0067546494  -0.0057410195  3.1389220e-05  -6.5676136e-06  0.063288613  -0.00086814964  -0.00067417904  0.99629858  -0.013776117  -0.010677714  
0.00014907629  -7.9186975e-05  -0.0057389074  3.6844401e-05  0.00087337667  0.063202498  -0.00042231669  0.013739091  0.99611599  -0.0066571740  
-3.6676372e-06  -6.1831832e-05  -3.9725262e-05  -0.0057387715  0.00068104936  0.00043785715  0.063212935  0.010734480  0.0069010028  0.99628258  
