0.99845100  0.00033119049  -0.0047308728  0.0024806580  0.0070471898  0.00054870407  0.0023947344  0.00095957494  0.0011721387  -7.2701214e-05  
-0.00014609087  0.99789144  0.0055925040  0.020013204  0.0075529800  4.2249577e-05  0.00015115176  -0.020182411  -0.00011326542  -0.00040476206  
-0.0049345295  0.0045968493  -0.99644405  0.058321316  -1.8102273e-08  -0.0075459429  0.00042974834  -9.7746385e-05  0.020147676  -0.0011794323  
0.0021027241  0.020615334  -0.058233333  -0.99599539  0.00017089351  -0.00043959374  -0.0075346540  -0.00041490841  0.0011800312  0.020143874  
0.0071423612  0.0071236122  6.0627679e-06  0.00016056786  -0.99790429  -0.0055882410  -0.019997705  -0.019904300  -0.00010318991  -0.00039985549  
-0.00055298800  3.2632702e-05  -0.0071084605  0.00041491141  -0.0046026804  0.99653026  -0.058338597  -9.2286133e-05  0.019882100  -0.0011639033  
-0.0025792268  0.00014625648  -0.00040327793  -0.0071141574  -0.020634147  0.058225641  0.99605753  -0.00041380749  0.0011587167  0.019873623  
0.00088878259  -0.020080872  -0.00011673861  -0.00040053679  0.019695111  0.00011081734  0.00039700818  -0.99800215  -0.0055913934  -0.020015869  
-0.0010851120  -9.2898019e-05  0.020057651  -0.0011765774  8.3071297e-05  -0.019661337  0.0011483445  -0.0046000428  0.99657752  -0.058340016  
8.1209367e-06  -0.00041483795  0.0011716252  0.020043136  0.00040679315  -0.0011487682  -0.019651510  -0.020616932  0.058229886  0.99611192  
