0.99850153  0.0025081557  -0.00011772176  -0.0016815299  0.00030561239  -0.0014391564  0.0010704642  0.0038278198  0.0013312305  0.00056986742  
-0.0025517653  0.99829237  0.013617855  -0.0051778505  -0.011537731  -0.00015372059  5.7100620e-05  -0.0019647673  -3.0042690e-05  8.6657894e-06  
-0.00032497623  -0.014422772  0.94777129  -0.31319725  0.00016657768  -0.010952618  0.0036191688  2.6983422e-05  -0.0018564481  0.00061314314  
0.0017905285  0.00037478963  0.31322291  0.94782628  -3.7744493e-06  -0.0036224045  -0.010951786  6.2144745e-06  -0.00061099380  -0.0018550790  
-0.00091162516  0.011882366  0.00016227283  -6.0075257e-05  0.98710557  0.013466134  -0.0051250940  0.14933674  0.0020358273  -0.00077578070  
0.0014953233  -0.00016786333  0.011283004  -0.0037311933  -0.014259822  0.93714262  -0.30968456  -0.0021516036  0.14178378  -0.046851918  
-0.00060180116  2.8634159e-06  0.0037290352  0.011284977  0.00036592047  0.30971221  0.93720156  5.3029339e-05  0.046855790  0.14179010  
-0.0036373661  0.00040067533  6.1888666e-06  4.0222622e-06  -0.14926995  -0.0020308960  0.00077086021  0.98727742  0.013462457  -0.0051271295  
-0.0013230896  -9.3218747e-06  0.00038934858  -0.00012631614  0.0021560392  -0.14171195  0.046828894  -0.014268119  0.93731924  -0.30974524  
-0.00082234903  -1.9032556e-06  0.00012873414  0.00039052590  -5.5587636e-05  -0.046833000  -0.14172346  0.00036302381  0.30976850  0.93737799  
