0.99897713  0.0010712333  0.0046928262  -0.0050344924  0.0076987356  -0.0013887391  -0.0025334545  0.0029517329  -0.0025787951  0.00098343541  
-0.0012263978  0.99808283  -0.026855593  -0.014314929  0.023598476  -0.00063338073  -0.00033563050  -0.018847094  0.00051008106  0.00026917010  
-0.0031349827  0.029497848  0.96647159  0.24830269  0.00067363917  0.022864894  0.0058807408  -0.00056623535  -0.018238822  -0.0046906536  
0.0061446778  0.0073146376  -0.24844551  0.96701225  0.00022021374  -0.0058857670  0.022858126  -0.00011981731  0.0046752449  -0.018251380  
-0.0075745626  -0.024543227  0.00062444546  0.00039021753  0.99740729  -0.026822664  -0.014293026  -0.041064175  0.0011236338  0.00058143555  
0.0014978507  -0.00072359846  -0.023751324  -0.0061109868  0.029494472  0.96588534  0.24812924  -0.0012086809  -0.039746339  -0.010208225  
0.0021292376  -0.00017736467  0.0061180493  -0.023782781  0.0073199292  -0.24832336  0.96643858  -0.00029421978  0.010211913  -0.039763277  
-0.0032106167  0.017682253  -0.00049085177  -0.00023758460  0.041500773  -0.0011126301  -0.00058769074  0.99761568  -0.026829197  -0.014317685  
0.0020731780  0.00052497406  0.017135533  0.0043891073  0.0012433817  0.040207999  0.010324774  0.029493768  0.96603651  0.24817475  
-0.0014600802  0.00012793033  -0.0044097364  0.017143020  0.00029280073  -0.010335803  0.040237754  0.0073003736  -0.24835634  0.96659708  
