0.99810499  0.0010790509  -0.00029874436  0.0047108938  -0.0029346084  0.00014016280  0.00086584547  -0.0042492446  0.00092837378  0.00062046537  
-0.0012032030  0.99774991  0.019454459  -0.0065654460  -0.019709826  -0.00038453905  0.00012856276  -0.0024790350  -4.9555110e-05  1.5584259e-05  
8.4171262e-05  -0.019345008  0.99755485  0.014086186  0.00038196900  -0.019709472  -0.00027823111  4.7806239e-05  -0.0024835903  -3.5017858e-05  
-0.0048101683  0.0068436608  -0.014125713  0.99760170  -0.00012117563  0.00027844589  -0.019715031  3.4263931e-06  3.0699056e-05  -0.0024868319  
0.0029289969  0.019539798  0.00038004751  -0.00011462021  0.99734423  0.019446743  -0.0065546071  -0.030484174  -0.00059141127  0.00020215859  
-0.00039935779  -0.00037922163  0.019532907  0.00027392421  -0.019336200  0.99715652  0.014079819  0.00059250691  -0.030466079  -0.00043043365  
-0.00080821713  0.00013323149  -0.00027637713  0.019530334  0.0068485029  -0.014121626  0.99722538  -0.00020572601  0.00043069690  -0.030468334  
0.0042111573  0.0030087202  5.7314647e-05  1.2492489e-07  0.030509315  0.00059570176  -0.00019701335  0.99771443  0.019457649  -0.0065570253  
-0.0011660776  -5.9507547e-05  0.0030039254  3.6907747e-05  -0.00058834754  0.030515527  0.00042987961  -0.019339769  0.99753494  0.014084798  
-0.00062624107  1.9944470e-05  -4.2348546e-05  0.0030008299  0.00021135127  -0.00043224444  0.030517275  0.0068513978  -0.014127468  0.99760517  
