0.99855851  0.00044416039  0.010514218  -0.0035339095  0.011376409  -0.00046609676  -0.0041150840  0.0022683117  -0.0035939179  0.00048990872  
-0.00056108007  0.99849324  -6.6756264e-05  0.013034397  0.0029708638  7.5627501e-08  4.1123879e-05  0.015157714  1.0531694e-06  0.00019756614  
-0.010924281  0.0023962048  0.98124110  -0.18448530  -0.00011723259  0.0029311447  -0.00050529460  1.1566788e-05  0.014937987  -0.0028071587  
0.0016233098  -0.012747836  0.18442415  0.98110690  -1.9737335e-05  0.00054908624  0.0029187256  -0.00018989061  0.0027938838  0.014895940  
-0.011423044  -0.0041513676  -0.00011964599  -1.3922753e-05  0.99582078  -5.5480303e-05  0.013046237  0.072479492  3.6587681e-05  0.00094033511  
-6.7841898e-05  -1.0000628e-05  -0.0040755519  0.00076642217  0.0023944514  0.97885679  -0.18405358  0.00017422428  0.071261302  -0.013399210  
0.0041538036  5.4882655e-05  -0.00072186882  -0.0040885700  -0.012668527  0.18393579  0.97859706  -0.00091621450  0.013375725  0.071245617  
-0.0014033987  -0.014970585  -1.3862279e-05  -0.00019043614  -0.072602500  5.0900182e-06  -0.00094161911  0.99597461  -5.5763186e-05  0.012998881  
0.0039108517  -3.4174180e-05  -0.014671840  0.0027526803  -0.00012989507  -0.071342442  0.013398012  0.0024041809  0.97886912  -0.18405674  
-0.00014230831  0.00019105874  -0.0027664024  -0.014708785  0.00092495419  -0.013405596  -0.071322279  -0.012716828  0.18394328  0.97864057  
