0.99839283  -0.00035904971  -0.0066995421  0.0061097666  0.0076331026  0.00018908888  -0.0033573601  0.0038264330  -0.0023046285  0.00066600491  
0.00037571498  0.99788065  -0.025399554  -0.0096041075  -0.018823610  0.00047922118  0.00018005972  0.0074764735  -0.00019106026  -7.1723442e-05  
0.0062512463  0.026029530  0.99556192  0.065154350  -0.00044302024  -0.018782050  -0.0012496619  0.00021900875  0.0074434903  0.00049206570  
-0.0064834119  0.0078621340  -0.064910658  0.99563321  -0.00019805130  0.0012241255  -0.018762724  3.4043040e-05  -0.00047147182  0.0074541738  
-0.0075311400  0.019050035  -0.00043403285  -0.00022966360  0.99700081  -0.025377814  -0.0095729306  -0.044386278  0.0011464625  0.00042187610  
-0.00016008991  0.00049693790  0.019005081  0.0012420576  0.026009038  0.99478382  0.065062584  -0.0011576912  -0.044255949  -0.0028946019  
0.0033883793  0.00014893702  -0.0012624728  0.019026076  0.0078792617  -0.064900216  0.99484139  -0.00033655236  0.0028795263  -0.044257054  
-0.0043298956  -0.0065903547  0.00019671973  3.7043289e-05  0.044795954  -0.0011418207  -0.00041706036  0.99730456  -0.025372971  -0.0096037889  
0.0019724521  -0.00017259793  -0.0065899362  -0.00041808009  0.0011844743  0.044727003  0.0029186498  0.026024476  0.99504116  0.065080570  
-0.00037777444  -5.1796359e-05  0.00043166259  -0.0065795361  0.00035015973  -0.0029180959  0.044730996  0.0078541378  -0.064917091  0.99511434  
