0.99850275  -0.0012634577  -0.0035153866  0.0014584164  0.0043571957  0.00090572183  0.0043754149  0.0012101851  0.0045950892  4.7596323e-05  
0.0012656701  0.99836542  -0.0081634115  -0.010524611  -0.0070613751  5.8865546e-05  8.0019777e-05  0.0083938172  -6.2913182e-05  -8.8432501e-05  
0.0034957560  0.0079307860  0.99797435  -0.028748857  -4.0927660e-05  -0.0070609854  0.00021899988  7.0875027e-05  0.0084050598  -0.00024155729  
-0.0013724104  0.010994221  0.028414958  0.99748801  -8.3899601e-05  -0.00020234605  -0.0070667783  9.0736204e-05  0.00023245220  0.0083848998  
-0.0043594394  0.0068189079  -4.0507655e-05  -7.8108867e-05  0.99795215  -0.0081597614  -0.010541569  0.030070762  -0.00026570746  -0.00031729636  
-0.00094735584  5.5379070e-05  0.0068141297  -0.00019761894  0.0079278538  0.99758998  -0.028746753  0.00023789593  0.030060109  -0.00086625685  
-0.0043902305  8.0611726e-05  0.00020920883  0.0068010512  0.010968847  0.028394899  0.99707504  0.00032588308  0.00083574941  0.030049369  
-0.00098509014  -0.0083918520  7.1996828e-05  8.7086426e-05  -0.030104644  0.00024511677  0.00031302708  0.99831529  -0.0081631444  -0.010525906  
-0.0046219494  -6.0890484e-05  -0.0083739525  0.00023513989  -0.00025926528  -0.030093001  0.00084659520  0.0079293343  0.99791505  -0.028752613  
-3.7252554e-05  -9.2345710e-05  -0.00023865763  -0.0083857972  -0.00033164539  -0.00085660026  -0.030074159  0.010991833  0.028408432  0.99743953  
