0.99898181  0.00068160765  -0.0021640617  -0.0012238184  0.0023428998  0.00075386079  -0.0020831234  -3.1353855e-05  0.0016935332  -0.00033132814  
-0.00058230032  0.99888241  -0.0049007543  0.0065160138  0.0022276032  -1.1378082e-05  1.5752884e-05  0.0094887403  -4.7553038e-05  6.2084149e-05  
0.0021982813  0.0043290279  0.99610086  0.076479797  1.4812316e-05  0.0022244306  0.00016608380  4.1039641e-05  0.0094660673  0.00072580367  
0.0010065295  -0.0069081064  -0.076362607  0.99584626  -1.3056107e-05  -0.00016963582  0.0022200968  -6.5660529e-05  -0.00072366691  0.0094595547  
-0.0022907983  -0.0026593803  1.8005716e-05  -1.4529467e-05  0.99793146  -0.0048991021  0.0065139072  0.040230908  -0.00020131626  0.00026316893  
-0.00070546658  -1.1995984e-05  -0.0026488996  -0.00020263959  0.0043217752  0.99516175  0.076411530  0.00017431693  0.040117787  0.0030806299  
0.0021419047  1.9844274e-05  0.00019853911  -0.0026523649  -0.0068972269  -0.076286494  0.99489993  -0.00027832462  -0.0030718486  0.040107876  
0.00028895996  -0.0093470499  4.5245635e-05  -6.1322232e-05  -0.040260678  0.00019780060  -0.00026321077  0.99817367  -0.0048980459  0.0065105793  
-0.0017198413  -4.1669166e-05  -0.0093175334  -0.00071359339  -0.00017846053  -0.040150716  -0.0030791465  0.0043245098  0.99539556  0.076428765  
0.00050262438  6.4993365e-05  0.00071346925  -0.0093194592  0.00027964728  0.0030781921  -0.040140061  -0.0069039043  -0.076305365  0.99514035  
