0.99871391  0.00045775332  0.0052842927  0.0025999234  -0.0051903215  -0.00071668467  -0.0026995302  0.0025871828  -0.0016865185  -0.00039440454  
-0.00048652943  0.99811812  -0.020159186  0.0034650842  -0.028305989  0.00057200878  -9.7043621e-05  -0.0041245436  8.4055698e-05  -1.4138712e-05  
-0.0051759455  0.020243803  0.99681613  -0.049676155  -0.00054712575  -0.028268616  0.0014226304  -9.7022510e-05  -0.0041093237  0.00020718072  
-0.0028985715  -0.0024604829  0.049807813  0.99694789  8.4823628e-05  -0.0014110396  -0.028267588  2.7113728e-06  -0.00020095435  -0.0041174147  
0.0051314294  0.028411212  -0.00054687088  0.00011192843  0.99805210  -0.020159501  0.0034523412  0.016037803  -0.00033218770  5.3674456e-05  
0.00045619801  0.00057645847  0.028374879  -0.0014123772  0.020243120  0.99680358  -0.049661823  0.00032617774  0.016003490  -0.00079749817  
0.0026488641  -6.8758119e-05  0.0014321603  0.028382716  -0.0024729662  0.049819204  0.99690854  -3.2605809e-05  0.00079540818  0.016004986  
-0.0027411652  0.0036430199  -8.8067627e-05  5.5011786e-06  -0.016037409  0.00032608849  -4.8291931e-05  0.99853824  -0.020160726  0.0034688497  
0.0015624899  7.4642804e-05  0.0036478469  -0.00017726639  -0.00033371961  -0.016032313  0.00079444430  0.020258879  0.99726733  -0.049684460  
0.00039142041  -8.7859832e-06  0.00018411155  0.0036411311  3.7373686e-05  -0.00080154640  -0.016034152  -0.0024591224  0.049843671  0.99738174  
