0.99899289  -0.0016146062  0.0044237082  0.00014547111  -0.0043637738  0.00079716918  -0.0026866569  -0.0012626206  -0.0036419573  -0.00012385289  
0.0016278721  0.99882052  0.0071733460  0.013499366  0.0059094048  4.3770543e-05  7.5576865e-05  -0.0088441370  -6.9333546e-05  -0.00011969369  
-0.0045170799  -0.0070100911  0.99882759  -0.0087440084  -2.1757584e-05  0.0059129477  -3.9541577e-05  6.7965093e-05  -0.0088257921  7.7940368e-05  
-0.00021050820  -0.013437629  0.0086559818  0.99860745  -7.8670606e-05  5.1105815e-05  0.0059157926  0.00011923317  -7.5862898e-05  -0.0088401109  
0.0043491834  -0.0055473825  -2.0621378e-05  -7.4234650e-05  0.99803668  0.0071642825  0.013476963  0.042019945  0.00028566559  0.00056745696  
-0.00056413652  3.9820071e-05  -0.0055429856  4.8416076e-05  -0.0070095097  0.99807963  -0.0087351101  -0.00029453376  0.042028629  -0.00036781030  
0.0027031808  7.0236328e-05  -3.6233826e-05  -0.0055388055  -0.013439395  0.0086524529  0.99783302  -0.00056887082  0.00035447279  0.042016180  
0.0011039361  0.0091204211  7.0284533e-05  0.00012344949  -0.042002239  -0.00030041894  -0.00057057824  0.99808142  0.0071569139  0.013488991  
0.0036149574  -6.9934064e-05  0.0091384187  -7.9313382e-05  0.00027909705  -0.041995466  0.00035776115  -0.0070168543  0.99809390  -0.0087372952  
5.4248753e-05  -0.00012288292  7.9487710e-05  0.0091202317  0.00056460171  -0.00036391765  -0.041988612  -0.013428134  0.0086501449  0.99786736  
