0.99892109  -0.00015588316  0.0012491621  -0.0023969821  -0.0016452846  -0.0013372694  -0.0033031543  -0.0032108442  -0.0024679540  0.0011270730  
5.4508999e-05  0.99864401  0.011630757  -0.011224219  0.016226028  0.00018891747  -0.00018251850  0.0047932124  5.5716031e-05  -5.3823750e-05  
-0.0013049959  -0.012460583  0.99421981  -0.093122328  -0.00020036405  0.016155988  -0.0015087878  -5.5626962e-05  0.0047753415  -0.00044846185  
0.0023743722  0.010188231  0.093338133  0.99421128  0.00016173732  0.0015133552  0.016146323  4.1319123e-05  0.00044216794  0.0047747756  
0.0019257408  -0.016564122  -0.00019049972  0.00018152494  0.99649970  0.011603169  -0.011206474  0.065654296  0.00075993953  -0.00073579451  
0.0011962294  0.00020648967  -0.016488992  0.0015417858  -0.012435971  0.99208814  -0.092929689  -0.00082306964  0.065366825  -0.0061216377  
0.0032869877  -0.00016951998  -0.0015439814  -0.016498286  0.010161452  0.093130653  0.99207430  0.00065931624  0.0061286272  0.065373157  
0.0030572105  -0.0036919503  -3.9159913e-05  3.4109748e-05  -0.065701773  -0.00076926320  0.00072816914  0.99666107  0.011600130  -0.011198459  
0.0025022191  4.5662165e-05  -0.0036720134  0.00033827474  0.00081573866  -0.065409200  0.0061180980  -0.012444153  0.99225098  -0.092938652  
-0.00099242187  -3.7508926e-05  -0.00034619658  -0.0036728085  -0.00066873307  -0.0061388734  -0.065402410  0.010171537  0.093153135  0.99225156  
