0.99821401  -3.4216125e-05  0.0066124553  0.0043787273  0.0065413414  -5.9792613e-05  0.00085763966  -0.0040682707  0.00010985330  -0.00082607312  
-9.9355221e-05  0.99753240  0.027406312  -0.0046044322  -0.024402119  -0.00067041815  0.00011254819  -0.0077229264  -0.00021220194  3.5722493e-05  
-0.0065977490  -0.027417553  0.99723060  -0.0065996779  0.00062749730  -0.024394741  0.00015520234  0.00023918510  -0.0077218288  5.6410195e-05  
-0.0044467339  0.0043667098  0.0066808996  0.99777113  -0.00013608583  -0.00016383221  -0.024411595  -1.5573945e-05  -5.2315942e-05  -0.0077215436  
-0.0066592469  0.024298161  0.00062337387  -0.00014126911  0.99760950  0.027410707  -0.0046101999  -0.018407121  -0.00050701708  9.0687073e-05  
-2.3121847e-07  -0.00066784398  0.024292052  -0.00015998410  -0.027420697  0.99739506  -0.0065716957  0.00050660627  -0.018429593  0.00012141620  
-0.0011456528  0.00010635512  0.00015553365  0.024299300  0.0043594487  0.0067113916  0.99791047  -7.5815071e-05  -0.00012410635  -0.018438132  
0.0038735384  0.0081141159  0.00024871942  -2.0463958e-05  0.018239591  0.00050014851  -8.0796953e-05  0.99774804  0.027413586  -0.0046083758  
-7.8963546e-05  -0.00022301800  0.0081114744  -5.3779239e-05  -0.00050111551  0.018209380  -0.00012004300  -0.027423540  0.99750573  -0.0065723759  
0.00080206298  3.5528508e-05  5.9946168e-05  0.0081197076  8.5036061e-05  0.00012246992  0.018219483  0.0043644650  0.0067121157  0.99802153  
