0.99910173  -0.0010404714  -0.0036767004  0.0015884904  -0.0055173180  0.0025605186  0.0063407529  0.00061899122  0.0066939997  -0.0023822665  
0.00093161874  0.99887749  0.0015266624  -0.016198584  -0.0073126101  -8.8519425e-06  0.00012436442  -0.013841991  -1.5026835e-05  0.00022231424  
0.0037375752  -0.00085332221  0.99814088  0.040715085  -1.4407069e-05  -0.0072927314  -0.00027408656  1.4123305e-05  -0.013807481  -0.00057302845  
-0.0017627386  0.016210660  -0.040737020  0.99801607  -0.00010848283  0.00029341799  -0.0073128585  -0.00022577383  0.00055236309  -0.013826314  
0.0056538954  0.0068149457  -1.0461896e-05  -0.00010165043  0.99843043  0.0015437810  -0.016157466  -0.033370600  -1.3293296e-05  0.00052787046  
-0.0025696021  -3.0569420e-06  0.0068255794  0.00027386440  -0.00083471638  0.99773154  0.040675701  2.6748141e-05  -0.033367340  -0.0013540055  
-0.0061539369  0.00011720346  -0.00025539842  0.0068052563  0.016235933  -0.040742452  0.99756333  -0.00054543597  0.0013200258  -0.033330808  
-0.00048468942  0.014014776  2.3227552e-05  -0.00022804196  0.033230832  4.9691481e-05  -0.00054191888  0.99841187  0.0015261778  -0.016191358  
-0.0067655070  -4.7753820e-06  0.014029113  0.00056042443  8.9525669e-06  0.033186992  0.0013113928  -0.00085321277  0.99764356  0.040706154  
0.0023261476  0.00022494792  -0.00058024828  0.014005910  0.00052637077  -0.0013494562  0.033214375  0.016202619  -0.040709202  0.99754757  
