0.99856882  0.0019125435  -0.0071922127  0.0079348425  0.0091115603  -0.0017547109  -0.0026028999  0.0036356922  -0.0040905527  0.00068851305  
-0.0020052244  0.99862800  0.0034189541  0.0010164210  0.0033576476  1.5029521e-05  8.6534099e-06  -0.0013274783  3.5605286e-06  -2.7849599e-06  
0.0059701784  -0.0034535447  0.98775827  0.14619605  4.2630401e-05  0.0033282180  0.00047830538  2.6392469e-05  -0.0013304882  -0.00018890728  
-0.0089038112  -0.00046925355  -0.14632063  0.98781034  -8.2679157e-05  -0.00047882308  0.0033626332  -3.1973673e-05  0.00023013171  -0.0013125359  
-0.0091622801  -0.0034262070  5.4224966e-05  -7.6267398e-05  0.99847001  0.0034209789  0.0010560253  0.0053711687  5.6019238e-05  -1.0376265e-06  
0.0021035919  1.5901347e-05  -0.0033868698  -0.00048201064  -0.0034454593  0.98771984  0.14613159  -1.1009591e-05  0.0053373126  0.00079249465  
0.0023701158  6.1458302e-06  0.00048243612  -0.0033528871  -0.00043028477  -0.14637753  0.98779730  6.3007821e-06  -0.00080206748  0.0053481772  
-0.0036026719  0.0014615579  3.0939980e-05  -2.7132533e-05  -0.0054629587  -1.2048686e-05  3.8736230e-06  0.99864605  0.0034197306  0.0010294428  
0.0039642392  2.5996971e-06  0.0014237850  0.00024670840  5.5278429e-05  -0.0053784099  -0.00080522007  -0.0034504926  0.98781191  0.14615555  
-0.0013059972  -3.2062466e-06  -0.00020575443  0.0014421824  -9.5749327e-06  0.00079834699  -0.0053681924  -0.00045695680  -0.14638332  0.98790735  
