0.99843583  -0.0010454086  -0.0016163323  -0.0067157993  0.0071241291  -0.0091294045  0.00054700169  0.00039185211  0.00084354248  0.0096130322  
0.00096961235  0.99812926  -0.0027599096  0.018856947  0.017193819  -5.6361970e-05  0.00032534308  -0.0025603068  7.8956678e-06  -3.9058411e-05  
0.0063210591  -0.013078200  0.62799703  0.77587729  -0.00017997822  0.010755919  0.013364100  3.6015735e-05  -0.0016058022  -0.0019297502  
0.0028964110  -0.013824600  -0.77599662  0.62793425  -0.00021732815  -0.013388363  0.010814382  3.6595753e-05  0.0019932420  -0.0015831184  
-0.0071643829  -0.016897566  5.8315437e-05  -0.00027129563  0.99506613  -0.0026845044  0.018802601  0.079261379  -0.00022510007  0.0014290191  
0.0045468270  0.00021662917  -0.010643753  -0.013172132  -0.012999680  0.62606994  0.77358006  -0.0010362647  0.049875576  0.061661642  
-0.0079630559  0.00024242991  0.013155661  -0.010581924  -0.013836663  -0.77357666  0.62605379  -0.0011007328  -0.061630320  0.049790814  
-2.8941099e-06  0.0039575710  -1.0932081e-05  7.4812769e-05  -0.079006675  0.00021836190  -0.0014931329  0.99519947  -0.0027502431  0.018808052  
-0.0083526342  -4.3082982e-05  0.0025035589  0.0031326901  0.00097507801  -0.049633322  -0.061422239  -0.013036478  0.62615620  0.77356107  
-0.0047897314  -4.9787186e-05  -0.0030690397  0.0025220422  0.0010598652  0.061467167  -0.049708083  -0.013782863  -0.77371744  0.62606377  
