0.99913118  0.0018368500  -0.00055778417  0.0011605585  2.6592079e-05  8.8021238e-05  -0.0015900545  -0.0017417318  -0.0027437904  8.4778877e-05  
-0.0017921556  0.99900733  0.0092207652  -0.0049961357  -0.0088558638  -8.1932406e-05  4.7168031e-05  -0.0052553112  -4.3666868e-05  2.6113394e-05  
0.00025450182  -0.0078720544  0.97576494  0.21453675  6.9788748e-05  -0.0086497601  -0.0019022163  4.0984540e-05  -0.0051367228  -0.0011291997  
-0.0012662950  0.0068626723  -0.21438989  0.97572707  -6.0863690e-05  0.0019003475  -0.0086473968  -3.3960469e-05  0.0011319318  -0.0051359302  
-0.00015150608  0.0084389486  7.7972526e-05  -4.2368257e-05  0.99621227  0.0091939439  -0.0049798778  -0.074875099  -0.00069058437  0.00037429192  
4.3293494e-05  -6.6454581e-05  0.0082428569  0.0018123484  -0.0078504891  0.97303187  0.21393546  0.00058999718  -0.073133204  -0.016079403  
0.0016336094  6.1040435e-05  -0.0018119973  0.0082444364  0.0068457880  -0.21378987  0.97299269  -0.00051736459  0.016063941  -0.073130227  
0.0017372007  0.0059311227  5.3741806e-05  -2.7647509e-05  0.074893195  0.00069138302  -0.00037725771  0.99629645  0.0091899635  -0.0049804006  
0.0026692673  -4.1810836e-05  0.0057884934  0.0012760242  -0.00059016741  0.073150832  0.016078886  -0.0078557388  0.97310973  0.21395449  
-0.00052903415  3.9746522e-05  -0.0012718474  0.0057891350  0.00051464831  -0.016072357  0.073148663  0.0068472976  -0.21380730  0.97308049  
