0.99833535  -0.00072613717  -0.0095995199  -0.0037255232  0.0092415707  0.00023234007  -0.0089727206  -0.0024475505  -0.0084054664  0.00041537578  
0.00076038197  0.99839580  0.00090750571  -0.0024069559  0.00054732018  6.7900469e-07  -8.1816965e-06  0.00037688991  -6.0725696e-06  -5.8939103e-07  
0.0087789897  -0.0012610072  0.98023228  -0.18904358  8.0109098e-05  0.00053260589  -0.00018122822  -2.2125474e-05  0.00029826311  -6.8005064e-05  
0.0053353579  0.0022261106  0.18915751  0.98017104  5.0746508e-05  0.00010368435  0.00048201576  -1.2429424e-05  2.6618207e-05  0.00037414053  
-0.0090836919  -0.00053776635  8.6961127e-05  3.5313873e-05  0.99676426  0.00091122398  -0.0023182954  0.057311466  0.00012907417  -0.00014179979  
-0.0015097953  1.7649516e-06  -0.00051983387  0.00010869939  -0.0012668095  0.97879598  -0.18870413  -6.8250345e-05  0.056264266  -0.010846270  
0.0087721606  -7.5093956e-06  -0.00018795557  -0.00056730751  0.0023079354  0.18891784  0.97859164  0.00010612791  0.010782741  0.056248055  
0.0031407867  -0.00019118570  -3.0310563e-05  -1.1261945e-05  -0.057200968  -5.1683680e-05  0.00010952317  0.99680617  0.00088699913  -0.0023989683  
0.0084209547  -5.7654557e-06  -0.00026641862  4.3217783e-06  0.00014961373  -0.056191506  0.010758534  -0.0012735947  0.97869180  -0.18870774  
0.00057824985  -8.3084809e-07  -4.1316681e-05  -0.00018764536  -0.00012253392  -0.010845675  -0.056191523  0.0022249865  0.18890438  0.97863777  
