0.99866134  0.00093230878  -0.0064026582  -0.0071508809  -0.0091333167  -0.00086301333  0.0042317777  0.0047091519  0.0044913828  0.0014936067  
-0.00095501979  0.99865818  -0.0064948694  -0.0048972666  0.0097403726  -6.2524955e-05  -5.1835907e-05  -0.0022024808  1.0013111e-05  9.3652495e-06  
0.0055543946  0.0059078054  0.99256676  -0.10819056  6.7212471e-06  0.0096678176  -0.0010303611  1.3200303e-05  -0.0021596667  0.00024633938  
0.0078416681  0.0056732569  0.10814838  0.99257364  -1.6503563e-05  0.0010475875  0.0097061135  2.4506784e-05  -0.00020287038  -0.0021729793  
0.0089657525  -0.0097434728  6.0001836e-06  -1.6310692e-05  0.99818132  -0.0065061639  -0.0048641696  0.032359860  -0.00017005585  -0.00014529237  
0.0011583030  -5.6557369e-05  -0.0097001257  0.0010477916  0.0058896875  0.99220801  -0.10810302  0.00019647648  0.032126791  -0.0034981328  
-0.0042320486  -5.9278375e-05  -0.0010294204  -0.0096626639  0.0057023953  0.10815943  0.99221849  0.00016339915  0.0034823809  0.032116140  
-0.0048805692  0.0023763811  1.5791264e-05  2.3255106e-05  -0.032266087  0.00021455145  0.00013798677  0.99821748  -0.0065202174  -0.0049093489  
-0.0042750892  1.0081593e-05  0.0023939060  -0.00022723438  -0.00015187592  -0.032111069  0.0034810068  0.0058799870  0.99216711  -0.10811185  
-0.0018676229  1.1764818e-05  0.00026993391  0.0023799358  -0.00016623585  -0.0034990569  -0.032123565  0.0056547547  0.10814490  0.99221095  
