0.99787798  0.0024455735  -0.011246688  0.010020785  -0.013961100  -0.00096558436  0.00028786785  -0.0058169129  0.00089683275  0.00075565464  
-0.0023614089  0.99776530  -0.010947606  0.013560530  0.010393859  -0.00011164823  0.00014037073  0.011683961  -0.00013042836  0.00015709451  
0.010894439  0.010167984  0.99700893  0.037601664  -4.7006632e-05  0.010343217  0.00039241126  5.5290154e-05  0.011671948  0.00044665530  
-0.010312478  -0.014320100  -0.037752551  0.99667924  -3.8362626e-06  -0.00038326009  0.010347128  -0.00010707714  -0.00045184585  0.011650739  
0.014125284  -0.010555457  -4.2894057e-05  -2.1258886e-06  0.99735379  -0.010985785  0.013585614  0.017674398  -0.00018306992  0.00025234996  
0.0011208560  -0.00010493481  -0.010596099  -0.00038703332  0.010123485  0.99691123  0.037484565  0.00017413785  0.017746350  0.00066804746  
-0.00052235113  0.00015038989  0.00040800018  -0.010585537  -0.014283772  -0.037859985  0.99656367  -0.00025126267  -0.00067439553  0.017738804  
0.0055965566  -0.011290096  6.1097213e-05  -9.7537220e-05  -0.017891759  0.00019051638  -0.00024091864  0.99764709  -0.010968696  0.013587512  
-0.0010072341  -0.00011737416  -0.011285546  -0.00043479923  -0.00016704534  -0.017800734  -0.00066963589  0.010145843  0.99703913  0.037488308  
-0.00071923863  0.00016005917  0.00043757349  -0.011300474  0.00026582550  0.00067679949  -0.017795693  -0.014288707  -0.037866009  0.99669093  
