0.99888354  -0.0016385200  -0.0017698287  0.0010619581  -0.0013511839  0.0012974025  -0.0042943933  -0.00089965523  -0.0045290556  0.00025951224  
0.0017870857  0.99849164  -0.0037141248  -0.020902265  -1.1394713e-05  2.3647292e-06  -7.5938742e-06  -0.015686778  5.0134180e-05  0.00032891375  
0.0013053027  0.0090446781  0.96405384  0.26095756  -1.8322052e-06  -6.9815499e-06  -8.0005451e-06  -0.00014331348  -0.015150069  -0.0040989141  
-0.0015045187  0.019292417  -0.26121331  0.96363560  1.8465332e-06  3.9657722e-07  -2.1495475e-06  -0.00030163799  0.0041102222  -0.015138008  
0.0011939597  -0.0015406127  3.6893167e-06  3.3423634e-05  0.99369856  -0.0036916728  -0.020808816  -0.098588849  0.00036109549  0.0020643466  
-0.00051418053  -1.3056300e-05  -0.0014846827  -0.00040268919  0.0090041094  0.95942631  0.25970550  -0.00089275818  -0.095185004  -0.025766040  
0.0044859641  -3.7163463e-05  0.00039471576  -0.0014803046  0.019191260  -0.25995579  0.95899053  -0.0019087639  0.025771033  -0.095144730  
0.00095967924  0.015554417  -5.9536613e-05  -0.00032464963  0.098574325  -0.00036507809  -0.0020680454  0.99369669  -0.0036976925  -0.020803397  
0.0044359453  0.00013358168  0.015011778  0.0040701862  0.00088715193  0.095181536  0.025743370  0.0089992633  0.95940427  0.25970385  
-0.00080071382  0.00030185921  -0.0040682162  0.015012158  0.0019054675  -0.025789400  0.095137878  0.019198003  -0.25995731  0.95900738  
