0.99868858  0.00097471809  -0.0081980502  0.0033569570  -0.0083306677  -0.00014440966  0.00045280136  -0.0026113954  0.00097315560  -0.00044615543  
-0.00086856681  0.99853195  0.011338346  0.0097173061  -0.0084595566  -9.5988541e-05  -8.2791264e-05  0.010085537  0.00011363053  9.8533166e-05  
0.0078615407  -0.012128099  0.99565662  0.076432082  3.7359976e-05  -0.0084437231  -0.00064445178  -0.00014275449  0.010062205  0.00076810555  
-0.0039455939  -0.0090064056  -0.076550488  0.99554788  0.00010923292  0.00064977994  -0.0084432353  -8.0767131e-05  -0.00077699348  0.010055051  
0.0083546039  0.0085161300  2.7881894e-05  0.00011109463  0.99840846  0.011329775  0.0097233014  -0.0082980526  -8.6187876e-05  -8.4236598e-05  
7.6989604e-05  -0.00010330487  0.0084830326  0.00065132675  -0.012136089  0.99566669  0.076401367  0.00010033942  -0.0082531616  -0.00063334654  
-0.00052413047  -7.7213147e-05  -0.00064831236  0.0084807434  -0.0089977167  -0.076578640  0.99550654  7.5932841e-05  0.00063430073  -0.0082517025  
0.0026827622  -0.0099286415  -0.00013495566  -8.7512333e-05  0.0083852805  9.5121495e-05  8.3020199e-05  0.99859016  0.011334526  0.0097196497  
-0.0010762509  0.00011963716  -0.0098945984  -0.00076353993  -9.3269798e-05  0.0083843220  0.00064288879  -0.012133970  0.99578431  0.076410895  
0.00058854188  9.0109643e-05  0.00075698180  -0.0098998507  -8.0582668e-05  -0.00064490723  0.0083831085  -0.0090045237  -0.076587286  0.99562509  
