0.99843304  0.00027533925  7.9163720e-05  -0.0078646633  -0.0073961690  -0.0021714325  -0.0019767644  -0.0036704772  -0.0012816600  0.0021713228  
-0.00039925740  0.99746757  -0.018710547  -0.028720870  0.014612646  -0.00027315632  -0.00041989851  0.025536090  -0.00047844540  -0.00073621566  
0.0015039249  0.024350532  0.97513979  0.20935402  0.00034531107  0.014279249  0.0030634742  0.00061773162  0.024961011  0.0053630011  
0.0077448803  0.024162291  -0.20989870  0.97526951  0.00029666206  -0.0030911622  0.014269994  0.00059014417  -0.0053833613  0.024984801  
0.0055483042  -0.0052665379  9.9384867e-05  0.00010808823  0.94135931  -0.017670847  -0.027120542  -0.33109792  0.0062031517  0.0095461644  
0.0024215182  -0.00012793725  -0.0051499089  -0.0011246314  0.022963660  0.92032208  0.19759291  -0.0080910280  -0.32366965  -0.069487159  
0.0021432427  -0.00012700023  0.0011087948  -0.0051681545  0.022786140  -0.19810579  0.92050304  -0.0080270983  0.069666642  -0.32372513  
0.0059742872  -0.028957746  0.00054382737  0.00078723177  0.33075667  -0.0062180689  -0.0095378722  0.94117120  -0.017662620  -0.027090574  
0.0019967617  -0.00070640312  -0.028310945  -0.0060941194  0.0080608109  0.32339136  0.069430304  0.022969064  0.92012201  0.19755849  
-0.0017695249  -0.00070192201  0.0060938164  -0.028303020  0.0080253183  -0.069607370  0.32346240  0.022803445  -0.19805521  0.92030079  
