0.99860720  -0.00079345495  -0.0048276732  0.0055065031  0.0070256642  0.0010308593  0.00044308683  0.0033526906  0.00035060399  -5.3665607e-05  
0.00079051604  0.99802948  -0.0065808615  0.023628451  -0.0095062147  6.3496250e-05  -0.00022478819  -0.022476282  0.00014845102  -0.00053214415  
0.0055312518  0.0099333125  0.98685994  -0.14863013  -5.5869951e-05  -0.0094000937  0.0014193294  -0.00020538147  -0.022225823  0.0033479718  
-0.0047094389  -0.022424834  0.14894131  0.98675150  0.00018065454  -0.0014240460  -0.0094067610  0.00048944330  -0.0033559853  -0.022225216  
-0.0071489123  0.010063435  -3.1824088e-05  0.00019851587  0.99812596  -0.0065852249  0.023624234  0.024645883  -0.00016538081  0.00058441997  
-0.00097972250  0.00010098228  0.0099501591  -0.0015037350  0.0099320975  0.98703012  -0.14868279  0.00024223496  0.024394040  -0.0036746125  
-0.00035262923  -0.00022574461  0.0015023493  0.0099422879  -0.022434366  0.14894024  0.98692197  -0.00055554341  0.0036809279  0.024391766  
-0.0031635433  0.022254276  -0.00013118602  0.00050897268  -0.024823468  0.00016018068  -0.00058850804  0.99782011  -0.0065769475  0.023619512  
-0.00025958756  0.00022179132  0.022004484  -0.0033159606  -0.00024885816  -0.024524152  0.0036940540  0.0099349359  0.98668928  -0.14863083  
5.7925488e-05  -0.00050007705  0.0033201257  0.022000872  0.00055749468  -0.0037005727  -0.024521160  -0.022424133  0.14888902  0.98658040  
