0.99870988  -0.00089444628  -0.0095857301  0.0010855422  0.0090940399  -7.6941217e-05  0.0015681427  0.0011737251  0.0019091496  0.00060764531  
0.00085079134  0.99879677  -0.0013966722  -0.0036691010  0.0026027665  -3.6730840e-06  -8.1993680e-06  0.00022217349  1.3189156e-06  -2.9504285e-07  
0.0096165310  0.0012028928  0.99794971  -0.036417836  9.0713753e-05  0.0025923155  -7.9546347e-05  1.1570020e-05  0.00023938941  -2.2156871e-06  
-0.00072547959  0.0037492871  0.036463697  0.99796229  3.1334348e-06  9.4775717e-05  0.0025917122  -2.2515800e-08  6.6861362e-06  0.00022054742  
-0.0091037341  -0.0025113484  9.0881223e-05  -6.3748534e-07  0.99872895  -0.0013878248  -0.0036843728  0.012352251  -3.4589542e-05  -5.0965958e-05  
-2.7096001e-05  -3.0317974e-06  -0.0025173358  9.1862179e-05  0.0012112760  0.99805631  -0.036428853  1.4963968e-05  0.012353547  -0.00045091979  
-0.0016044822  -8.0190918e-06  -7.6563383e-05  -0.0025191407  0.0037340810  0.036457379  0.99797485  4.4514357e-05  0.00044818824  0.012351645  
-0.0010680880  -0.00022633800  1.0567609e-05  -3.2577107e-07  -0.012388511  1.7291000e-05  4.3808077e-05  0.99880600  -0.0013905615  -0.0036707113  
-0.0019174252  1.4415491e-06  -0.00020871899  6.2057863e-06  -3.2474686e-05  -0.012369274  0.00044847016  0.0012092637  0.99804806  -0.036429809  
-0.00053262730  -3.7604884e-07  -3.1841773e-06  -0.00022768363  -5.1309433e-05  -0.00045179235  -0.012369280  0.0037480479  0.036456070  0.99797246  
