0.99854363  -0.00089412141  -0.0093605381  -0.0031886328  0.0076390037  -0.00046769411  -0.0040569550  -0.0029946316  -0.0029552905  0.00067175898  
0.00090731400  0.99826212  -0.018944126  0.0071350520  -0.012813910  0.00024276825  -9.5360131e-05  -0.011354676  0.00021264507  -8.0560294e-05  
0.0090397583  0.019183937  0.99711486  -0.047513168  -0.00017733088  -0.012811429  0.00057312114  -0.00024535642  -0.011366617  0.00054605904  
0.0036051330  -0.0064673788  0.047688970  0.99717969  0.00011059992  -0.00061459970  -0.012821734  6.2696646e-05  -0.00055335913  -0.011337342  
-0.0076202910  0.013066839  -0.00017629575  0.00011771769  0.99793741  -0.018926982  0.0071669988  0.021299474  -0.00038103405  0.00014700924  
0.00039128683  0.00025073401  0.013042436  -0.00062247430  0.019189887  0.99693247  -0.047473180  0.00040787866  0.021252799  -0.0010118003  
0.0040234168  -8.8171478e-05  0.00058662829  0.013033146  -0.0064316405  0.047708106  0.99690792  -0.00014984083  0.0010052383  0.021256485  
0.0030473839  0.010823724  -0.00023392909  6.7681985e-05  -0.021475651  0.00040637728  -0.00016610668  0.99811408  -0.018941989  0.0071390004  
0.0032202728  0.00020525968  0.010784733  -0.00052526436  -0.00038869122  -0.021477572  0.0010095561  0.019179688  0.99705050  -0.047475489  
-0.00045905372  -6.9694554e-05  0.00052187058  0.010816296  0.00013570254  -0.0010275603  -0.021474018  -0.0064618692  0.047717445  0.99705133  
