0.99870976  0.00013928553  0.0017910964  -0.0014730863  -0.0018158313  0.0014233539  0.0083000180  -0.0016050544  0.0087431799  -0.0012102762  
-0.00015675364  0.99803971  -0.021994949  -0.013469640  -0.020672387  0.00045535821  0.00027770242  0.013829554  -0.00030614063  -0.00018645484  
-0.0014762603  0.023316143  0.99148339  0.11579444  -0.00048027386  -0.020539027  -0.0024107058  0.00032545471  0.013725567  0.0016062604  
0.0018506003  0.011031699  -0.11588458  0.99144706  -0.00023186199  0.0024030554  -0.020520793  0.00014988262  -0.0015895955  0.013735746  
0.0019786023  0.021447915  -0.00046911178  -0.00029238278  0.99617365  -0.021950803  -0.013428291  -0.062434408  0.0013931728  0.00084019458  
-0.0018814197  0.00050080046  0.021303427  0.0024911235  0.023276258  0.98963310  0.11556054  -0.0014555037  -0.062037740  -0.0072409718  
-0.0083909338  0.00023589282  -0.0025054519  0.021318399  0.011026111  -0.11568359  0.98952986  -0.00067657379  0.0071757758  -0.062008833  
0.0018675578  -0.012262712  0.00027359907  0.00016275047  0.062893515  -0.0013834522  -0.00083335655  0.99642360  -0.021942768  -0.013450363  
-0.0083995062  -0.00028766079  -0.012197511  -0.0014103571  0.0014846786  0.062471923  0.0072274740  0.023292162  0.98980996  0.11561528  
0.0016525464  -0.00013531349  0.0014268851  -0.012184439  0.00069220172  -0.0073009518  0.062495344  0.011010955  -0.11568612  0.98984531  
