0.99855355  0.0011038387  -0.0038432114  0.0016563461  0.0037720098  -0.00015812021  -0.0028455967  0.0020260372  -0.0028615113  0.00091567475  
-0.00090423169  0.99826807  0.0066714917  0.015144825  0.00064509395  4.4749523e-06  1.2416376e-05  -0.019966566  -0.00013076467  -0.00030374582  
0.0038935834  -0.0059739528  0.99748534  -0.039619698  1.0824229e-05  0.00064739372  -3.6838121e-05  0.00012746122  -0.019960515  0.00079606775  
-0.0012951379  -0.015504675  0.039555575  0.99728869  -1.4963786e-05  2.5898498e-05  0.00065156495  0.00030742698  -0.00078727464  -0.019946355  
-0.0037062684  -0.00051551438  1.0848557e-05  -1.3907280e-05  0.99841424  0.0066696616  0.015159302  0.013183063  9.8728361e-05  0.00019673663  
5.5709039e-05  3.1242684e-06  -0.00051123791  2.0393049e-05  -0.0059789997  0.99765936  -0.039632634  -7.8880397e-05  0.013180266  -0.00052354735  
0.0029981402  1.1256632e-05  -3.1801107e-05  -0.00050594303  -0.015494390  0.039556422  0.99744131  -0.00019876827  0.00051400831  0.013180407  
-0.0020570981  0.019712936  0.00013960651  0.00029571856  -0.013113278  -8.7213460e-05  -0.00019298232  0.99832383  0.0066743001  0.015145333  
0.0028992317  -0.00011486204  0.019688870  -0.00077778354  8.9435714e-05  -0.013095874  0.00051195937  -0.0059727274  0.99755090  -0.039625837  
-0.00090036879  -0.00030717499  0.00078456556  0.019694397  0.00020012906  -0.00051908674  -0.013090099  -0.015505986  0.039555505  0.99734889  
