0.99842284  -0.00095603098  0.0046731270  0.00019032442  -0.0052241295  -0.00029484376  -0.00060124245  -0.0011720669  -0.0010034524  -0.00066260034  
0.00095601137  0.99824341  0.010639070  -0.0064774907  0.012805312  0.00013613464  -8.3718978e-05  0.0062735630  6.5879103e-05  -4.1359075e-05  
-0.0046506477  -0.010583507  0.99814970  0.0043697357  -0.00011134464  0.012811119  5.8916968e-05  -6.1063576e-05  0.0062788784  3.0545883e-05  
-0.00026104533  0.0065562423  -0.0042142345  0.99795703  8.5456189e-05  -5.3979258e-05  0.012806905  4.1505656e-05  -2.6232534e-05  0.0062730704  
0.0052882881  -0.013099350  -0.00011473132  8.5899099e-05  0.99719356  0.010621781  -0.0064742381  0.046988808  0.00049539382  -0.00030844468  
0.00031299977  0.00013858986  -0.013091832  -5.7276410e-05  -0.010578783  0.99714854  0.0043658909  -0.00049881916  0.046991312  0.00020555468  
0.00076146030  -8.6726333e-05  5.8782356e-05  -0.013090313  0.0065453212  -0.0042090018  0.99693399  0.00030775508  -0.00019908767  0.046981023  
0.0010401149  -0.0057282078  -5.6279697e-05  3.7342232e-05  -0.047016900  -0.00050117534  0.00030444609  0.99739515  0.010624476  -0.0064728265  
0.00087095474  5.9898609e-05  -0.0057227188  -2.4921457e-05  0.00049403413  -0.047008445  -0.00020635876  -0.010580064  0.99732267  0.0043662653  
0.00073716457  -3.8306739e-05  2.7514099e-05  -0.0057254524  -0.00031251078  0.00019816325  -0.046998478  0.0065495871  -0.0042101885  0.99710883  
