0.99915011  0.0012011264  0.0043676772  -0.0033818915  0.0052941255  0.00028243314  -0.0048089911  0.0010644094  -0.0049100801  0.00024531083  
0.0010794684  -0.99900382  -0.010852367  -0.0056551810  0.0068385246  7.4563363e-05  3.3458670e-05  -0.0060347666  -7.0902510e-05  -3.3881088e-05  
-0.0045746557  -0.010661346  0.99660251  -0.070135613  4.8642427e-05  -0.0068178019  0.00050182430  -6.9255302e-05  0.0060440021  -0.00042497102  
0.0030760091  -0.0064404746  0.070129172  0.99643994  6.0374253e-05  -0.00047869468  -0.0068301364  -3.5658305e-05  0.00040851784  0.0060212361  
0.0052447552  -0.0066680806  -4.9609657e-05  -5.5510317e-05  -0.99898107  -0.010855644  -0.0056767918  -0.012222479  -0.00015866745  -6.7888383e-05  
-0.00061180314  -7.1927533e-05  0.0066557928  -0.00046661093  -0.010659128  0.99662607  -0.070148415  -0.00013108192  0.012201909  -0.00085881675  
0.0047427100  -3.7352284e-05  0.00048917767  0.0066412640  -0.0064190666  0.070117328  0.99643125  -7.3825763e-05  0.00083492669  0.012197960  
0.00089292054  0.0061990477  7.1262258e-05  3.2040575e-05  0.012148281  0.00013222726  6.4400248e-05  -0.99913104  -0.010862852  -0.0056520257  
0.0049452564  7.2055366e-05  -0.0061615746  0.00041848915  0.00015573174  -0.012113190  0.00082892977  -0.010651932  0.99672478  -0.070158792  
0.00021447724  4.0238424e-05  -0.00043407068  -0.0061828501  7.9469494e-05  -0.00085224110  -0.012113527  -0.0064447623  0.070123576  0.99657695  
