0.99910430  0.0016893808  -0.0060404656  0.0014709215  -0.0026576301  -0.00062484763  -0.0015315250  -0.0039462462  -0.00024451865  -0.00017027356  
-0.0018244909  0.99812521  0.019088161  0.028119713  -0.027692136  -0.00052828767  -0.00077758648  0.0056235835  0.00010784334  0.00015847320  
0.0054342333  0.0058130507  0.72093750  -0.69097336  -0.00017552281  -0.020009386  0.019165636  1.1179945e-05  0.0040553793  -0.0038888124  
0.0031635554  -0.033464945  0.69077388  0.72061257  0.00092035337  -0.019170634  -0.020000920  -0.00020081750  0.0038861962  0.0040544275  
0.0016619538  0.028273610  0.00053021603  0.00079899611  0.96962295  0.018531446  0.027316808  -0.23643956  -0.0045193905  -0.0066617398  
-0.00055100193  0.00016346029  0.020423847  -0.019571981  0.0056394312  0.70038390  -0.67125002  -0.0013726406  -0.17078068  0.16367720  
0.0014396681  -0.00094549688  0.019556992  0.020412480  -0.032518536  0.67106699  0.70002916  0.0079225590  -0.16363291  -0.17069514  
0.0044283976  0.0011097506  -5.7418919e-06  3.7580773e-05  0.23646968  0.0045172139  0.0066561088  0.97013674  0.018541303  0.027333651  
8.2170919e-05  6.5461000e-06  0.00079562907  -0.00076288031  0.0013748337  0.17081581  -0.16371083  0.0056407480  0.70076410  -0.67161557  
0.00047802297  -3.6135760e-05  0.00075988399  0.00079641998  -0.0079312412  0.16366579  0.17072923  -0.032534203  0.67143235  0.70041169  
