0.99803429  0.0016528409  0.018189753  -9.5053580e-05  0.016979806  0.00036317971  0.0079084305  -0.00025046029  0.0082525449  -0.00085686319  
-0.0016575938  0.99821841  -0.0076522638  -0.0064180099  0.0036539668  -2.8718883e-05  -3.6809670e-05  -0.0099597030  6.2345531e-05  6.5462760e-05  
-0.015908775  0.0098553132  0.87636124  0.47765481  -0.00023420917  0.0032279400  0.0016358726  -9.4605532e-05  -0.0088786564  -0.0047523031  
0.0086787753  0.0020257300  -0.47765956  0.87649868  0.00015507352  -0.0017593822  0.0033019403  -2.2247026e-05  0.0048393654  -0.0087530476  
-0.016800978  -0.0047578838  -0.00027009054  3.2012555e-05  0.99116554  -0.0075764754  -0.0065077719  -0.11567975  0.00074439671  0.00075822670  
-0.0032735475  -5.2245444e-05  -0.0042136642  -0.0022630430  0.0097589501  0.87070469  0.47438799  -0.0011443652  -0.10162228  -0.055352485  
-0.0073853904  -2.1761711e-05  0.0021295310  -0.0041525797  0.0018720669  -0.47457994  0.87049671  -0.00023124302  0.055313284  -0.10157129  
-0.0017367477  0.0097431738  -0.00010607052  -6.2497843e-05  0.11577967  -0.00088490897  -0.00075836951  0.99132214  -0.0075837323  -0.0063723160  
-0.0074699340  8.4107840e-05  0.0084229678  0.0046642400  0.0010193387  0.10170248  0.055356036  0.0098152348  0.87053023  0.47435829  
0.0039541086  2.6186104e-05  -0.0045930682  0.0085572541  0.00030062101  -0.055432866  0.10171894  0.0019964628  -0.47448248  0.87043797  
