0.99832917  -0.00021786637  -0.0075065700  -0.00054264348  -0.0070151229  0.0025224724  -0.0031905846  -0.0033118697  -0.0029279194  -0.0024866840  
0.00029619496  0.99802453  -0.0095219683  -0.012428915  0.019159266  -0.00018203134  -0.00023957030  -0.0065569375  6.1671506e-05  8.0906442e-05  
0.0040914412  -0.0039561075  0.60813452  -0.79129204  -0.00010468016  0.011686652  -0.015205388  1.2427137e-05  -0.0040070397  0.0051876539  
0.0061764986  0.015273330  0.79130876  0.60786335  0.00024984292  0.015209038  0.011650627  -0.00012081414  -0.0052165502  -0.0040085741  
0.0061267869  -0.020052801  0.00014535768  0.00024649405  0.96931045  -0.0092308814  -0.012091391  -0.23852848  0.0022571004  0.0029549082  
-0.0040058463  8.0300317e-05  -0.012188579  0.015900095  -0.0038134515  0.59068379  -0.76854471  0.00095851746  -0.14532778  0.18911283  
-0.0012636602  -0.00030661907  -0.015889646  -0.012212106  0.014844806  0.76861796  0.59040792  -0.0036460885  -0.18911462  -0.14526497  
0.0048620945  0.0017723292  -5.3792405e-05  -2.4666850e-05  0.23837780  -0.0022617529  -0.0029848469  0.96937364  -0.0092610312  -0.012084470  
-0.0011213446  -6.7925418e-06  0.0010891471  -0.0014054130  -0.00093689640  0.14527817  -0.18902291  -0.0038380244  0.59071954  -0.76858383  
0.0037043854  2.6369315e-05  0.0013781963  0.0010781369  0.0036228074  0.18905156  0.14519769  0.014824078  0.76863930  0.59041675  
