0.99863695  -0.00098959461  -0.0025377649  -0.0020124786  -0.0035947263  -0.00077443943  -0.0036143435  0.0016094284  -0.0035919532  0.00049285309  
-0.00094007833  -0.99852203  -0.010123267  -0.0037128616  0.0082729684  8.4587859e-05  3.4167334e-05  -0.0031357511  -2.8401815e-05  -1.2124098e-05  
0.0026058557  -0.010317845  0.99812550  0.027553903  7.6048994e-05  -0.0082683685  -0.00023767119  -2.8178629e-05  0.0031236364  8.7790724e-05  
0.0019321214  -0.0034423089  -0.027559766  0.99787619  2.1537789e-05  0.00022670593  -0.0082712532  -7.6851028e-06  -9.3440737e-05  0.0031331717  
-0.0037022300  -0.0082811576  -7.4605180e-05  -2.3360805e-05  -0.99857250  -0.010123423  -0.0037015906  0.0036882254  5.0777838e-05  1.1916176e-05  
0.00077625127  -8.6355795e-05  0.0082796108  0.00022709623  -0.010318706  0.99819436  0.027558080  3.9413955e-05  -0.0036955381  -0.00010157631  
0.0035359971  -3.2049211e-05  -0.00023761066  0.0082723664  -0.0034533392  -0.027559333  0.99793011  1.8426979e-05  8.9225032e-05  -0.0036900685  
0.0015244219  0.0029164064  2.5715625e-05  7.7833301e-06  -0.0035775866  -3.7405536e-05  -1.8806411e-05  -0.99870576  -0.010133018  -0.0037146929  
0.0036596159  2.6517124e-05  -0.0029260748  -8.7909231e-05  -5.0074920e-05  0.0035678630  8.5344494e-05  -0.010311278  0.99830414  0.027566074  
-0.00069956425  1.0746865e-05  8.2299471e-05  -0.0029146286  -9.7894342e-06  -9.8031769e-05  0.0035723313  -0.0034421600  -0.027557452  0.99806487  
