0.99845998  0.0015068776  -0.011358321  0.0023779050  0.011891446  -0.00010554340  -0.00067924704  0.0024472633  -0.00074911764  -0.00025141084  
-0.0014217629  0.99831527  -0.0075492421  0.011505214  -0.014268672  0.00010818068  -0.00016338477  -0.011139035  8.5442671e-05  -0.00012803433  
0.011449342  0.0081853766  0.99693026  -0.050851214  1.9782306e-05  -0.014235427  0.00071892624  -6.3191321e-05  -0.011130187  0.00056478013  
-0.0018219126  -0.011046221  0.050824783  0.99689688  0.00013594443  -0.00072504327  -0.014230513  0.00011873842  -0.00056531800  -0.011119372  
-0.011932986  0.014163469  2.7855964e-05  0.00013565426  0.99826062  -0.0075642960  0.011517201  -0.0021892013  2.5351279e-05  -2.2052091e-05  
0.00031625348  0.00011645014  0.014160499  -0.00072209540  0.0081720970  0.99714534  -0.050882424  -1.6997854e-05  -0.0021575574  0.00011001868  
0.00090869235  -0.00015550888  0.00071142736  0.014163497  -0.011033621  0.050808374  0.99698596  2.6104850e-05  -0.00011060679  -0.0021572217  
-0.0024516381  0.011125883  -5.6110461e-05  0.00012249579  0.0019089203  -1.4372015e-05  2.3959456e-05  0.99848840  -0.0075646475  0.011511127  
0.00074902329  9.2201579e-05  0.011107070  -0.00056544752  2.4860724e-05  0.0019360697  -9.9286899e-05  0.0081713838  0.99723624  -0.050887090  
0.00029919706  -0.00012268919  0.00056317503  0.011114517  -1.8069637e-05  9.8618819e-05  0.0019356746  -0.011044738  0.050812936  0.99707789  
