0.99779316  0.00089906389  -0.0045389199  -0.00024542240  0.0063170144  -0.00015389349  0.0089883044  -0.0022283345  0.0093434486  0.00032537494  
0.00095441263  -0.99723758  0.018867500  -0.012361192  0.021571151  -0.00040824751  0.00027590109  0.0054199692  -9.3671155e-05  6.7519183e-05  
0.0048615406  0.020483965  0.98801302  -0.13430069  -0.00041208912  -0.021366839  0.0029479970  -0.00012220697  -0.0053265372  0.00073178721  
0.00083519065  -0.0099271183  0.13460131  0.98838565  0.00021997607  -0.0029109411  -0.021366150  5.2113781e-05  -0.00072404274  -0.0053736958  
0.0060882733  -0.021750797  0.00038402281  -0.00027117071  -0.99252827  0.018782496  -0.012248207  -0.098013410  0.0019115697  -0.0012127407  
0.00048585998  0.00044723127  0.021553289  -0.0029300686  0.020386722  0.98340654  -0.13366599  0.0020114682  0.097099943  -0.013197614  
-0.0085517094  -0.00022429724  0.0029755180  0.021565254  -0.0099355038  0.13397587  0.98367867  -0.00095652552  0.013147726  0.097127071  
-0.0030969558  -0.0029989999  7.0788496e-05  -3.6376834e-05  0.098056877  -0.0018555317  0.0011877785  -0.99272359  0.018757533  -0.012306091  
-0.0094752616  5.2993338e-05  0.0030116606  -0.00040117313  -0.0020741155  -0.097169895  0.013122742  0.020408169  0.98348008  -0.13369550  
-0.00067426207  -3.0435898e-05  0.00040748913  0.0029697776  0.00097211827  -0.013238050  -0.097211924  -0.0098814869  0.13399033  0.98391773  
