0.99884605  0.00085935355  -0.0094273029  -0.0020793430  0.0092236123  -0.00052822415  -0.0024468626  -0.0025091200  -0.0032533444  -0.00020515804  
-0.00091559078  0.99892963  -0.0024515800  -0.00059517716  1.8585077e-05  4.3133149e-07  2.2887566e-06  -0.0045147366  1.4203165e-05  2.8699091e-06  
0.0095924446  0.0023847311  0.99059865  0.12746837  8.8384813e-05  2.1926100e-05  -2.0054977e-05  -3.5072800e-05  -0.0045112667  -0.00057823001  
0.00083362879  0.00028803528  -0.12739248  0.99065510  7.5973311e-06  -3.9100068e-06  2.4988359e-05  -3.3895935e-06  0.00057332866  -0.0044798557  
-0.0093826615  -0.00034772239  8.9290103e-05  1.9681025e-05  0.99484847  -0.0024455938  -0.00057167107  -0.089430796  0.00025112302  5.5172044e-05  
0.00054055151  -3.1062989e-07  -0.00034204841  -4.4506098e-05  0.0023720736  0.98672614  0.12697693  -0.00021424407  -0.088718467  -0.011416728  
0.0023713424  1.9839258e-06  2.0892245e-05  -0.00034162482  0.00030808963  -0.12687649  0.98668864  -3.1768201e-05  0.011399557  -0.088714163  
0.0016557334  0.0045082154  -2.6804338e-05  -6.1519777e-06  0.089401154  -0.00022104709  -5.7526501e-05  0.99495318  -0.0024561005  -0.00059504993  
0.0033621079  1.3667106e-05  0.0044378686  0.00056819198  0.00024366776  0.088646532  0.011399571  0.0023583479  0.98673760  0.12698057  
-7.5181338e-05  1.2401325e-06  -0.00057410357  0.0044695615  2.5119301e-05  -0.011398541  0.088645604  0.00028633505  -0.12687787  0.98671669  
