0.99880871  0.00089072831  0.0036120931  0.0051129500  0.0052661013  -0.00069555487  0.00052413569  -0.0023239674  0.00062103764  0.00012501368  
-0.00070092872  0.99761707  -0.018255526  0.031339362  -0.0084031039  0.00015418587  -0.00026427568  0.032658541  -0.00059795274  0.0010259226  
-0.0060123742  -0.0053793536  0.77881193  0.62445473  1.3395640e-05  -0.0065530142  -0.0052611219  -0.00016157407  0.025491201  0.020441718  
-0.0017510464  -0.035665285  -0.62420622  0.77823332  0.00029099531  0.0052566774  -0.0065533284  -0.0011632712  -0.020434197  0.025475435  
-0.0055438699  0.012730100  -0.00025316851  0.00037176923  0.98912870  -0.018094197  0.031074131  -0.13294503  0.0024291729  -0.0041779208  
0.00012994493  -6.8438081e-05  0.0099429032  0.0079728219  -0.0053273496  0.77222927  0.61919005  0.00071578189  -0.10379954  -0.083228745  
-0.00055552601  -0.00045579214  -0.0079703573  0.0099317646  -0.035364303  -0.61890628  0.77164255  0.0047544739  0.083190329  -0.10372088  
0.0015732429  -0.031421639  0.00058061136  -0.00097926242  0.13334281  -0.0024406870  0.0041899349  0.98867200  -0.018088375  0.031062205  
-0.00052518725  0.00016877270  -0.024533755  -0.019672875  -0.00072109416  0.10409383  0.083464040  -0.0053244038  0.77185253  0.61888798  
0.00015676049  0.0011234829  0.019661686  -0.024512344  -0.0047657196  -0.083426269  0.10401447  -0.035344397  -0.61860483  0.77126665  
