0.99794753  -0.00053918202  -0.0090045921  -7.1256524e-05  -0.0071015396  -0.0019309720  -0.0070926827  0.0030180001  -0.0059682553  0.0022587028  
0.00074880625  0.99763755  0.010600479  -0.012299898  -0.016064628  -0.00017227882  0.00019232775  -0.012310779  -0.00013565252  0.00015360666  
0.0087975234  -0.0098145844  0.99611477  0.056050634  9.5135301e-05  -0.016052690  -0.00096514464  0.00014795800  -0.012347891  -0.00067183140  
-0.00044088092  0.012729932  -0.055952034  0.99602499  -0.00020184327  0.00090155050  -0.016029938  -0.00015842735  0.00069319329  -0.012294267  
0.0072783805  0.014823751  9.2094398e-05  -0.00018351177  0.99284913  0.010543273  -0.012293317  -0.097791405  -0.0010833646  0.0012224245  
0.0019740917  -0.00014680230  0.014787886  0.00083287017  -0.0097778591  0.99146020  0.055771069  0.00096794310  -0.097683956  -0.0054910438  
0.0073383546  0.00018554165  -0.00089769316  0.014802693  0.012617077  -0.055704320  0.99124331  -0.0012257403  0.0054425477  -0.097638831  
-0.0021537315  0.013935575  0.00016765223  -0.00017158744  0.097686889  0.0010426762  -0.0011887575  0.99315540  0.010572925  -0.012249539  
0.0060983548  -0.00014006617  0.013859352  0.00078230699  -0.0010038934  0.097518405  0.0054440728  -0.0097475734  0.99168838  0.055813837  
-0.0016863878  0.00017862066  -0.00076675393  0.013912127  0.0012579783  -0.0054750768  0.097525292  0.012667594  -0.055695076  0.99155250  
