0.99867935  -0.0023149428  -0.0028976849  -0.0021148414  -0.0021802218  -0.0017642085  0.0026331749  -0.0021922611  0.0028547489  0.0027198356  
0.0023013406  0.99849800  0.0029603526  0.011930932  -0.010501704  -3.5256059e-05  -0.00011940628  0.0045669878  2.0164150e-05  6.0920319e-05  
0.0036587232  -0.0087657366  0.86676343  0.49553118  8.4072515e-05  -0.0091183503  -0.0051996632  -4.8130017e-05  0.0039793239  0.0022789839  
0.00053706106  -0.0090211007  -0.49567031  0.86663803  9.3647991e-05  0.0052097260  -0.0091090530  -4.2479887e-05  -0.0022680788  0.0039697104  
0.0020068501  0.010491489  2.5366134e-05  0.00012121789  0.99817453  0.0029625208  0.011937219  -0.025764697  -7.0809494e-05  -0.00030246519  
0.00026670593  -9.2673388e-05  0.0091106451  0.0052084776  -0.0087549927  0.86649196  0.49537863  0.00022534214  -0.022361058  -0.012783635  
-0.0031480997  -8.7518273e-05  -0.0052012728  0.0091166677  -0.0090100526  -0.49550214  0.86634929  0.00023961298  0.012778712  -0.022366915  
0.0022648037  -0.0042958519  -1.9320793e-05  -5.6084588e-05  0.025708348  7.2405596e-05  0.00031334040  0.99825731  0.0029727877  0.011939092  
-0.0038357567  4.6521518e-05  -0.0037134274  -0.0021212245  -0.00021714154  0.022327798  0.012750923  -0.0087467215  0.86655384  0.49540885  
-0.0011160876  4.1345716e-05  0.0021331435  -0.0037216139  -0.00022984130  -0.012762408  0.022314606  -0.0090152283  -0.49555228  0.86642691  
