0.99863543  0.00085033405  -0.0094074530  -0.0020813139  0.0091895800  -0.00050348042  -0.0024392750  -0.0025211862  -0.0032713662  -0.00016987656  
-0.00092454541  0.99872913  -0.0024668070  -0.00057899063  4.4901368e-05  3.3374318e-07  2.2272363e-06  -0.0044977763  1.4182924e-05  2.7747907e-06  
0.0096083364  0.0023707037  0.99042563  0.12745804  8.8543568e-05  4.8125693e-05  -1.6652245e-05  -3.4902637e-05  -0.0044945759  -0.00057602938  
0.00082881554  0.00030596187  -0.12736111  0.99050406  7.6431983e-06  -7.2283457e-06  5.0944887e-05  -3.4678868e-06  0.00057111768  -0.0044631948  
-0.0094114928  -0.00032281824  8.9439452e-05  1.9798145e-05  0.99462996  -0.0024608238  -0.00055559454  -0.089413611  0.00025251576  5.3622785e-05  
0.00056723843  -2.6167693e-07  -0.00031755893  -4.1363904e-05  0.0023582483  0.98653551  0.12696442  -0.00021299855  -0.088703677  -0.011415899  
0.0023712973  1.9229319e-06  1.7804013e-05  -0.00031715426  0.00032585048  -0.12684274  0.98651968  -3.3322677e-05  0.011396862  -0.088701294  
0.0016398929  0.0045255546  -2.6662166e-05  -6.0493007e-06  0.089379099  -0.00022233019  -5.5984752e-05  0.99473601  -0.0024709993  -0.00057887581  
0.0033499241  1.3554464e-05  0.0044553932  0.00057048261  0.00024221940  0.088627370  0.011398256  0.0023446270  0.98654821  0.12696824  
-3.7578334e-05  1.3507855e-06  -0.00057654521  0.0044869820  2.6967802e-05  -0.011395256  0.088628224  0.00030413156  -0.12684442  0.98654888  
