0.99883421  0.00011195166  -0.0040540848  0.0026857158  0.0045130967  -0.00096414511  -0.0010688880  -0.00057155468  -0.00049893278  0.00010345871  
-8.3367484e-05  0.99871764  0.0015279003  0.0083947706  -0.0047231516  -7.1111979e-06  -3.9569004e-05  -0.011085583  -1.6895511e-05  -9.3192320e-05  
0.0040600616  -0.0011978733  0.99804932  -0.037003593  2.3758582e-05  -0.0047233663  0.00017062534  1.0973035e-05  -0.011080411  0.00041112732  
-0.0025834110  -0.0085169151  0.036778955  0.99779075  2.8703558e-05  -0.00017142055  -0.0047154570  9.6022356e-05  -0.00040684870  -0.011075613  
-0.0044888440  0.0053297996  2.6414004e-05  3.2645058e-05  0.99727553  0.0015294959  0.0083880306  0.054773582  8.5984294e-05  0.00046009642  
0.00096179832  -6.2597721e-06  0.0053230298  -0.00019494205  -0.0011924175  0.99664375  -0.036962889  -6.6280803e-05  0.054734765  -0.0020298611  
0.0011515821  -4.5293720e-05  0.00019161372  0.0053286094  -0.0084993269  0.036715014  0.99637579  -0.00046771495  0.0020158678  0.054720620  
0.00090088734  0.010830010  1.2935097e-05  9.3450725e-05  -0.054767809  -8.4611236e-05  -0.00046137687  0.99727575  0.0015247753  0.0083830342  
0.00052155325  -1.2917788e-05  0.010820591  -0.00039989651  6.8173746e-05  -0.054736568  0.0020293603  -0.0011970317  0.99662503  -0.036961082  
-7.1030996e-05  -9.2364874e-05  0.00039909152  0.010819654  0.00046664377  -0.0020163703  -0.054721250  -0.0085042029  0.036715425  0.99635768  
