0.99899722  0.0016186809  -0.0047367012  0.00078002945  0.0046588339  -0.00028554931  -0.0041010313  0.00041314508  -0.0039916663  -0.00061446435  
-0.0015600849  0.99882092  0.0060153298  0.013986997  -0.00030096206  -1.3205993e-06  2.2913891e-06  -0.011644849  -6.3806410e-05  -0.00016211391  
0.0044670453  -0.0082877846  0.98409732  0.17102984  2.3271119e-05  -0.00029063970  -6.8625193e-05  9.8550101e-05  -0.011490624  -0.0019965592  
-0.0016785410  -0.012740505  -0.17111552  0.98408176  -4.0825703e-06  5.0795658e-05  -0.00028246178  0.00014780191  0.0020016508  -0.011471329  
-0.0045485651  -0.00064152452  1.7752375e-05  -1.2432714e-05  0.99579081  0.0059911191  0.013964713  -0.078482932  -0.00045388970  -0.0010963052  
0.00065613371  6.3296591e-06  -0.00062792929  -0.00010807256  -0.0082669535  0.98115123  0.17050802  0.00065204028  -0.077328254  -0.013438542  
0.0039675171  1.4515829e-05  8.9834741e-05  -0.00062169788  -0.012680879  -0.17060869  0.98109980  0.0010024931  0.013429918  -0.077325288  
-0.00066930898  0.011687099  7.3478036e-05  0.00016316681  0.078384016  0.00047169070  0.0011005353  0.99576667  0.0059922221  0.013945821  
0.0042470593  -9.0186417e-05  0.011495970  0.0020046583  -0.00063118279  0.077231887  0.013404623  -0.0082678825  0.98109003  0.17050038  
0.00019590723  -0.00014873951  -0.0020034076  0.011515845  -0.00099874105  -0.013429737  0.077229516  -0.012698725  -0.17060061  0.98107155  
