0.99823833  -0.0010991998  -0.0011309401  0.0021798024  0.00046763973  0.0015778688  -0.0018249651  0.0020416331  -0.0015739568  -0.00018192364  
0.00092466700  0.99785481  -0.017860205  -0.0097757290  -0.014028486  0.00025262082  0.00013575213  0.0066371503  -0.00012027082  -6.5170414e-05  
0.0011407438  0.017991171  0.99775843  -0.0043506989  -0.00025241478  -0.014025772  5.9169715e-05  0.00012194557  0.0066327675  -2.9128396e-05  
-0.0021515369  0.0095940463  0.0046460297  0.99765189  -0.00013587417  -6.8720994e-05  -0.014022307  5.9427516e-05  3.4268682e-05  0.0066342213  
-0.00057147858  0.013687367  -0.00024433600  -0.00013534102  0.99726481  -0.017849437  -0.0097710786  0.038097454  -0.00068099515  -0.00037323436  
-0.0015928222  0.00024862354  0.013687266  -6.3332514e-05  0.017981015  0.99716634  -0.0043477191  0.00068364433  0.038097487  -0.00016594699  
0.0019389117  0.00012938126  6.1508351e-05  0.013688315  0.0095868838  0.0046439732  0.99706249  0.00037014982  0.00017422794  0.038090658  
-0.0021295763  -0.0071927074  0.00013119938  6.5728309e-05  -0.037785271  0.00067279307  0.00037409569  0.99737618  -0.017847213  -0.0097728545  
0.0014942524  -0.00013143909  -0.0071961398  3.4749922e-05  -0.00068056821  -0.037778173  0.00016212584  0.017986952  0.99728202  -0.0043513870  
0.00027563094  -6.9456472e-05  -3.3779526e-05  -0.0071931075  -0.00036306576  -0.00017541148  -0.037777169  0.0095876013  0.0046409873  0.99718136  
