0.99836634  0.00068539163  0.0088230135  -0.0017706624  -0.010457870  0.0010757355  0.0039558737  0.0011018058  0.0040169489  -0.00080473600  
-0.00070083698  0.99830152  0.0085518697  -0.0075329950  0.010303002  8.7510341e-05  -8.0510081e-05  0.0037820043  2.9615053e-05  -2.7980910e-05  
-0.0089002543  -0.0087120547  0.99825877  -0.014574712  3.9257896e-06  0.010286480  -0.00018589331  -4.2758384e-05  0.0037474432  -4.8125091e-05  
0.0015124912  0.0073067836  0.014434543  0.99789713  5.9652801e-05  0.00015031204  0.010297354  2.9318998e-05  6.0585155e-05  0.0037800558  
0.010496324  -0.010383267  3.7946687e-06  5.9757796e-05  0.99807574  0.0085682624  -0.0074917105  0.0093816898  0.00012205469  -7.9142279e-05  
-0.0010083909  8.9935072e-05  -0.010399636  0.00015367325  -0.0086943975  0.99822062  -0.014592933  -8.2835776e-05  0.0093664709  -0.00013612896  
-0.0039734366  -7.8663421e-05  -0.00018514030  -0.010378998  0.0073465456  0.014415449  0.99776810  6.4236555e-05  0.00011961408  0.0093696021  
-0.0011690383  -0.0036127057  -4.1335520e-05  2.9343184e-05  -0.0094993847  -8.2783598e-05  6.7132037e-05  0.99844267  0.0085546866  -0.0075343832  
-0.0040483162  2.8815595e-05  -0.0036478723  5.9985197e-05  0.00012546553  -0.0095163286  0.00012294831  -0.0087118104  0.99846359  -0.014589398  
0.00057689023  -2.6049536e-05  -4.7061204e-05  -0.0036115012  -7.5682000e-05  -0.00013679152  -0.0095055690  0.0073074654  0.014425673  0.99804123  
