0.99871404  0.00045291027  0.0024471093  0.0033300006  0.0029128184  0.00065694699  0.0021248368  -0.0035722421  0.0032249990  0.00014328210  
-0.00041458389  0.99782548  0.028762196  -0.0073150177  -0.028978550  -0.00083557034  0.00021150946  -0.0043552720  -0.00012692609  3.1873671e-05  
-0.0021270850  -0.029289421  0.99590184  -0.059177577  0.00084434718  -0.028923023  0.0017138140  0.00013548893  -0.0043552464  0.00025804787  
-0.0034256373  0.0056980589  0.059635448  0.99630150  -0.00017551061  -0.0017343394  -0.028940699  -1.2632962e-05  -0.00027148174  -0.0043506413  
-0.0028644480  0.029053369  0.00083050799  -0.00022250918  0.99737326  0.028748528  -0.0073164749  0.034743112  0.00099195602  -0.00025498801  
-0.00060515534  -0.00085309511  0.028997319  -0.0017249427  -0.029277187  0.99546345  -0.059145440  -0.0010173242  0.034664128  -0.0020597257  
-0.0023168358  0.00016491053  0.0017310313  0.029002895  0.0056903187  0.059615775  0.99586461  0.00020668221  0.0020686343  0.034679877  
0.0036043977  0.0032662545  0.00010293728  -1.1910166e-05  -0.034706205  -0.00099836931  0.00026212731  0.99772727  0.028772387  -0.0073124915  
-0.0032871423  -9.7314727e-05  0.0032502883  -0.00020455035  0.0010094276  -0.034652127  0.0020516876  -0.029274189  0.99581109  -0.059165885  
-0.00024196589  1.8537884e-05  0.00019454589  0.0032588638  -0.00019900872  -0.0020753096  -0.034664600  0.0056999894  0.059637949  0.99622751  
