0.99876593  0.0011120318  -0.0056878656  0.00051512289  -0.0048378986  -0.0022325024  -0.0010920409  0.0029800877  -0.0019358460  0.0020288823  
-0.0010807208  0.99789896  -0.023251154  0.015948210  0.030757716  -0.00071429384  0.00049268886  -0.00092653529  2.3628903e-05  -1.6955898e-05  
0.0058561177  0.023791343  0.99731109  -0.037599698  0.00070444918  0.030722220  -0.0011652200  -4.4955535e-06  -0.00093410222  4.6609364e-05  
-0.00017875912  -0.014910902  0.037890288  0.99729700  -0.00045873786  0.0011679929  0.030733992  1.3324897e-05  -3.4750573e-05  -0.00092303592  
0.0047524093  -0.030835296  0.00069179516  -0.00049044502  0.99786382  -0.023267615  0.015943380  -0.0019980098  3.7728715e-05  -2.2605505e-05  
0.0020514078  -0.00073277918  -0.030835165  0.0011632023  0.023774441  0.99732659  -0.037604499  -4.1789257e-05  -0.0020150397  7.9986597e-05  
0.0012544847  0.00046224073  -0.0011782347  -0.030821277  -0.014916720  0.037886051  0.99728241  3.3866605e-05  -7.8861159e-05  -0.0020083833  
-0.0029339332  0.00076698799  -1.0872366e-06  1.0774268e-05  0.0021473667  -4.3112636e-05  3.7329190e-05  0.99849756  -0.023265767  0.015952494  
0.0019358962  2.0482657e-05  0.00075900824  -2.8036693e-05  4.1564796e-05  0.0021275202  -8.2457555e-05  0.023804952  0.99794669  -0.037621742  
-0.0018716645  -1.3577385e-05  3.9815104e-05  0.00076885923  -2.2838984e-05  8.5120949e-05  0.0021336937  -0.014925328  0.037915999  0.99789921  
