0.99903440  -0.00031538852  -0.0029974195  0.0041037193  -0.0037684779  0.00064167894  -0.0087384978  -0.0044850418  -0.0096780100  0.00058111668  
0.00030004161  0.99832016  0.025524237  -0.0035102356  -0.024784592  -0.00063347290  8.4548311e-05  -0.0026829861  -7.1470988e-05  9.6068617e-06  
0.0030699580  -0.025562931  0.99801413  -0.027720058  0.00062299954  -0.024774118  0.00066161519  5.4881094e-05  -0.0027105813  7.6279867e-05  
-0.0041553285  0.0029909510  0.027789696  0.99809990  -5.8543875e-05  -0.00069224311  -0.024742068  1.0624212e-05  -3.4359653e-05  -0.0026835101  
0.0037722020  0.024754807  0.00062164566  -7.1581143e-05  0.99848166  0.025532050  -0.0035450811  0.0060726350  0.00011915594  -1.9225101e-05  
-0.00083095962  -0.00063361429  0.024751129  -0.00069111838  -0.025563324  0.99819839  -0.027730279  -0.00015219277  0.0060958086  -0.00016964753  
0.0087169913  7.1384137e-05  0.00066265630  0.024786764  0.0029572837  0.027787714  0.99821632  -2.0897609e-05  8.4991313e-05  0.0060934004  
0.0046258590  0.0025485770  5.1320530e-05  1.0032134e-05  -0.0062465168  -0.00015629414  -1.8552154e-05  0.99884598  0.025494297  -0.0035106996  
0.0095016820  -6.8293251e-05  0.0025207709  -3.1808407e-05  0.00012365361  -0.0062211120  8.9928646e-05  -0.025618611  0.99847763  -0.027742323  
-0.00037257737  7.7541394e-06  7.2070002e-05  0.0025479877  -1.7248592e-05  -0.00017355667  -0.0062245402  0.0029929484  0.027796043  0.99866314  
