0.99798300  0.0025063228  0.00060464273  0.0012193208  -0.0014130530  0.0018211004  -0.0044764241  0.0035600379  -0.0050243186  -0.0020216939  
-0.0024150507  0.99742656  -0.017843639  0.0069922017  -0.023854022  0.00042230598  -0.00015634935  -0.0092175899  0.00017698035  -5.9652606e-05  
-0.00068384899  0.017866995  0.99706934  -0.021226859  -0.00042645587  -0.023850036  0.00051066817  -0.00016731564  -0.0092022664  0.00019730481  
-0.0012656132  -0.0064273796  0.021415853  0.99696479  0.00015544063  -0.00051453627  -0.023840764  5.4895145e-05  -0.00019148466  -0.0092021071  
0.0013743669  0.023963907  -0.00042775179  0.00016972950  0.99755325  -0.017841796  0.0069898096  0.014144464  -0.00025988578  9.6362866e-05  
-0.0017117029  0.00042497423  0.023950666  -0.00051197315  0.017873278  0.99718914  -0.021221006  0.00024725709  0.014142953  -0.00029745660  
0.0043751038  -0.00014334075  0.00051717380  0.023954580  -0.0064313197  0.021427262  0.99706911  -7.5508057e-05  0.00028159334  0.014124075  
-0.0037627891  0.0089438175  -0.00016246853  5.8211712e-05  -0.014490232  0.00025244081  -8.4792608e-05  0.99779908  -0.017830088  0.0070054257  
0.0049439385  0.00017281208  0.0089530167  -0.00018448378  -0.00026677039  -0.014481267  0.00028619945  0.017893044  0.99742446  -0.021244152  
0.0021620267  -5.2227277e-05  0.00019357878  0.0089516823  9.0259480e-05  -0.00030727967  -0.014498576  -0.0064190023  0.021413877  0.99734148  
