0.99809698  0.0016950096  -0.0033362901  -0.0081171922  -0.0071000087  0.00044075266  -0.0016383935  0.0037106551  -0.0017694716  -0.0010285129  
-0.0017802017  0.99795448  -0.0057971172  -0.012538219  0.014573589  -8.5457102e-05  -0.00018023074  -0.0070906823  4.4349463e-05  9.0940557e-05  
0.0053083132  0.0090329830  0.96106934  0.26869274  9.3905326e-05  0.014025303  0.0039123387  -4.4322330e-05  -0.0068317479  -0.0019131089  
0.0068041803  0.010490389  -0.26882228  0.96093156  0.00010449195  -0.0039189759  0.014010328  -4.9088553e-05  0.0018960276  -0.0068286374  
0.0075222383  -0.015052175  6.2457631e-05  0.00012831691  0.99321544  -0.0057724823  -0.012506070  -0.098169678  0.00055767811  0.0012274166  
-0.00026924433  -0.00013668110  -0.014507462  -0.0040545893  0.0089834875  0.95657164  0.26747380  -0.00088894701  -0.094569168  -0.026442966  
0.0014374356  -0.00015574508  0.0040529345  -0.014518540  0.010419377  -0.26753604  0.95646968  -0.0010257588  0.026446955  -0.094561268  
-0.0031011306  0.0057203540  -2.2928169e-05  -4.6798608e-05  0.098314736  -0.00057293592  -0.0012312729  0.99325428  -0.0057702880  -0.012490487  
0.0021061268  5.5350276e-05  0.0055070424  0.0015247006  0.00087382333  0.094662097  0.026465377  0.0089893738  0.95656500  0.26747034  
0.00065406645  6.1231384e-05  -0.0015443804  0.0055081883  0.0010274479  -0.026474812  0.094650225  0.010432001  -0.26753699  0.95646834  
