0.99880975  5.5294344e-05  0.0089561776  0.0010605016  0.0082150125  -0.00093189626  -0.0010312658  -0.00010600258  -0.0013674664  0.00048613433  
-0.00013115473  0.99880941  0.0019229318  0.0069914871  0.0018295699  3.6489323e-06  1.2949884e-05  0.0068608947  1.3396374e-05  4.7962059e-05  
-0.0089201333  -0.0021584594  0.99857405  0.021882993  -7.7321516e-05  0.0018386864  4.9335172e-05  -1.3876509e-05  0.0068720259  0.00014603907  
-0.00071799451  -0.0068904970  -0.021898942  0.99842002  -1.8534405e-05  -3.9455361e-05  0.0018306776  -4.7254757e-05  -0.00014939790  0.0068578617  
-0.0082540091  -0.0017087503  -7.7303324e-05  -2.0721807e-05  0.99849738  0.0019313386  0.0069984396  -0.020285261  -2.7778712e-05  -0.00014601949  
0.00088394806  3.7397681e-06  -0.0017001014  -3.6504785e-05  -0.0021501678  0.99840910  0.021886200  4.3735155e-05  -0.020284191  -0.00044421267  
0.0011002110  1.1845861e-05  4.7308827e-05  -0.0017064605  -0.0068797239  -0.021888179  0.99817559  0.00013983061  0.00044313743  -0.020277708  
8.1691507e-05  -0.0069069306  -1.2573014e-05  -4.8261536e-05  0.020275317  3.8980885e-05  0.00014183737  0.99870036  0.0019237859  0.0069909028  
0.0014673939  1.5003930e-05  -0.0068927028  -0.00014983204  -3.1735114e-05  0.020270122  0.00044287594  -0.0021578857  0.99854300  0.021890788  
-0.00054731209  4.7618372e-05  0.00014648268  -0.0069048288  -0.00014436963  -0.00044388119  0.020267321  -0.0068896468  -0.021889365  0.99831151  
