0.99894775  0.00044258818  -0.0027623111  -0.0053498584  -0.0052822792  0.00068079968  -0.0012778291  0.0027265778  -0.00087595089  8.0530987e-05  
-0.00036246408  0.99883202  -0.0021013115  -0.0077110356  0.0068317456  -1.4622256e-05  -5.2276248e-05  -0.010479404  2.2372506e-05  8.0885040e-05  
0.0027488113  0.0024398051  0.99855798  0.015682347  2.1393233e-06  0.0068298794  0.00010381742  -1.8079661e-05  -0.010478028  -0.00016445109  
0.0053298200  0.0075145950  -0.015452199  0.99861013  2.3184005e-05  -0.00010192613  0.0068216881  -6.4260854e-05  0.00015727566  -0.010475955  
0.0053462944  -0.0068078449  -4.4973930e-07  2.3956387e-05  0.99888082  -0.0020988320  -0.0077204095  -0.0026858608  9.9581337e-07  2.1283881e-05  
-0.00071829311  -1.6944960e-05  -0.0068064096  -0.00010317856  0.0024425732  0.99864198  0.015699195  -8.5535353e-06  -0.0026991026  -4.2496665e-05  
0.0013110405  -5.0638869e-05  0.00010163001  -0.0068159156  0.0075058794  -0.015437756  0.99871389  -1.6731735e-05  4.0587266e-05  -0.0026998244  
-0.0026756921  0.010573130  -1.4857640e-05  -6.7325152e-05  0.0028499026  -7.7921440e-06  -1.8474998e-05  0.99894342  -0.0021002170  -0.0077141079  
0.00085452926  2.6195142e-05  0.010569130  0.00016160338  2.4047018e-06  0.0028355794  4.3471974e-05  0.0024412091  0.99868334  0.015699000  
-7.5300804e-05  7.9496239e-05  -0.00016322321  0.010572670  2.1725932e-05  -4.3879343e-05  0.0028353009  0.0075129197  -0.015439227  0.99875720  
