0.99814721  0.0016999310  -0.0014668250  0.00095593498  0.00030499659  0.00011207135  0.0011484602  -0.00055650347  0.0015428890  -0.00072843665  
-0.0016142118  0.99781577  0.017222133  -0.011583207  -0.010089445  -0.00017429039  0.00011524497  -0.012397212  -0.00021645445  0.00014508269  
0.0010805114  -0.013688818  0.96262487  0.26329437  0.00013875653  -0.0097330027  -0.0026609179  0.00016950698  -0.011959173  -0.0032722655  
-0.0014322780  0.015548139  -0.26309008  0.96244422  -0.00015766968  0.0026599664  -0.0097329433  -0.00019242077  0.0032667636  -0.011957550  
-0.00028798821  0.0084459234  0.00014618642  -9.8313181e-05  0.99129383  0.017107131  -0.011506262  -0.11427246  -0.0019724944  0.0013265704  
-0.00025476241  -0.00011632366  0.0081488916  0.0022285025  -0.013601215  0.95633194  0.26157141  0.0015680298  -0.11024273  -0.030152812  
-0.0010004500  0.00012992993  -0.0022255735  0.0081460281  0.015448590  -0.26137197  0.95615113  -0.0017803326  0.030128415  -0.11022090  
0.00046574583  0.013579672  0.00023365182  -0.00015716375  0.11409128  0.0019689697  -0.0013237179  0.99144016  0.017110412  -0.011507971  
-0.0015246178  -0.00018890678  0.013102206  0.0035815846  -0.0015658636  0.11006709  0.030103357  -0.013602297  0.95647094  0.26161147  
0.0011485777  0.00021357720  -0.0035819951  0.013098604  0.0017784130  -0.030081982  0.11004790  0.015450538  -0.26140871  0.95629275  
