0.99903944  0.00057964906  0.0046285880  0.0010536807  -0.0051122080  0.0042715133  0.0078350180  0.0028124114  0.0081692153  -0.0040545424  
-0.00059230010  0.99898819  0.0058837763  -0.0047875786  0.0070752151  3.9140257e-05  -3.8533641e-05  0.0034413570  1.5444675e-05  -1.4094471e-05  
-0.0048728651  -0.0048992486  0.98303507  0.17811550  -9.7284031e-06  0.0069385694  0.0012227617  -3.0593245e-05  0.0033482726  0.00063367086  
-0.00026756553  0.0056432918  -0.17815478  0.98301471  4.1321073e-05  -0.0012623543  0.0069570036  1.8696971e-05  -0.00061619593  0.0033890573  
0.0051250561  -0.0070396017  -1.7753656e-05  3.9151981e-05  0.99891625  0.0059081619  -0.0047465397  -0.011050482  -2.3291820e-05  3.2221102e-05  
-0.0055301967  3.1309675e-05  -0.0069558888  -0.0012615307  -0.0048678969  0.98298868  0.17806905  3.8665170e-05  -0.010933678  -0.0019504402  
-0.0070142105  -4.3854331e-05  0.0012234329  -0.0069373643  0.0056790794  -0.17817532  0.98291466  -8.2253266e-05  0.0019158929  -0.010859518  
-0.0027889483  -0.0034248542  -3.3092656e-05  1.3461978e-05  0.011064643  5.3189618e-05  -7.4823649e-05  0.99898655  0.0058637496  -0.0047756632  
-0.0072520210  1.2570908e-05  -0.0034022445  -0.00061801501  -1.7052575e-05  0.010843145  0.0019134178  -0.0049168654  0.98300412  0.17815111  
0.0054268783  -1.6189702e-05  0.00063562203  -0.0033627758  3.4655325e-05  -0.0019474529  0.010916240  0.0056587575  -0.17811021  0.98299874  
