0.99798624  -0.0024506211  0.0028602861  -0.013341757  -0.015152042  -0.0010022463  -0.00033936140  -0.0028772024  7.4973308e-06  0.00088712773  
0.0026408525  0.99815981  0.0012526306  -0.0032911833  0.0036913903  2.0319967e-06  -1.3052222e-05  -0.0017729426  -2.2245181e-06  8.0471067e-06  
-0.0043343757  -0.0016108847  0.99185462  -0.11047125  5.9234289e-05  0.0037117813  -0.00041168919  1.5572637e-05  -0.0017540564  0.00019169538  
0.012943204  0.0031215077  0.11023079  0.99189402  -0.00018391367  0.00039893486  0.0037038532  -4.3658505e-05  -0.00019498525  -0.0017431410  
0.014820874  -0.0037954702  3.7521138e-05  -0.00018609035  0.99330295  0.0012245250  -0.0032460923  -0.095344775  -0.00011901173  0.00032387616  
0.00099295518  3.6237068e-06  -0.0037320623  0.00040283505  -0.0016291975  0.98725658  -0.11001557  0.00015187569  -0.094699601  0.010553742  
0.00052012515  -1.3204185e-05  -0.00041341613  -0.0037428162  0.0031308198  0.10968142  0.98745630  -0.00030267053  -0.010520903  -0.094718203  
0.0042984809  0.0012956132  1.3931951e-05  -6.2076630e-05  0.095228758  0.00011454039  -0.00031232701  0.99360656  0.0012394819  -0.0032376072  
0.00017869240  -2.5617697e-06  0.0012986116  -0.00014701996  -0.00015749167  0.094692696  -0.010552178  -0.0016147226  0.98734859  -0.11002522  
-0.00080739559  6.0717383e-06  0.00014198879  0.0013088380  0.00031293294  0.010520937  0.094712215  0.0031415280  0.10969207  0.98754682  
