0.99898484  -0.00062428916  0.0021451932  -0.0011643094  -0.0023479607  -0.00077156261  -0.0020948207  7.5439047e-05  -0.0017144171  -0.00034910564  
0.00063977956  0.99887105  -0.0048764089  -0.0065055015  0.0022718362  -1.1576117e-05  -1.6064974e-05  0.0095259824  -4.7565050e-05  -6.2239521e-05  
-0.0022214707  0.0043525056  0.99609573  -0.076449298  1.5099648e-05  0.0022686877  -0.00016941339  4.1411603e-05  0.0095033382  -0.00072835486  
0.0010646911  0.0069206991  0.076394641  0.99586864  1.3288143e-05  0.00017303828  0.0022642666  6.6046088e-05  0.00072672973  0.0094969816  
0.0022877720  -0.0026136833  1.7701575e-05  1.4241308e-05  0.99799605  -0.0048752625  -0.0065038266  0.040232694  -0.00020039485  -0.00026277048  
0.00068805157  -1.1844913e-05  -0.0026033985  0.00019906768  0.0043455925  0.99523234  -0.076386866  0.00017527912  0.040119773  -0.0030795786  
0.0021282481  -1.9479053e-05  -0.00019521202  -0.0026068959  0.0069104011  0.076324187  0.99499813  0.00027886022  0.0030733100  0.040111000  
-0.00024495625  -0.0093110970  4.4926323e-05  6.0939196e-05  -0.040259970  0.00019679768  0.00026270116  0.99812535  -0.0048736532  -0.0064998186  
0.0017013339  -4.1683212e-05  -0.0092817096  0.00071058498  -0.00017941330  -0.040150217  0.0030779187  0.0043478742  0.99535354  -0.076395456  
0.00048368160  -6.4840105e-05  -0.00071105113  -0.0092838751  -0.00028012649  -0.0030794574  -0.040140596  0.0069162345  0.076334467  0.99512590  
