0.99855294  0.00038234130  0.0079231620  -0.00019358137  -0.0058697790  0.00066129661  -0.0038302664  0.0014732939  -0.0045469118  -0.00064940164  
-0.00040327989  0.99857847  -0.0034571380  0.0030991395  -0.0043174506  1.4680436e-05  -1.1894351e-05  -0.00044535950  3.3199194e-06  -1.1242083e-06  
-0.0078937546  0.0030237844  0.99403223  0.093381536  3.3458279e-05  -0.0043056248  -0.00037355848  -1.2815848e-05  -0.00040700319  -3.6441776e-05  
0.00099344620  -0.0032834098  -0.093266821  0.99394407  8.2462329e-06  0.00040417169  -0.0043036093  2.9308934e-06  3.6965150e-05  -0.00044338347  
0.0059661090  0.0043656603  3.2157991e-05  1.2493958e-05  0.99681533  -0.0034440791  0.0030707671  -0.058635419  0.00017583811  -0.00018588864  
-0.00049478006  1.3070302e-05  0.0043402972  0.00040815756  0.0030239266  0.99237413  0.093220434  -0.00017843879  -0.058378526  -0.0054836666  
0.0038099591  -1.3157440e-05  -0.00037753260  0.0043428672  -0.0033004077  -0.093110891  0.99220952  0.00019835424  0.0054606104  -0.058374384  
-0.0011796329  0.00069358089  -1.1726920e-05  2.3609354e-06  0.058547546  -0.00020327116  0.00018620727  0.99711009  -0.0034436179  0.0030952850  
0.0045723345  3.5362585e-06  0.00072695471  6.4091525e-05  0.00015055877  0.058280788  0.0054567776  0.0030284381  0.99261398  0.093240010  
0.00045032482  -2.1363641e-06  -6.1142288e-05  0.00069064926  -0.00019523957  -0.0054678298  0.058267143  -0.0032782312  -0.093139929  0.99248395  
