0.99920740  0.00012041567  -0.0014271842  0.00076683524  -0.0017698215  -0.00021022668  -0.0030402042  -0.00060010751  -0.0023410376  0.00048292168  
-0.00013763818  0.99909120  0.00039869980  0.0059997706  0.0017315553  7.1951894e-07  1.0815884e-05  0.0095625366  4.1366065e-06  5.7359207e-05  
0.0015356460  0.00040763656  0.99112388  -0.12658825  -2.0139081e-06  0.0017171858  -0.00022403747  2.9774965e-06  0.0094826205  -0.0012108645  
-0.00059285982  -0.0060683552  0.12658201  0.99096242  -9.4655578e-06  0.00021947551  0.0017190299  -5.7724405e-05  0.0012129166  0.0094843699  
0.0018012880  -0.0015561154  -3.1935766e-06  -7.9639091e-06  0.99894710  0.00039806802  0.0059935493  -0.018038915  -1.1414901e-05  -0.00010745264  
-0.00019479225  -6.5818144e-07  -0.0015436465  0.00019704495  0.00040773905  0.99098631  -0.12657098  -7.2392385e-06  -0.017893573  0.0022853819  
0.0030259610  9.8175197e-06  -0.00020150360  -0.0015413483  -0.0060727875  0.12656267  0.99081389  0.00010774092  -0.0022924164  -0.017889620  
0.00059982554  -0.0095618938  -4.6706808e-06  -5.6962466e-05  0.018009556  7.0576186e-06  0.00010633474  0.99899539  0.00039705980  0.0059995929  
0.0023916696  -3.6113584e-06  -0.0094891505  0.0012133803  3.1089428e-06  0.017866528  -0.0022893047  0.00040597617  0.99102577  -0.12657618  
-0.00028849282  5.8042737e-05  -0.0012110537  -0.0094843940  -0.00010888197  0.0022819395  0.017864967  -0.0060675307  0.12656975  0.99086806  
