0.996245  -0.0840616  0.0025311  -0.00292211  0.0012838  -0.00173461  
0.0840315  0.996001  -0.0208979  -0.0126187  0.00106949  0.00230633  
-0.00074269  0.0212147  0.999534  8.227e-05  0.00964858  -0.0052251  
0.00380962  0.0123145  -0.00063054  0.999496  0.0211486  -0.0035326  
0.00182565  0.00051753  0.0106578  0.0209291  -0.930257  0.365156  
0.00085366  -0.00269629  0.00146565  -0.00442669  0.365333  0.930702  
