0.997467  -0.0691018  -0.005588  -0.00241455  -0.0006142  -0.00077672  
0.0689258  0.997208  -0.0238755  -0.00252834  0.00012757  0.00135291  
0.00715997  0.0234047  0.999652  0.00043902  -0.00405929  -0.0007859  
-0.00257595  -0.00231341  0.0005076  -0.999488  0.0236185  -0.00122806  
0.00087561  -0.0003092  0.0040603  0.0230962  0.979688  0.19847  
0.00066567  -0.0012747  -1.441e-05  -0.0059138  -0.198412  0.979923  
