0.999542  -0.0201562  0.00933705  -0.00192759  0.00164833  -0.00111816  
0.020024  0.999602  0.00605887  0.00406551  -0.0010983  -0.00092353  
-0.00942899  -0.00588328  0.9998  -0.00016589  -0.00478583  0.00252717  
0.00192529  -0.00426198  0.00020162  0.999723  -0.00697579  -0.00959413  
-0.00128695  0.00122852  0.00418505  0.00848733  0.987109  0.158534  
0.00140981  0.00078429  -0.0032381  0.00841464  -0.158656  0.986948  
