0  -0.0156548  -0.00464924  -0.00101973  -0.00634634  0.000347108  
0.0156548  0  0.00559775  -0.00191211  0.0795177  -0.00502196  
0.00464924  -0.00559775  0  0.000463076  -0.0382393  0.000556392  
0.00101973  0.00191211  -0.000463076  0  -0.0367991  0.00421445  
0.00634634  -0.0795177  0.0382393  0.0367991  0  0.00104297  
-0.000347108  0.00502196  -0.000556392  -0.00421445  -0.00104297  0  
