0.999631  0.0105502  0.00398765  -0.00026891  0.00557461  -0.00177375  
-0.010686  0.999775  0.00044491  -0.00188174  0.00200897  0.00519922  
-0.00411551  -0.0003083  0.999744  -0.00112874  -0.00228573  -0.00030395  
0.00023716  0.00172893  0.00106957  0.999802  0.00039633  -0.00333318  
-0.00538106  -0.00261782  0.00241609  -0.00020253  0.995373  0.0949481  
0.00228217  -0.00494479  9.296e-05  0.00335237  -0.0948729  0.9951  
