0.999961  -3.817e-05  -2.8e-06  -5.918e-05  3.411e-05  4.5e-07  
-3.817e-05  0.999968  2.52e-06  -1.865e-05  8.27e-06  -3.356e-05  
-2.8e-06  2.52e-06  1.00009  -5.475e-05  5.952e-05  3.842e-05  
-5.918e-05  -1.865e-05  -5.475e-05  0.999968  5.696e-05  -1.489e-05  
3.411e-05  8.27e-06  5.952e-05  5.696e-05  0.999995  3.34e-05  
4.5e-07  -3.356e-05  3.842e-05  -1.489e-05  3.34e-05  0.999977  
