0  0.00498181  -0.00363163  0.000688845  0.00261272  0.00080609  
-0.00498181  0  0.00155837  -0.00168025  -0.000255306  -0.00396487  
0.00363163  -0.00155837  0  0.00135238  0.00219918  -0.000807038  
-0.000688845  0.00168025  -0.00135238  0  0.00168387  0.00153853  
-0.00261272  0.000255306  -0.00219918  -0.00168387  0  0.00481108  
-0.00080609  0.00396487  0.000807038  -0.00153853  -0.00481108  0  
