1  -3.56e-06  2.63e-05  3.551e-05  4.269e-05  -1.571e-05  
-3.56e-06  0.999949  1.802e-05  1.976e-05  -2.282e-05  4.343e-05  
2.63e-05  1.802e-05  0.999955  -2.62e-05  -1.764e-05  -5.434e-05  
3.551e-05  1.976e-05  -2.62e-05  1.00003  3.01e-06  -4.297e-05  
4.269e-05  -2.282e-05  -1.764e-05  3.01e-06  1.00007  3.439e-05  
-1.571e-05  4.343e-05  -5.434e-05  -4.297e-05  3.439e-05  0.999996  
