0  -0.00817989  -0.00548836  -0.00246036  -0.00132027  0.00102643  
0.00817989  0  0.015764  0.000191624  0.00180219  -0.000282408  
0.00548836  -0.015764  0  -0.00048923  0.00212843  0.00314682  
0.00246036  -0.000191624  0.00048923  0  0.0208224  0.00262298  
0.00132027  -0.00180219  -0.00212843  -0.0208224  0  0.0515957  
-0.00102643  0.000282408  -0.00314682  -0.00262298  -0.0515957  0  
