0.986331  0.162273  0.00159919  0.0040504  0.00376003  -0.0017168  
-0.162478  0.986162  -0.00738205  0.00404358  0.00323689  0.00467287  
0.00277158  -0.00701823  -0.999756  0.00064619  -0.00326736  0.00527863  
-0.0034283  -0.00450738  0.00074844  0.999756  -0.00886781  0.00114884  
-0.0027308  -0.00439957  -0.00242841  0.00853681  0.98507  0.169679  
0.00317335  -0.00351488  0.00589453  -0.00265153  -0.169439  0.98502  
