0.999967  -5.749e-05  7.15e-06  -4.438e-05  -6.89e-06  -1.07e-05  
-5.749e-05  1.00006  3.51e-06  -2.105e-05  4.465e-05  7.766e-05  
7.15e-06  3.51e-06  1.00001  1.462e-05  2.365e-05  -2.939e-05  
-4.438e-05  -2.105e-05  1.462e-05  0.999855  9.809e-05  -8.692e-05  
-6.89e-06  4.465e-05  2.365e-05  9.809e-05  1.00001  -2.286e-05  
-1.07e-05  7.766e-05  -2.939e-05  -8.692e-05  -2.286e-05  1.00002  
