0  0.00429352  0.0014126  0.00331224  0.00612227  -0.000166496  
-0.00429352  0  0.0150853  0.00372057  -0.000244775  0.00624992  
-0.0014126  -0.0150853  0  -0.000202382  -0.00332894  0.00282851  
-0.00331224  -0.00372057  0.000202382  0  -0.0154998  0.00203275  
-0.00612227  0.000244775  0.00332894  0.0154998  0  0.0177273  
0.000166496  -0.00624992  -0.00282851  -0.00203275  -0.0177273  0  
