0.999955  9.49e-06  -5.613e-05  4.441e-05  4.674e-05  -2.394e-05  
9.49e-06  1.00002  2.38e-05  3.95e-05  3.24e-06  -8.163e-05  
-5.613e-05  2.38e-05  0.999969  -4.174e-05  5.902e-05  -5.917e-05  
4.441e-05  3.95e-05  -4.174e-05  0.999985  -4.96e-05  3.221e-05  
4.674e-05  3.24e-06  5.902e-05  -4.96e-05  1.00004  3.212e-05  
-2.394e-05  -8.163e-05  -5.917e-05  3.221e-05  3.212e-05  1.00011  
