0  -0.0024203  0.00706785  0.000712906  -0.0046653  0.000266476  
0.0024203  0  -0.00117578  0.0019295  -0.00140876  -0.00686764  
-0.00706785  0.00117578  0  0.000163245  0.00227661  -0.00220327  
-0.000712906  -0.0019295  -0.000163245  0  -0.000862239  -0.00190494  
0.0046653  0.00140876  -0.00227661  0.000862239  0  0.0369047  
-0.000266476  0.00686764  0.00220327  0.00190494  -0.0369047  0  
