1.00002  3.085e-05  1.062e-05  -6.001e-05  -2.401e-05  -4.075e-05  
3.085e-05  0.999986  1.351e-05  2.9e-07  1.413e-05  -3.068e-05  
1.062e-05  1.351e-05  1.00004  8.92e-06  -1.386e-05  -6.789e-05  
-6.001e-05  2.9e-07  8.92e-06  1.00011  -5.911e-05  5.606e-05  
-2.401e-05  1.413e-05  -1.386e-05  -5.911e-05  0.99998  -9.059e-05  
-4.075e-05  -3.068e-05  -6.789e-05  5.606e-05  -9.059e-05  0.99996  
