0  0.0315826  -0.0122434  -0.012329  -0.0231826  0.0246802  
-0.0315826  0  -0.000709826  0.004502  0.00337518  0.00881986  
0.0122434  0.000709826  0  0.00048979  0.00374318  -0.00451999  
0.012329  -0.004502  -0.00048979  0  -0.0033685  -0.00459115  
0.0231826  -0.00337518  -0.00374318  0.0033685  0  0.091451  
-0.0246802  -0.00881986  0.00451999  0.00459115  -0.091451  0  
