0.995548  0.0908942  -0.00796596  -0.00536081  0.00018225  -0.00056347  
-0.0914393  0.994991  -0.0275215  0.00554458  0.00027079  -4.306e-05  
0.00549903  0.0282615  0.999499  0.0011869  0.00451475  -0.00521382  
0.00592563  -0.00505087  -0.00105642  0.999582  -0.0258477  -0.00019321  
-0.00016248  -0.00027072  -0.0058171  0.0246615  0.965898  -0.256095  
0.00047476  5.649e-05  0.00380158  0.0067453  0.255842  0.966434  
