0.997624  -0.0620652  0.017066  0.00299537  0.00093747  0.00087866  
0.0620056  0.997783  0.0123416  -0.0128022  -0.00095856  -0.0010442  
-0.0179191  -0.0113043  0.999495  -0.00186115  -0.00979458  0.00728025  
0.00230766  -0.0129441  -0.00211758  -0.999206  -0.0275292  -0.0134328  
-0.00106078  0.00054634  0.00901745  -0.0288118  0.995013  0.0931522  
-0.0004984  0.00086545  -0.00824768  -0.0107448  -0.0935378  0.995235  
