0.999953  1.021e-05  -6.612e-05  1.583e-05  8.72e-06  -3.108e-05  
1.021e-05  0.999957  5.077e-05  -2.97e-06  -3.773e-05  5.475e-05  
-6.612e-05  5.077e-05  0.999931  -1.753e-05  -2.897e-05  -8e-07  
1.583e-05  -2.97e-06  -1.753e-05  0.999948  -3.811e-05  -3.43e-06  
8.72e-06  -3.773e-05  -2.897e-05  -3.811e-05  0.999989  -4.772e-05  
-3.108e-05  5.475e-05  -8e-07  -3.43e-06  -4.772e-05  0.999891  
