0.999985  5.468e-05  1.391e-05  -8.76e-06  2.483e-05  1.562e-05  
5.468e-05  1.00005  -6.418e-05  -6.523e-05  -3.881e-05  1.939e-05  
1.391e-05  -6.418e-05  0.999935  1.11e-05  -2.324e-05  -4.474e-05  
-8.76e-06  -6.523e-05  1.11e-05  0.999983  6.473e-05  1.857e-05  
2.483e-05  -3.881e-05  -2.324e-05  6.473e-05  0.999981  5.853e-05  
1.562e-05  1.939e-05  -4.474e-05  1.857e-05  5.853e-05  0.999983  
