0  -0.017475  0.00653275  -3.75678e-05  0.0142912  -0.010565  
0.017475  0  -0.000447756  0.0270775  0.00247354  0.00585754  
-0.00653275  0.000447756  0  -0.0101717  -0.00308935  -0.00033426  
3.75678e-05  -0.0270775  0.0101717  0  0.0224468  -0.0168613  
-0.0142912  -0.00247354  0.00308935  -0.0224468  0  0.0296739  
0.010565  -0.00585754  0.00033426  0.0168613  -0.0296739  0  
