0.99935  -0.0285235  -0.0041819  -0.0053043  -0.00469568  0.00035389  
0.0283305  0.998942  0.0245894  0.00474332  -0.00062644  0.00442733  
0.00355987  -0.0245464  0.999483  -0.00039577  -0.00503712  0.00424856  
0.0049371  -0.00497251  0.00021239  0.999428  -0.024456  0.00823171  
0.00480907  0.00014321  0.00478928  0.0242914  0.998435  0.043427  
-0.00064196  -0.0043626  -0.00454302  -0.00926029  -0.0432656  0.998908  
