0  0.00666724  -0.0111791  0.000786617  0.00121377  -0.000108405  
-0.00666724  0  0.00515656  -0.000689533  0.00107201  0.00448023  
0.0111791  -0.00515656  0  0.000634604  -4.50484e-05  -0.00104067  
-0.000786617  0.000689533  -0.000634604  0  -0.0050085  -0.0111779  
-0.00121377  -0.00107201  4.50484e-05  0.0050085  0  -0.0506247  
0.000108405  -0.00448023  0.00104067  0.0111779  0.0506247  0  
