0  -0.0190153  -0.00336731  -0.000252617  0.00206952  -0.00110026  
0.0190153  0  -0.000837875  -0.00675008  -0.00214988  -0.00349673  
0.00336731  0.000837875  0  0.00149697  -0.00742862  0.00160599  
0.000252617  0.00675008  -0.00149697  0  -0.00159448  -0.00627009  
-0.00206952  0.00214988  0.00742862  0.00159448  0  -0.0215169  
0.00110026  0.00349673  -0.00160599  0.00627009  0.0215169  0  
