0  -0.0480773  0.00156233  -0.00327164  0.000500272  0.000148165  
0.0480773  0  -0.0261054  -0.0298172  0.00281635  0.00127688  
-0.00156233  0.0261054  0  -0.0135863  -0.00353343  -0.00287479  
0.00327164  0.0298172  0.0135863  0  -0.00376939  0.0294946  
-0.000500272  -0.00281635  0.00353343  0.00376939  0  0.0116425  
-0.000148165  -0.00127688  0.00287479  -0.0294946  -0.0116425  0  
