0.999969  -0.00010471  2.833e-05  -5.072e-05  5.926e-05  4.863e-05  
-0.00010471  0.999894  2.803e-05  -5.061e-05  3.641e-05  4.863e-05  
2.833e-05  2.803e-05  1.00003  3.107e-05  3.41e-05  1.951e-05  
-5.072e-05  -5.061e-05  3.107e-05  0.999876  -5.313e-05  -3.726e-05  
5.926e-05  3.641e-05  3.41e-05  -5.313e-05  0.99995  -4.86e-06  
4.863e-05  4.863e-05  1.951e-05  -3.726e-05  -4.86e-06  0.999972  
