0  0.0354521  0.00377427  0.00396539  -0.000237248  -0.000619429  
-0.0354521  0  -0.0122242  -0.00594785  -0.000415214  0.000224479  
-0.00377427  0.0122242  0  0.000299078  0.00384822  -0.00626192  
-0.00396539  0.00594785  -0.000299078  0  0.00595452  -0.00659118  
0.000237248  0.000415214  -0.00384822  -0.00595452  0  -0.0420754  
0.000619429  -0.000224479  0.00626192  0.00659118  0.0420754  0  
