0.999871  0.00054394  0.0056079  0.00016479  0.00136806  0.00114476  
-0.00057226  0.999577  0.0100768  -0.0087737  5.725e-05  0.00161811  
-0.00560348  -0.0100755  0.999772  0.00066575  0.00700755  -0.00157189  
0.00011736  -0.00877706  0.00057168  -0.999676  0.00896768  -0.00481866  
-0.00130453  -2.751e-05  -0.00708957  0.00899259  0.999449  0.00116657  
-0.00104277  -0.00167369  0.00155313  -0.00464787  -0.0009843  0.999674  
