0  0.0103736  -0.00253507  0.000290531  -0.000694634  -0.000841173  
-0.0103736  0  0.0216454  0.0305664  -0.0591828  0.00903452  
0.00253507  -0.0216454  0  -0.0151998  0.0295848  0.002199  
-0.000290531  -0.0305664  0.0151998  0  0.0194236  -0.00521613  
0.000694634  0.0591828  -0.0295848  -0.0194236  0  0.00811971  
0.000841173  -0.00903452  -0.002199  0.00521613  -0.00811971  0  
