0.998824  0.0427116  0.00727571  -0.00083044  -0.00551361  0.00560193  
-0.0425517  0.99883  0.00584162  0.00368223  -0.005736  -0.0049105  
-0.00702419  -0.00619824  0.999785  0.00016018  0.00293825  -0.00247831  
0.00099226  -0.0037065  -0.00018741  0.999832  0.00351621  -0.00823149  
0.00730033  0.00345512  -0.00359738  -0.00681288  0.897826  -0.439427  
-0.00287976  0.00677295  0.00086917  0.00579013  0.43929  0.897974  
