1.00005  5.717e-05  -4.834e-05  8.41e-06  6.67e-06  5.394e-05  
5.717e-05  1.00001  -4.339e-05  2.037e-05  -4.874e-05  -4.94e-06  
-4.834e-05  -4.339e-05  1.00002  -2.117e-05  -3.68e-05  -7.66e-06  
8.41e-06  2.037e-05  -2.117e-05  0.999867  7.12e-06  -5.39e-05  
6.67e-06  -4.874e-05  -3.68e-05  7.12e-06  1.00007  -8.704e-05  
5.394e-05  -4.94e-06  -7.66e-06  -5.39e-05  -8.704e-05  0.999942  
