0.999966  1.263e-05  9.741e-05  -3.566e-05  1.223e-05  -3.16e-06  
1.263e-05  0.999938  -2.536e-05  -4.496e-05  -3.041e-05  2.405e-05  
9.741e-05  -2.536e-05  0.999962  3.387e-05  -0.00012906  -1.331e-05  
-3.566e-05  -4.496e-05  3.387e-05  1.00001  3.606e-05  -4.871e-05  
1.223e-05  -3.041e-05  -0.00012906  3.606e-05  0.999971  4.78e-06  
-3.16e-06  2.405e-05  -1.331e-05  -4.871e-05  4.78e-06  0.999996  
