1.00003  -6.19e-05  -2.542e-05  1.944e-05  3.473e-05  1.467e-05  
-6.19e-05  1.00002  -2.69e-05  3.797e-05  3.359e-05  -1.414e-05  
-2.542e-05  -2.69e-05  1.00001  9.91e-06  4.805e-05  -1.35e-06  
1.944e-05  3.797e-05  9.91e-06  1.00006  2.576e-05  9.278e-05  
3.473e-05  3.359e-05  4.805e-05  2.576e-05  0.999926  8.411e-05  
1.467e-05  -1.414e-05  -1.35e-06  9.278e-05  8.411e-05  0.99996  
