0.99933  -0.0261119  -0.00710164  0.00059014  -0.00487282  -0.00031512  
0.0264133  0.999409  0.00785883  -0.00897438  0.00026943  -0.00417217  
0.00705127  -0.00814829  0.999759  0.00077666  0.00784575  -0.0023966  
0.00040684  -0.00911377  0.00066742  -0.99974  0.0122176  0.00285664  
0.00458816  -0.00059483  -0.00811078  0.011932  0.996523  -0.0791433  
0.00101167  0.00418311  0.00179006  0.00368329  0.0790431  0.996538  
