1.00007  -4.014e-05  8.24e-06  1.486e-05  -4.383e-05  2.804e-05  
-4.014e-05  1.00003  5e-07  -6.579e-05  -2.78e-06  -1.142e-05  
8.24e-06  5e-07  0.999956  1.931e-05  -9.99e-06  3.484e-05  
1.486e-05  -6.579e-05  1.931e-05  1.00001  -8.073e-05  1.307e-05  
-4.383e-05  -2.78e-06  -9.99e-06  -8.073e-05  0.999988  7.713e-05  
2.804e-05  -1.142e-05  3.484e-05  1.307e-05  7.713e-05  1.00004  
