0.99403  -0.106562  -0.00058897  0.00369148  -0.00494356  0.00441453  
0.106424  0.993633  -0.0316878  0.0049476  -0.00386178  -0.00512961  
-0.00365987  -0.0313946  -0.999292  0.00050723  -0.00032439  0.00507542  
0.00466547  0.0042099  -0.00055935  -0.999086  0.0326373  -0.017754  
-0.00569656  0.00379153  0.00450842  -0.0311034  -0.466391  0.883872  
0.00257062  0.00558929  0.00179342  0.0205113  0.883734  0.466838  
