0.999993  4.912e-05  -2.959e-05  0.00012345  1.6e-07  3.153e-05  
4.912e-05  1.00013  -2.563e-05  -5.77e-06  -7.621e-05  -1.936e-05  
-2.959e-05  -2.563e-05  0.999955  -6.061e-05  -2.73e-05  2.466e-05  
0.00012345  -5.77e-06  -6.061e-05  1.00002  2.093e-05  3.763e-05  
1.6e-07  -7.621e-05  -2.73e-05  2.093e-05  1  -5.242e-05  
3.153e-05  -1.936e-05  2.466e-05  3.763e-05  -5.242e-05  0.999943  
