0  0.0132216  -0.00573661  -0.00304669  -0.00235394  0.000541977  
-0.0132216  0  0.00643187  0.0086036  0.00104131  0.0040366  
0.00573661  -0.00643187  0  0.000523882  -0.0086314  0.00497736  
0.00304669  -0.0086036  -0.000523882  0  -0.00190739  0.00755808  
0.00235394  -0.00104131  0.0086314  0.00190739  0  0.00673181  
-0.000541977  -0.0040366  -0.00497736  -0.00755808  -0.00673181  0  
