0.999766  -0.00355517  0.00643838  -9.972e-05  -0.00288727  0.00014068  
0.00365653  0.999711  0.00055979  0.013944  -0.00050815  0.00242104  
-0.00634198  -0.00050222  0.999619  0.00020487  0.0146129  -0.00083996  
2.879e-05  -0.0139413  -0.00012715  0.999529  -0.00150797  0.0122416  
0.0030088  0.00048147  -0.0146775  0.00137518  0.999735  0.00770358  
-0.00016146  -0.0021799  0.00095335  -0.012402  -0.00772291  0.999711  
