1.00011  -1.126e-05  6.938e-05  -1.743e-05  8.4e-06  3.283e-05  
-1.126e-05  1.00008  1.525e-05  5.211e-05  3.716e-05  -2.001e-05  
6.938e-05  1.525e-05  1.00006  -9.51e-05  7.909e-05  7.063e-05  
-1.743e-05  5.211e-05  -9.51e-05  0.999934  2.042e-05  3.615e-05  
8.4e-06  3.716e-05  7.909e-05  2.042e-05  1.00004  7.365e-05  
3.283e-05  -2.001e-05  7.063e-05  3.615e-05  7.365e-05  0.999955  
