0.999164  0.0230903  0.0175375  -0.00106462  0.0014648  4.857e-05  
-0.0231197  0.999556  -0.00261471  0.00046418  -0.00071412  -1.52e-05  
-0.0175021  0.00226804  0.999678  -0.00214582  -0.00025174  0.00115329  
0.00092932  -0.00046008  0.0025299  0.999608  0.00138198  0.0157278  
-0.00174627  0.00066111  6.771e-05  -0.0033464  0.991529  0.127919  
0.00014337  -1.489e-05  -0.00116115  -0.0155387  -0.127997  0.991184  
