0  0.00982079  -0.00179872  0.00224453  0.00365104  0.000678876  
-0.00982079  0  0.00678689  0.00101075  0.00638553  0.00751019  
0.00179872  -0.00678689  0  0.00117608  0.00104735  0.0043292  
-0.00224453  -0.00101075  -0.00117608  0  -0.00699828  -0.00145041  
-0.00365104  -0.00638553  -0.00104735  0.00699828  0  0.125149  
-0.000678876  -0.00751019  -0.0043292  0.00145041  -0.125149  0  
