0.999944  3.491e-05  -1.03e-06  -4.927e-05  1.471e-05  2.086e-05  
3.491e-05  0.999817  -7.339e-05  -2.467e-05  -2.1e-07  -9.63e-06  
-1.03e-06  -7.339e-05  0.999986  -1.012e-05  -1.251e-05  3.989e-05  
-4.927e-05  -2.467e-05  -1.012e-05  1.00004  2.368e-05  1.353e-05  
1.471e-05  -2.1e-07  -1.251e-05  2.368e-05  0.999992  1.877e-05  
2.086e-05  -9.63e-06  3.989e-05  1.353e-05  1.877e-05  0.999962  
