0.999163  -0.034884  -0.00759719  -0.00165064  -0.0025793  0.00037153  
0.0347172  0.999049  -0.015425  0.00920249  0.00014936  -0.00235992  
0.00801562  0.0150672  0.999707  0.00087081  -0.00852008  0.00196465  
0.00131832  -0.00932811  -0.00067445  0.99964  0.0123159  -0.00878001  
0.00266705  -0.00032461  0.00863139  -0.0128549  0.996926  -0.0739665  
-4.16e-05  0.00234839  -0.0012963  0.00788089  0.074165  0.996918  
