0.99608  0.0825579  -0.0126972  0.00303916  -0.00444642  0.00122821  
-0.0825727  0.996172  -0.0155985  -0.0125026  0.00065913  0.00464792  
0.0114768  0.0167414  0.999523  0.00125174  0.0114922  -0.00399452  
0.00393399  -0.0121956  0.00160651  -0.999464  -0.0144311  -0.00698785  
0.00438129  3.099e-05  -0.011938  -0.0132447  0.991678  -0.12572  
5.354e-05  -0.00477511  0.00263605  -0.00846736  0.125908  0.991461  
