0.999994  4.156e-05  -2.667e-05  -2.442e-05  1.795e-05  -6.99e-06  
4.156e-05  0.999887  -1.107e-05  3.661e-05  -1.54e-06  2.103e-05  
-2.667e-05  -1.107e-05  0.999889  2.339e-05  5.357e-05  -6.569e-05  
-2.442e-05  3.661e-05  2.339e-05  1.00002  6.169e-05  4.491e-05  
1.795e-05  -1.54e-06  5.357e-05  6.169e-05  1.00005  2.312e-05  
-6.99e-06  2.103e-05  -6.569e-05  4.491e-05  2.312e-05  0.999987  
