0.999958  -4.451e-05  1.777e-05  2.278e-05  -4.018e-05  -4.652e-05  
-4.451e-05  1.00012  2.542e-05  -6.694e-05  -4.356e-05  6.22e-06  
1.777e-05  2.542e-05  0.999897  -1.489e-05  4.964e-05  -2.001e-05  
2.278e-05  -6.694e-05  -1.489e-05  0.99995  -1.207e-05  3.8e-06  
-4.018e-05  -4.356e-05  4.964e-05  -1.207e-05  1.00012  -1.761e-05  
-4.652e-05  6.22e-06  -2.001e-05  3.8e-06  -1.761e-05  1.00005  
