0  -0.0241074  0.0134112  -0.000778024  -0.00815727  6.3495e-05  
0.0241074  0  -0.0335171  -0.00297762  0.000623293  0.00756628  
-0.0134112  0.0335171  0  -0.02005  -0.032662  0.0167665  
0.000778024  0.00297762  0.02005  0  0.00396262  0.0115377  
0.00815727  -0.000623293  0.032662  -0.00396262  0  0.0290653  
-6.3495e-05  -0.00756628  -0.0167665  -0.0115377  -0.0290653  0  
