0.999126  0.029734  -0.0195255  -0.00210514  -0.00129011  0.00054882  
-0.0302267  0.998879  -0.0221081  0.0134014  0.00041012  0.00034229  
0.0188163  0.0225639  0.999323  0.00183481  -0.0145036  0.00088617  
0.00244502  -0.0133383  -0.00105815  0.999115  0.026443  -0.022461  
0.00147738  0.00015758  0.0143825  -0.0242378  0.994459  0.0989274  
-0.00089811  -0.0007278  -0.00239182  0.025045  -0.0983043  0.994526  
