0.9984  -0.0506502  0.0117304  0.00306988  -0.00118074  0.00026953  
0.0508906  0.998448  -0.0079298  0.00580596  -0.00090986  -0.00099817  
-0.0112974  0.00844666  0.999745  -0.00027341  0.00542525  -0.00135112  
-0.00331719  -0.00568391  0.00031507  0.999652  -0.010423  -0.0130494  
-0.00112081  -0.00057147  0.00553109  -0.00944129  -0.996512  0.0801209  
-0.00022856  0.00106366  0.0008955  0.0138838  0.0799051  0.996422  
