0.99996  2.349e-05  2.078e-05  -1.924e-05  1.606e-05  -7.33e-05  
2.349e-05  0.999988  -1.495e-05  7.26e-06  -6.36e-06  3.299e-05  
2.078e-05  -1.495e-05  0.999982  -2.409e-05  6.279e-05  -1.98e-06  
-1.924e-05  7.26e-06  -2.409e-05  1.00003  2.772e-05  -2.67e-05  
1.606e-05  -6.36e-06  6.279e-05  2.772e-05  1.00011  6.701e-05  
-7.33e-05  3.299e-05  -1.98e-06  -2.67e-05  6.701e-05  1.00002  
