0  0.0231155  0.00520043  0.000495483  0.00415033  -0.000571906  
-0.0231155  0  0.00731356  -0.00856156  -0.000469096  0.00428558  
-0.00520043  -0.00731356  0  0.000250462  0.00849759  -0.000432137  
-0.000495483  0.00856156  -0.000250462  0  -0.00885589  0.00514198  
-0.00415033  0.000469096  -0.00849759  0.00885589  0  0.00898513  
0.000571906  -0.00428558  0.000432137  -0.00514198  -0.00898513  0  
