0.999588  0.0247062  0.00101872  0.00037118  0.00251379  0.00213052  
-0.0247309  0.999395  0.0169883  -0.0062824  0.00252043  -0.00223273  
-0.00067706  -0.0170235  0.999654  0.00106094  0.00669879  0.00066506  
-0.00049288  0.00625287  -0.00089132  0.999749  -0.0180467  0.00144695  
-0.00240167  -0.00259419  -0.00664905  0.0181172  0.9987  -0.043506  
-0.00232938  0.00221895  -0.00104818  -0.00062529  0.0435943  0.998778  
