0.999966  1.4e-07  1.691e-05  2.79e-06  5.547e-05  6.5e-07  
1.4e-07  1.00004  1.81e-06  3.54e-06  -1.716e-05  1.011e-05  
1.691e-05  1.81e-06  1.00005  -2.896e-05  -4.796e-05  -4.184e-05  
2.79e-06  3.54e-06  -2.896e-05  0.999964  1.106e-05  3.44e-06  
5.547e-05  -1.716e-05  -4.796e-05  1.106e-05  0.999991  -3.157e-05  
6.5e-07  1.011e-05  -4.184e-05  3.44e-06  -3.157e-05  0.999888  
