0.99501  -0.0960225  0.00876194  0.00126791  -0.00316365  0.00388519  
0.0959131  0.995162  -0.00505832  0.00347684  0.00356647  0.00344687  
-0.00830128  0.00584116  0.999728  -0.00097465  0.00019529  0.00256014  
-0.00179428  -0.00334847  0.00099549  0.999713  -0.00897228  -0.00415574  
0.00335244  -0.00324942  2.8e-06  0.00823055  0.988957  -0.144493  
-0.00371785  -0.00358705  -0.00256733  0.00527798  0.14433  0.989367  
