0  0.0479289  0.0151098  -0.00176238  -0.00506301  -0.000426746  
-0.0479289  0  -0.00199083  0.00419324  0.000928788  0.011053  
-0.0151098  0.00199083  0  0.000361039  0.00253903  -0.00565318  
0.00176238  -0.00419324  -0.000361039  0  -0.0015967  0.0169066  
0.00506301  -0.000928788  -0.00253903  0.0015967  0  -0.144375  
0.000426746  -0.011053  0.00565318  -0.0169066  0.144375  0  
