0.999535  -0.00805695  0.0108463  0.00156151  -0.00375373  -0.00020775  
0.00785282  0.999525  -0.00482593  0.0160905  -5.553e-05  -0.00354718  
-0.0107951  0.00499557  0.999628  -0.0005591  0.0175512  -0.00202738  
-0.00161594  -0.0159893  0.00072015  0.999745  -0.00559736  -0.00671483  
0.00389035  6.79e-06  -0.0174379  0.00587996  0.998073  0.0533963  
-0.00015644  0.00347113  0.00302858  0.00628287  -0.0532508  0.998255  
