0.999018  0.0357579  -0.0110998  0.00505825  0.00083594  0.00019194  
-0.0359993  0.998672  -0.032333  -0.00034782  -0.00064722  -0.00036738  
0.0100545  0.0326544  0.999211  -0.000989  -0.0003814  -0.00443598  
-0.00496395  0.00032922  0.00102555  0.999201  0.0331962  0.00667873  
-0.00049689  0.00073802  0.00013247  -0.0332215  0.999248  -0.0136149  
-0.00023563  0.00067272  0.00457329  -0.00694297  0.0134572  0.999512  
