0  0.00257445  0.00536166  -0.00047442  0.00281047  -0.000971204  
-0.00257445  0  -0.000153322  0.00318447  0.000412739  0.00298946  
-0.00536166  0.000153322  0  0.000426759  0.00361876  -0.00211008  
0.00047442  -0.00318447  -0.000426759  0  -0.00553814  -0.00301197  
-0.00281047  -0.000412739  -0.00361876  0.00553814  0  0.0117854  
0.000971204  -0.00298946  0.00211008  0.00301197  -0.0117854  0  
