1.00005  -1.284e-05  8.97e-06  1.743e-05  1.373e-05  -4.433e-05  
-1.284e-05  0.999969  -4.76e-06  4.777e-05  5.329e-05  -4.824e-05  
8.97e-06  -4.76e-06  1.00006  -1.138e-05  -7.754e-05  -5.737e-05  
1.743e-05  4.777e-05  -1.138e-05  0.999976  -1.367e-05  3.419e-05  
1.373e-05  5.329e-05  -7.754e-05  -1.367e-05  1.00001  -2e-06  
-4.433e-05  -4.824e-05  -5.737e-05  3.419e-05  -2e-06  1.00007  
