0.998818  0.0404327  -0.00152454  -0.00466843  0.00759878  0.00030366  
-0.0404126  0.998454  -0.0324623  0.00346192  -0.00094901  0.00795076  
0.00026035  0.0325032  0.999317  -0.00172987  -0.00120353  -0.00347085  
0.00448717  -0.00315147  0.00185566  0.999382  0.0303099  -0.00099404  
-0.00778352  -4.16e-06  0.00135799  -0.0301515  0.995174  0.0902726  
0.00074321  -0.00794432  0.00378684  0.00362156  -0.090143  0.995551  
