0.999913  6.951e-05  3.498e-05  7.2e-07  -2.911e-05  2.686e-05  
6.951e-05  1.00008  -4.152e-05  9.28e-06  5.444e-05  -4.959e-05  
3.498e-05  -4.152e-05  0.999938  -3.613e-05  -2.626e-05  1.146e-05  
7.2e-07  9.28e-06  -3.613e-05  0.999989  5.832e-05  6.699e-05  
-2.911e-05  5.444e-05  -2.626e-05  5.832e-05  0.99997  6.09e-06  
2.686e-05  -4.959e-05  1.146e-05  6.699e-05  6.09e-06  1.00001  
