0.999983  4.494e-05  2.96e-05  4.116e-05  2.326e-05  7.483e-05  
4.494e-05  1.00002  4.508e-05  7.485e-05  -8.24e-05  4.748e-05  
2.96e-05  4.508e-05  1.00011  3.782e-05  -3.749e-05  4.658e-05  
4.116e-05  7.485e-05  3.782e-05  0.999906  2.934e-05  4.382e-05  
2.326e-05  -8.24e-05  -3.749e-05  2.934e-05  0.999974  1.279e-05  
7.483e-05  4.748e-05  4.658e-05  4.382e-05  1.279e-05  0.99992  
