0.994248  0.101362  0.0182124  -0.00268035  0.00266475  -0.00031268  
-0.101758  0.994337  0.0231993  0.00814669  0.00064039  0.0016571  
-0.0159435  -0.0249222  0.999354  -0.00078887  0.00690507  0.00228805  
0.00341496  -0.00778998  0.00042442  0.99941  0.0188838  -0.017339  
-0.00237109  -0.00093136  -0.00732384  -0.0146414  0.975756  0.217564  
0.0011461  -0.00143272  -0.00065519  0.0208567  -0.217349  0.975454  
