0  -0.0112286  0.00750244  0.00385312  -0.000596777  0.000232828  
0.0112286  0  -0.00732662  -0.00888113  -0.00182696  -0.000707071  
-0.00750244  0.00732662  0  -0.001563  0.00748725  -0.00595929  
-0.00385312  0.00888113  0.001563  0  0.00672887  -0.00991354  
0.000596777  0.00182696  -0.00748725  -0.00672887  0  -0.0232623  
-0.000232828  0.000707071  0.00595929  0.00991354  0.0232623  0  
