1.00003  1.169e-05  1.747e-05  -1.43e-06  5.1e-07  -4.246e-05  
1.169e-05  0.999994  4.216e-05  2.141e-05  -1.973e-05  -1.92e-06  
1.747e-05  4.216e-05  1.00004  -7.299e-05  3.073e-05  5.62e-06  
-1.43e-06  2.141e-05  -7.299e-05  1.00005  3.15e-05  4.041e-05  
5.1e-07  -1.973e-05  3.073e-05  3.15e-05  1.00003  6.757e-05  
-4.246e-05  -1.92e-06  5.62e-06  4.041e-05  6.757e-05  1.00002  
