0.999398  0.0171045  -0.00221393  -0.00145601  -0.00645392  0.00083251  
-0.01707  0.99955  -0.00731942  0.0047698  0.00101627  0.00687186  
0.00213604  0.00724752  0.999637  -0.00098598  0.00529674  -0.00027734  
-0.00153576  0.0047992  -0.00117987  -0.99968  0.0018016  0.00219526  
0.0065269  -0.0004475  -0.00515798  0.0016965  0.997746  -0.0633984  
-0.00015681  -0.00674927  -0.00010707  0.00219198  0.0635645  0.99737  
