0  -0.0564202  -0.00262899  0.00539533  -0.00394533  0.000728015  
0.0564202  0  0.0181308  -0.00356989  -0.0826349  0.00624997  
0.00262899  -0.0181308  0  0.00122692  -0.0361662  0.00431898  
-0.00539533  0.00356989  -0.00122692  0  -0.0367065  -0.00701759  
0.00394533  0.0826349  0.0361662  0.0367065  0  0.0117588  
-0.000728015  -0.00624997  -0.00431898  0.00701759  -0.0117588  0  
