0  -0.00848218  -0.00934681  0.000298686  0.00131993  0.000344406  
0.00848218  0  0.00408169  -0.000355638  -0.000265723  -0.000256876  
0.00934681  -0.00408169  0  0.00119034  0.0013635  -0.000264633  
-0.000298686  0.000355638  -0.00119034  0  -0.00128888  0.00696491  
-0.00131993  0.000265723  -0.0013635  0.00128888  0  -0.00403826  
-0.000344406  0.000256876  0.000264633  -0.00696491  0.00403826  0  
