0.999966  2.398e-05  -8.03e-06  -3.89e-05  -4.743e-05  0.00014937  
2.398e-05  0.999987  -1.53e-06  -5.37e-06  -9.57e-06  -2.115e-05  
-8.03e-06  -1.53e-06  1.00009  -7.84e-06  -1.26e-05  -4.619e-05  
-3.89e-05  -5.37e-06  -7.84e-06  0.999895  -3.984e-05  -5.12e-06  
-4.743e-05  -9.57e-06  -1.26e-05  -3.984e-05  1.00008  -3.348e-05  
0.00014937  -2.115e-05  -4.619e-05  -5.12e-06  -3.348e-05  0.99997  
