0  0.0584845  0.00692109  -0.000210024  0.00900154  0.000777586  
-0.0584845  0  0.00953724  0.00531344  -0.00809762  -0.0209288  
-0.00692109  -0.00953724  0  -0.000813297  -0.00787165  -0.00504645  
0.000210024  -0.00531344  0.000813297  0  -0.00309989  0.00133758  
-0.00900154  0.00809762  0.00787165  0.00309989  0  -0.301262  
-0.000777586  0.0209288  0.00504645  -0.00133758  0.301262  0  
