0.999905  5.245e-05  -3.92e-06  -9.55e-06  3.491e-05  2.806e-05  
5.245e-05  0.999904  -6.071e-05  7.063e-05  1.872e-05  3.45e-05  
-3.92e-06  -6.071e-05  0.999986  -5.338e-05  3.824e-05  8.58e-06  
-9.55e-06  7.063e-05  -5.338e-05  0.999999  -3.779e-05  5.43e-05  
3.491e-05  1.872e-05  3.824e-05  -3.779e-05  1.00004  7.453e-05  
2.806e-05  3.45e-05  8.58e-06  5.43e-05  7.453e-05  0.999954  
