0.997712  0.0631796  0.00092063  -0.00233767  0.00528349  -0.00116475  
-0.0631283  0.997777  0.0105739  -0.00213847  -0.00134393  -0.00611815  
-0.00021966  -0.0105549  0.999816  0.00156691  0.00336  0.00093087  
0.00224117  0.00237918  -0.0015238  0.999837  -0.0114931  0.00467275  
0.00543793  -9.352e-05  0.0032079  -0.0121801  -0.989043  0.146419  
9.365e-05  0.00620336  -0.00128962  -0.00303937  0.146353  0.988964  
