0.998523  -0.0457242  -0.00976489  0.00179883  0.00106887  -1.015e-05  
0.0456073  0.998655  0.00903258  0.00747247  0.00169564  0.00123273  
0.00941566  -0.0094893  0.999578  -0.00013573  -0.00704635  0.00269348  
-0.00205498  -0.00739089  4.776e-05  0.999641  -0.0134874  -0.00897387  
-0.00125079  -0.00190981  0.00721057  0.0128814  0.997378  -0.0659972  
-9.888e-05  -0.00127103  -0.00221342  0.00999529  0.0662183  0.997328  
