0  -0.0329625  -0.0079786  -0.00211751  -0.000582549  0.000596823  
0.0329625  0  -0.00271293  0.00698938  -0.000223429  -0.000630477  
0.0079786  0.00271293  0  -0.000167464  0.00646531  -0.00319674  
0.00211751  -0.00698938  0.000167464  0  -0.00536783  -0.00641632  
0.000582549  0.000223429  -0.00646531  0.00536783  0  0.00441884  
-0.000596823  0.000630477  0.00319674  0.00641632  -0.00441884  0  
