0.999217  0.023279  0.0108446  0.00188221  -0.0082415  0.0013428  
-0.0234931  0.999018  0.0241201  -0.0147971  -0.0013509  -0.00839888  
-0.0102848  -0.024373  0.999267  -0.00052973  0.0158728  0.000674  
0.00248348  -0.0145858  -0.00107935  -0.999213  0.0234631  -0.007143  
0.00827691  0.00199507  -0.0156704  0.0236283  0.999311  -0.00372276  
-0.00142617  0.0081934  -0.00040695  -0.00685209  0.00376142  0.999107  
