0  -0.00718087  0.0025657  0.00314382  -0.00727418  0.000426506  
0.00718087  0  0.00881658  -0.000288971  0.000232042  0.0077085  
-0.0025657  -0.00881658  0  2.87345e-05  0.000807762  -0.000565959  
-0.00314382  0.000288971  -2.87345e-05  0  -0.011103  0.00261633  
0.00727418  -0.000232042  -0.000807762  0.011103  0  -0.0890641  
-0.000426506  -0.0077085  0.000565959  -0.00261633  0.0890641  0  
