0.999949  4.598e-05  9.29e-06  3.974e-05  -7.821e-05  7.45e-06  
4.598e-05  0.999942  -4.61e-06  2.035e-05  6.68e-06  1.914e-05  
9.29e-06  -4.61e-06  1.00004  -6.014e-05  1.302e-05  5.08e-06  
3.974e-05  2.035e-05  -6.014e-05  1.00005  -2.54e-06  -4.098e-05  
-7.821e-05  6.68e-06  1.302e-05  -2.54e-06  0.999945  2.937e-05  
7.45e-06  1.914e-05  5.08e-06  -4.098e-05  2.937e-05  1.00005  
