0  -0.0114769  0.00510727  -0.00529657  0.0108632  -0.00331901  
0.0114769  0  -0.0118768  0.00181906  0.00234731  0.00789593  
-0.00510727  0.0118768  0  -0.000517837  -0.00289409  -0.00256733  
0.00529657  -0.00181906  0.000517837  0  0.0131257  -0.00541669  
-0.0108632  -0.00234731  0.00289409  -0.0131257  0  0.0518366  
0.00331901  -0.00789593  0.00256733  0.00541669  -0.0518366  0  
