0  -0.0543092  -0.00329806  0.00307709  -0.000487052  0.000777974  
0.0543092  0  -0.000590362  0.00263659  0.000993373  0.000118696  
0.00329806  0.000590362  0  -0.000725169  2.38604e-05  -0.00441104  
-0.00307709  -0.00263659  0.000725169  0  0.00168193  0.00198223  
0.000487052  -0.000993373  -2.38604e-05  -0.00168193  0  -0.0819087  
-0.000777974  -0.000118696  0.00441104  -0.00198223  0.0819087  0  
