0.995264  0.0950727  0.00629429  -0.00111856  0.00024837  7.18e-05  
-0.0950208  0.995326  0.0093966  -0.00247606  -0.00058272  0.00071879  
-0.00534666  -0.00992975  0.999748  -0.00072193  0.00292941  0.00141566  
0.00072507  0.00242631  0.0008177  0.99969  -0.00889626  0.00671017  
-0.00052055  0.00050671  -0.00312703  0.00771069  0.98698  0.159843  
-0.00020724  -0.00069825  -0.00089152  -0.0079848  -0.15996  0.986923  
