0.995637  0.0861484  0.0094425  -0.0053227  0.00088491  0.00091237  
-0.0858161  0.995845  -0.0260236  -0.00338672  -0.001172  0.00101805  
0.0113197  -0.024997  -0.999331  0.00251759  -0.00420614  0.00735247  
0.00500472  0.00418499  0.00234792  0.999316  0.027593  0.00358675  
-0.00142962  0.00092346  -0.00255249  -0.027951  0.979388  0.198803  
-0.00037403  -0.00098499  0.00794146  0.0016362  -0.199184  0.979212  
