0.996262  -0.0799283  -0.0272782  -0.00254046  -0.00129956  0.00070347  
0.0794078  0.996347  -0.0199585  0.00728892  0.00017724  -0.00117128  
0.0288575  0.0177446  0.999278  0.00039787  -0.00650812  0.00314122  
0.00194277  -0.00736838  -0.00014346  0.999201  -0.00044815  -0.0353563  
0.00143545  7.271e-05  0.00625271  0.00272258  0.997326  0.0674317  
-0.00072217  0.00084055  -0.00358823  0.0352695  -0.0672338  0.996884  
