0.999183  -0.0267573  0.017771  -0.00075313  0.00186662  -0.00017606  
0.0266888  0.999193  -0.00020286  0.00266827  -0.00052218  0.00193067  
0.0179416  -0.00062541  -0.999778  -0.00020728  -0.00115059  -2.221e-05  
0.00075139  -0.00243013  -6.636e-05  0.999684  -0.00502152  -0.0194751  
-0.00196191  0.00091696  -0.00128552  0.00112747  0.981067  -0.191335  
-5.294e-05  -0.00178202  -1.865e-05  0.019971  0.191174  0.981008  
