1.00006  3.97e-06  -7.273e-05  6.376e-05  1.819e-05  3.336e-05  
3.97e-06  0.999947  -4.574e-05  -5.381e-05  -4.532e-05  -2.495e-05  
-7.273e-05  -4.574e-05  0.999938  3.42e-06  0.0001191  2.63e-05  
6.376e-05  -5.381e-05  3.42e-06  0.999942  3.125e-05  -2.66e-05  
1.819e-05  -4.532e-05  0.0001191  3.125e-05  0.999991  5.657e-05  
3.336e-05  -2.495e-05  2.63e-05  -2.66e-05  5.657e-05  0.999889  
