0.999691  -0.00958734  -0.0113363  -0.00253967  0.00115445  -0.00039111  
0.00967475  0.9998  0.00757774  0.00553243  -0.00039077  -0.00171555  
0.0113404  -0.00777626  0.999795  -0.00023179  -0.00561452  0.00258906  
0.00245646  -0.00553727  6.195e-05  0.999679  -0.0101317  0.0126384  
-0.00116225  0.00045927  0.0055305  0.00980463  0.999499  0.0255937  
0.00038701  0.00179046  -0.00266528  -0.0128286  -0.0255753  0.999474  
