0.99996  9.45e-06  3.597e-05  -5.87e-06  -1.707e-05  -4.97e-06  
9.45e-06  1.00005  -1.294e-05  6.098e-05  2.498e-05  -4.648e-05  
3.597e-05  -1.294e-05  1.00006  6.605e-05  -4.21e-06  3.44e-06  
-5.87e-06  6.098e-05  6.605e-05  0.999961  6.23e-06  -5.61e-06  
-1.707e-05  2.498e-05  -4.21e-06  6.23e-06  0.999956  1.124e-05  
-4.97e-06  -4.648e-05  3.44e-06  -5.61e-06  1.124e-05  0.999943  
