0.999884  4.776e-05  4.993e-05  1.08e-05  -1.412e-05  4.63e-05  
4.776e-05  1.00001  4.949e-05  8.15e-06  -9.834e-05  2.079e-05  
4.993e-05  4.949e-05  1.00003  -1.957e-05  5.186e-05  1.561e-05  
1.08e-05  8.15e-06  -1.957e-05  1.00006  4.43e-05  3.031e-05  
-1.412e-05  -9.834e-05  5.186e-05  4.43e-05  1.00003  2.868e-05  
4.63e-05  2.079e-05  1.561e-05  3.031e-05  2.868e-05  0.999896  
