1  1.395e-05  2.394e-05  -4.845e-05  -2.419e-05  -4.849e-05  
1.395e-05  1.0001  -2.141e-05  -0.00010734  -4.635e-05  -2.378e-05  
2.394e-05  -2.141e-05  0.999974  -3.035e-05  -4.259e-05  -9.539e-05  
-4.845e-05  -0.00010734  -3.035e-05  0.99999  -4.5e-07  -3.629e-05  
-2.419e-05  -4.635e-05  -4.259e-05  -4.5e-07  0.999992  -5.83e-06  
-4.849e-05  -2.378e-05  -9.539e-05  -3.629e-05  -5.83e-06  1.00004  
