0.999278  0.0176204  0.00444882  -0.00845946  -0.00154094  0.00063417  
-0.0169574  0.99901  -0.0207409  0.0153636  0.00171283  0.00185188  
-0.00492387  0.0210992  0.999419  -0.00040507  0.0113843  -0.0120744  
0.0085647  -0.0152471  0.00125972  0.99924  -0.020499  0.0101779  
0.00173695  -0.00217881  -0.0105309  0.0196105  0.997886  0.052818  
-0.00033471  -0.0014997  0.0129549  -0.0107416  -0.0519312  0.997487  
