0.998246  -0.0563697  -0.0019344  -0.00149246  -0.00065507  -0.00059131  
0.0563674  0.998116  -0.0155541  0.00867904  -6.144e-05  -0.00056297  
0.00293334  0.0154111  0.999597  0.00212036  -0.00811502  0.00145697  
0.00111229  -0.00876796  -0.00190919  0.999512  0.0151094  -0.00458062  
0.00058507  6.282e-05  0.00833989  -0.0156105  0.984436  -0.174112  
0.00088293  0.00066643  4.819e-05  0.00170859  0.174059  0.984538  
