0.999686  0.00046745  -0.00230889  0.0018195  -0.00923865  0.00245266  
-0.0005982  0.999732  -0.00344136  -0.0107743  -0.00240223  -0.0100662  
-0.00224826  -0.00341138  -0.9998  -0.00022145  0.0116955  -0.00122837  
-0.00175862  0.0107355  -0.00032817  0.999693  -0.00245606  0.00749811  
0.00933962  0.00235397  0.011617  0.0026001  0.999566  -0.0164847  
-0.00235231  0.00997241  -0.00113621  -0.00762045  0.0165579  0.999504  
