1.0001  6.45e-06  2.488e-05  -2.522e-05  5.89e-06  -1.477e-05  
6.45e-06  1.00006  -5.308e-05  5.645e-05  4.291e-05  4.845e-05  
2.488e-05  -5.308e-05  0.999913  2.581e-05  -3.236e-05  2.385e-05  
-2.522e-05  5.645e-05  2.581e-05  1.00011  -5.641e-05  -8.798e-05  
5.89e-06  4.291e-05  -3.236e-05  -5.641e-05  0.999984  9.735e-05  
-1.477e-05  4.845e-05  2.385e-05  -8.798e-05  9.735e-05  0.999989  
