0.997559  0.0659418  -0.00351788  -0.0021895  -0.00800823  0.00082483  
-0.0658639  0.997644  0.00634343  -0.00946321  0.00106193  0.00762702  
0.00393211  -0.0061544  0.999745  0.00101394  0.00887361  0.00186493  
0.00156941  0.00956346  -0.00099548  0.999739  -0.00491355  0.00260983  
-0.00790246  -0.00118468  0.00829562  -0.005404  -0.975209  0.220243  
0.00150778  -0.00754623  -0.00378709  -0.00147966  0.220266  0.975231  
