0.997409  0.0683096  0.00498469  -0.00042737  -0.00096773  -0.0001995  
-0.068232  0.997283  0.00875119  0.00165362  1.057e-05  0.00079137  
-0.00435484  -0.00899784  0.999836  -0.00019419  -2.272e-05  0.00226155  
0.00043398  -0.00161981  0.00026964  0.999829  -0.00988559  -0.00189815  
0.00095137  0.00011667  0.00030762  0.00958182  0.992186  -0.122087  
0.00024869  -0.00071635  -0.00226334  0.00306004  0.122097  0.992206  
