0  0.00566009  0.00743828  -0.00194042  -0.0133945  0.000433532  
-0.00566009  0  0.00253493  0.00273766  -0.0778322  0.00104579  
-0.00743828  -0.00253493  0  0.000569569  -0.0349277  0.00123923  
0.00194042  -0.00273766  -0.000569569  0  -0.0350177  -0.00667372  
0.0133945  0.0778322  0.0349277  0.0350177  0  0.0147096  
-0.000433532  -0.00104579  -0.00123923  0.00667372  -0.0147096  0  
