0.999988  -4.104e-05  3.28e-06  -8.78e-06  -2.06e-06  1.003e-05  
-4.104e-05  0.999992  5.78e-06  6.389e-05  -5.77e-06  -3.995e-05  
3.28e-06  5.78e-06  1.00004  -8.23e-06  -5.19e-06  -6.86e-06  
-8.78e-06  6.389e-05  -8.23e-06  0.999997  1.818e-05  -1.038e-05  
-2.06e-06  -5.77e-06  -5.19e-06  1.818e-05  1.00006  6.815e-05  
1.003e-05  -3.995e-05  -6.86e-06  -1.038e-05  6.815e-05  0.999968  
