0.999878  1.8e-05  -6.143e-05  3.517e-05  9.58e-05  6.721e-05  
1.8e-05  1.00001  1.21e-06  3.329e-05  -3.542e-05  -2.18e-05  
-6.143e-05  1.21e-06  1  8.8e-07  8.819e-05  -3.214e-05  
3.517e-05  3.329e-05  8.8e-07  0.999944  2.678e-05  -1.928e-05  
9.58e-05  -3.542e-05  8.819e-05  2.678e-05  1.00005  5.879e-05  
6.721e-05  -2.18e-05  -3.214e-05  -1.928e-05  5.879e-05  1.00009  
