0.999994  -5.342e-05  2.245e-05  9.2e-07  -6.898e-05  5.458e-05  
-5.342e-05  1.00008  -6.219e-05  -3.353e-05  -2.97e-05  7.69e-06  
2.245e-05  -6.219e-05  1.00008  7.62e-05  -7.27e-06  1.912e-05  
9.2e-07  -3.353e-05  7.62e-05  0.999987  -2.602e-05  -2.581e-05  
-6.898e-05  -2.97e-05  -7.27e-06  -2.602e-05  0.999898  -2.484e-05  
5.458e-05  7.69e-06  1.912e-05  -2.581e-05  -2.484e-05  1.00004  
