0  -0.0169307  0.00815137  0.00874565  -0.0168526  0.00378112  
0.0169307  0  -0.00689122  0.00497612  -0.000251206  -0.00598965  
-0.00815137  0.00689122  0  0.000233477  -0.00407934  0.00350655  
-0.00874565  -0.00497612  -0.000233477  0  0.00567937  -0.00665278  
0.0168526  0.000251206  0.00407934  -0.00567937  0  0.107611  
-0.00378112  0.00598965  -0.00350655  0.00665278  -0.107611  0  
