0.999971  8.294e-05  -2.001e-05  -3.857e-05  1.411e-05  -4.07e-06  
8.294e-05  1.00001  -2.948e-05  9.65e-06  5.09e-05  8.332e-05  
-2.001e-05  -2.948e-05  0.999934  -2.38e-05  -3.3e-06  -2.541e-05  
-3.857e-05  9.65e-06  -2.38e-05  0.999968  -8.697e-05  -6.2e-06  
1.411e-05  5.09e-05  -3.3e-06  -8.697e-05  1.00007  -7.857e-05  
-4.07e-06  8.332e-05  -2.541e-05  -6.2e-06  -7.857e-05  1.00014  
