0.999944  -1.23e-05  -4.409e-05  7.81e-06  4.348e-05  2.918e-05  
-1.23e-05  1.00011  -6.5e-06  9.48e-06  6.99e-06  6.41e-06  
-4.409e-05  -6.5e-06  1.00003  1.066e-05  -6.25e-05  1.248e-05  
7.81e-06  9.48e-06  1.066e-05  0.999995  6.33e-06  -2.937e-05  
4.348e-05  6.99e-06  -6.25e-05  6.33e-06  1.00003  -3.682e-05  
2.918e-05  6.41e-06  1.248e-05  -2.937e-05  -3.682e-05  1.00002  
