0  -0.0133653  0.00126698  -0.00148474  -0.00185515  0.000545623  
0.0133653  0  -0.00762706  -0.00398983  -0.000411041  -0.000218864  
-0.00126698  0.00762706  0  -0.00072484  -0.00390569  -7.64421e-05  
0.00148474  0.00398983  0.00072484  0  -0.00711839  0.0016447  
0.00185515  0.000411041  0.00390569  0.00711839  0  -0.0112144  
-0.000545623  0.000218864  7.64421e-05  -0.0016447  0.0112144  0  
