0.990657  0.134762  0.00447623  0.0063748  -0.00036108  0.00141358  
-0.134646  0.990101  0.0342895  -0.00909552  -0.00168763  0.00106264  
0.00018949  -0.0344133  0.999228  0.00030826  0.00699702  -0.0082131  
-0.00762907  0.00810337  0.00022633  0.999262  0.0051394  0.0308352  
0.00014657  0.00186992  -0.00697189  -0.00486376  0.999651  -0.00251891  
-0.00097389  -0.00190858  0.00824906  -0.0309049  0.00246004  0.999284  
