1.00001  -2.764e-05  -3.672e-05  -5.008e-05  -7.49e-05  4.723e-05  
-2.764e-05  1.00005  4.8e-07  -5.145e-05  5.685e-05  1.643e-05  
-3.672e-05  4.8e-07  1.00003  -1.958e-05  -3.244e-05  -5.977e-05  
-5.008e-05  -5.145e-05  -1.958e-05  0.999941  3.984e-05  -1.285e-05  
-7.49e-05  5.685e-05  -3.244e-05  3.984e-05  1.00002  -6.709e-05  
4.723e-05  1.643e-05  -5.977e-05  -1.285e-05  -6.709e-05  0.999943  
