0.999972  6.161e-05  2.771e-05  -1.08e-05  4.165e-05  4.749e-05  
6.161e-05  1  -7.325e-05  -4.13e-06  -7.29e-06  -4.506e-05  
2.771e-05  -7.325e-05  0.999913  4.1e-05  5.869e-05  -4.721e-05  
-1.08e-05  -4.13e-06  4.1e-05  0.99998  -3.642e-05  2.437e-05  
4.165e-05  -7.29e-06  5.869e-05  -3.642e-05  1.00006  2.978e-05  
4.749e-05  -4.506e-05  -4.721e-05  2.437e-05  2.978e-05  1.00005  
