0.970451  0.238269  0.0250899  0.00284166  0.00282675  -0.00126962  
-0.238094  0.970608  -0.00269948  -0.00312901  0.00210411  0.00360017  
-0.0250686  -0.00327844  0.999501  -0.00100528  0.00174025  0.00160855  
-0.00357447  0.00232297  0.0005933  0.999511  0.0141576  0.0190645  
-0.00208381  -0.00248395  -0.00179151  -0.0129165  0.997681  -0.0536472  
0.00216249  -0.00364936  -0.00160506  -0.0198891  0.0536435  0.99796  
