0.999972  -1.129e-05  -2.46e-05  3.899e-05  -2.68e-05  8.91e-06  
-1.129e-05  0.999985  -2.696e-05  8.66e-06  4.263e-05  -9.59e-06  
-2.46e-05  -2.696e-05  1.00003  5.396e-05  3.54e-05  4.475e-05  
3.899e-05  8.66e-06  5.396e-05  0.999994  8.58e-06  2.782e-05  
-2.68e-05  4.263e-05  3.54e-05  8.58e-06  0.999892  2.821e-05  
8.91e-06  -9.59e-06  4.475e-05  2.782e-05  2.821e-05  0.999972  
