0.999919  -3.889e-05  3.925e-05  3.123e-05  -2.897e-05  3.892e-05  
-3.889e-05  0.99999  1.571e-05  2.215e-05  3.186e-05  3.428e-05  
3.925e-05  1.571e-05  0.999984  -1.171e-05  7.53e-06  4.679e-05  
3.123e-05  2.215e-05  -1.171e-05  1.00003  -4.7e-06  -1.02e-05  
-2.897e-05  3.186e-05  7.53e-06  -4.7e-06  1.00002  -4.562e-05  
3.892e-05  3.428e-05  4.679e-05  -1.02e-05  -4.562e-05  0.999978  
