0  -0.0580624  0.00518036  -0.000787489  -0.00374066  0.00175728  
0.0580624  0  0.00735738  0.0294951  0.0026228  0.00542293  
-0.00518036  -0.00735738  0  -0.00931613  -0.00306143  0.0020446  
0.000787489  -0.0294951  0.00931613  0  0.0277715  -0.0113024  
0.00374066  -0.0026228  0.00306143  -0.0277715  0  0.0933698  
-0.00175728  -0.00542293  -0.0020446  0.0113024  -0.0933698  0  
