0.999926  9.079e-05  -4.823e-05  -1.133e-05  -5.472e-05  5.105e-05  
9.079e-05  0.999986  -3.85e-05  3.166e-05  -2.543e-05  2.321e-05  
-4.823e-05  -3.85e-05  0.999949  3.41e-05  1.184e-05  -8.4e-07  
-1.133e-05  3.166e-05  3.41e-05  1.00005  3.76e-05  -2.281e-05  
-5.472e-05  -2.543e-05  1.184e-05  3.76e-05  1.00012  -5.997e-05  
5.105e-05  2.321e-05  -8.4e-07  -2.281e-05  -5.997e-05  1.00004  
