0.998701  -0.0417765  -0.0222022  0.00052125  0.00278734  0.00035404  
0.0417716  0.998884  0.00101135  -0.00669146  -0.0008042  -0.00308754  
0.0219795  -0.00198704  0.999623  0.00130488  0.00719449  -0.00104155  
-0.00020091  0.00685127  -0.00120866  0.999549  -0.00482635  0.0221145  
-0.00277861  0.00110937  -0.00699229  0.00456868  0.999601  0.00899336  
-0.00011129  0.00304323  0.00111695  -0.0223443  -0.00911681  0.999353  
