0.999961  -4.436e-05  6.166e-05  7.728e-05  -4.937e-05  7.494e-05  
-4.436e-05  0.999984  4.296e-05  -2e-06  -2.127e-05  -5.46e-05  
6.166e-05  4.296e-05  1.00002  -3.767e-05  -4.132e-05  8.64e-06  
7.728e-05  -2e-06  -3.767e-05  1.00002  1.97e-05  4.813e-05  
-4.937e-05  -2.127e-05  -4.132e-05  1.97e-05  1.00002  -2.949e-05  
7.494e-05  -5.46e-05  8.64e-06  4.813e-05  -2.949e-05  1  
