0  0.00327908  0.00346074  0.00167763  0.00165546  -0.000362402  
-0.00327908  0  -0.010439  1.8045e-05  -0.000456142  0.000539179  
-0.00346074  0.010439  0  0.000537925  0.000838557  -0.000563257  
-0.00167763  -1.8045e-05  -0.000537925  0  -0.0127823  -0.00167165  
-0.00165546  0.000456142  -0.000838557  0.0127823  0  -0.0127933  
0.000362402  -0.000539179  0.000563257  0.00167165  0.0127933  0  
