0.999977  -1.519e-05  3.634e-05  -1.026e-05  2.15e-05  0.00011006  
-1.519e-05  1.00007  -7.96e-05  6.98e-05  -9.97e-06  3.088e-05  
3.634e-05  -7.96e-05  1.00002  4.38e-06  3.76e-05  3.144e-05  
-1.026e-05  6.98e-05  4.38e-06  1.00007  1.942e-05  -5.2e-05  
2.15e-05  -9.97e-06  3.76e-05  1.942e-05  0.999971  4.897e-05  
0.00011006  3.088e-05  3.144e-05  -5.2e-05  4.897e-05  1.00006  
