0.999434  -0.0270361  0.00704628  0.00346069  0.00137431  -0.00101079  
0.0268685  0.999336  0.0137696  0.00808582  0.00205911  0.0015102  
-0.00748745  -0.0136325  0.999718  0.00030693  -0.00761629  0.006604  
-0.00355296  -0.00794119  -0.0007829  0.999705  -0.0163533  0.00912979  
-0.00157027  -0.00208752  0.00806733  0.0169121  0.997414  -0.0656365  
0.00077627  -0.00171533  -0.00612067  -0.00802404  0.0657343  0.997638  
