0  -0.0468593  0.00886243  -0.00280657  -0.00433023  -0.000287704  
0.0468593  0  0.00237207  0.00489306  0.0677856  -0.001576  
-0.00886243  -0.00237207  0  -0.000471824  -0.0345203  0.00429597  
0.00280657  -0.00489306  0.000471824  0  -0.0331566  -0.00978649  
0.00433023  -0.0677856  0.0345203  0.0331566  0  -0.000276162  
0.000287704  0.001576  -0.00429597  0.00978649  0.000276162  0  
