0  0.0656106  0.000291219  -0.00191891  0.00170169  0.00117864  
-0.0656106  0  5.19268e-05  0.000860771  0.000455329  0.0061348  
-0.000291219  -5.19268e-05  0  0.00120623  -0.000442451  0.00528878  
0.00191891  -0.000860771  -0.00120623  0  -0.00179977  0.00295417  
-0.00170169  -0.000455329  0.000442451  0.00179977  0  -0.180706  
-0.00117864  -0.0061348  -0.00528878  -0.00295417  0.180706  0  
