0.999756  0.0154223  -0.0054878  -0.00423432  -0.000347  0.0002805  
-0.0154071  0.999408  -0.0117481  0.0140409  8.255e-05  0.00036746  
0.00522459  0.0117367  0.99971  -9.411e-05  0.0105268  -0.00986692  
0.00448537  -0.0140764  0.00048101  0.999654  -0.0140742  0.0032073  
0.00025837  -0.00039308  -0.0108394  0.0142198  0.998826  -0.0370042  
-0.00026221  -0.0003407  0.00949719  -0.00265887  0.0373587  0.999029  
