1.00002  1.368e-05  -8.318e-05  -3.593e-05  2.53e-05  3.806e-05  
1.368e-05  1.00006  -3.899e-05  2.289e-05  -1.997e-05  5.25e-05  
-8.318e-05  -3.899e-05  0.999967  -4.007e-05  -7.09e-06  -4.376e-05  
-3.593e-05  2.289e-05  -4.007e-05  0.999878  -6.05e-06  3.3e-06  
2.53e-05  -1.997e-05  -7.09e-06  -6.05e-06  0.999945  -1.614e-05  
3.806e-05  5.25e-05  -4.376e-05  3.3e-06  -1.614e-05  1.00004  
