0.998653  0.0423072  -0.00807813  -0.00317969  -0.00217707  0.00026843  
-0.0424217  0.998869  -0.0137122  -0.00352459  0.00023418  -0.00201025  
0.00747604  0.01391  0.99977  -0.00177781  0.0046204  -0.00184444  
0.0031472  0.0037471  0.00167747  0.999714  0.012899  -0.00518454  
0.00195865  -3.282e-05  -0.00446509  -0.0120865  0.992499  0.119676  
-0.00059797  0.0021214  0.00232965  0.00663414  -0.119704  0.99225  
