1.00004  -4.814e-05  -8.809e-05  8.585e-05  6.294e-05  -2.916e-05  
-4.814e-05  1.00009  1.75e-06  6.858e-05  3.328e-05  8.43e-05  
-8.809e-05  1.75e-06  0.999976  7.068e-05  -1.3e-06  -8.6e-07  
8.585e-05  6.858e-05  7.068e-05  0.999922  1.042e-05  1.366e-05  
6.294e-05  3.328e-05  -1.3e-06  1.042e-05  1.00015  -5.829e-05  
-2.916e-05  8.43e-05  -8.6e-07  1.366e-05  -5.829e-05  1.00002  
