0  0.0585859  0.0224986  -0.0190016  0.0008144  0.00147598  
-0.0585859  0  -0.000432334  -0.0190362  0.00143438  0.000505113  
-0.0224986  0.000432334  0  0.0101602  0.000726702  -0.00257062  
0.0190016  0.0190362  -0.0101602  0  -0.00931752  0.022151  
-0.0008144  -0.00143438  -0.000726702  0.00931752  0  0.117486  
-0.00147598  -0.000505113  0.00257062  -0.022151  -0.117486  0  
