0.997122  0.0721568  -0.00890953  0.00113278  0.0014033  -0.00029385  
-0.0721932  0.99704  0.0133356  0.0030443  -0.00058533  -0.00233496  
0.00988817  -0.012722  0.999761  0.00045812  0.00260994  0.00212683  
-0.00106125  -0.00310637  -0.00038913  0.999659  0.0145315  -0.0146842  
0.00129122  -0.00026579  0.00228054  0.0162934  -0.989327  0.142168  
-0.00012338  0.00246696  -0.00247811  0.0125167  0.142226  0.989555  
