0.999191  -0.0235274  -0.0229218  -0.00491829  -0.00421658  0.00193374  
0.0241208  0.99909  0.0294647  -0.0011422  0.00114215  0.00351313  
0.0222586  -0.0300098  0.999199  0.00054215  0.00308721  0.00369519  
-0.00483827  -0.00096542  0.0006638  -0.999133  0.0152213  -0.0338626  
0.00304206  -0.00214071  -0.00439855  0.00099109  0.920793  0.389304  
-0.00371946  -0.00265277  -0.00220886  -0.0370477  -0.389157  0.920268  
