1.00003  -5.21e-05  2.29e-05  4.457e-05  -7.928e-05  3.855e-05  
-5.21e-05  1.00003  3.453e-05  4.458e-05  -9.968e-05  3.222e-05  
2.29e-05  3.453e-05  0.999971  4.155e-05  -5.272e-05  -1.73e-06  
4.457e-05  4.458e-05  4.155e-05  0.99996  6.61e-05  -5.88e-06  
-7.928e-05  -9.968e-05  -5.272e-05  6.61e-05  0.999987  1.42e-05  
3.855e-05  3.222e-05  -1.73e-06  -5.88e-06  1.42e-05  1.00003  
