0.999991  -1.159e-05  3.061e-05  -7.113e-05  -8.43e-06  8.3e-07  
-1.159e-05  0.999937  -4.217e-05  -1.723e-05  -7.853e-05  -2.822e-05  
3.061e-05  -4.217e-05  0.999933  1.588e-05  -5.91e-05  -1.288e-05  
-7.113e-05  -1.723e-05  1.588e-05  0.999947  8.55e-06  -7.054e-05  
-8.43e-06  -7.853e-05  -5.91e-05  8.55e-06  1.00007  3.014e-05  
8.3e-07  -2.822e-05  -1.288e-05  -7.054e-05  3.014e-05  1.0001  
