0  -0.0595253  0.000823184  0.00428219  0.00581856  -0.000929568  
0.0595253  0  -0.0124134  -0.00655092  -0.00115828  -0.00939601  
-0.000823184  0.0124134  0  -4.51932e-05  0.00581409  -0.00650322  
-0.00428219  0.00655092  4.51932e-05  0  0.0160987  -0.00221342  
-0.00581856  0.00115828  -0.00581409  -0.0160987  0  0.107759  
0.000929568  0.00939601  0.00650322  0.00221342  -0.107759  0  
