0.985804  0.164659  0.00236678  -0.00718522  -0.00712465  -4.003e-05  
-0.164598  0.985857  0.013247  -0.0146146  -0.00112104  -0.00669577  
-0.000439  -0.0135383  0.999502  0.00098494  -0.0167651  0.0063899  
0.00496407  0.0157139  -0.00035419  0.999497  0.0145402  -0.00372  
0.00630825  0.00327542  0.0147866  -0.0132415  0.971764  0.233826  
-0.00213995  0.00638206  -0.00971553  0.00637713  -0.233269  0.971477  
