0.9996  0.0187686  -0.00842162  0.00553833  0.00224288  -0.00054401  
-0.0189017  0.99955  0.0104757  0.0106389  0.00017576  0.00288226  
0.0086363  -0.0102874  0.999736  0.00129037  -0.00828128  0.00628009  
-0.00526718  -0.0107274  -0.00155334  0.999544  -0.0172799  -0.0107621  
-0.00218415  -0.00064568  0.00813054  0.0176384  0.999114  0.0282437  
0.00029231  -0.0030063  -0.00655343  0.0101817  -0.0281079  0.999332  
