0.989052  0.143644  -0.0182134  -0.00247581  -0.0135637  0.00021678  
-0.14428  0.988959  -0.0254293  0.00836191  0.00018274  -0.0132776  
0.0142541  0.027961  0.99922  -0.00031982  -0.00645798  0.00016343  
0.00409959  -0.00805173  0.00042503  0.999255  0.0225912  -0.0186234  
0.0129842  0.00441348  0.0061591  -0.0188991  0.985589  0.165629  
-0.00446134  0.0123837  -0.0015718  0.0221381  -0.165111  0.985552  
