-0.995503  0.088791  0.0156843  -0.00081037  0.00100616  -0.00225351  
0.0889248  0.995677  0.00078098  -0.00980662  -0.00113954  -0.00245435  
0.0155146  -0.00200341  0.999606  -0.00024584  0.00700146  -0.00772283  
7.411e-05  0.00984259  0.00029877  0.999595  -0.0120213  -0.0110265  
0.00114198  0.00089782  -0.0069721  0.0120472  0.999459  -0.00223134  
-0.00199311  0.00278362  0.00773084  0.011144  0.0019532  0.999612  
