0  -0.00497165  0.00221475  0.00249292  0.00441206  -0.00246498  
0.00497165  0  0.0101721  0.000829862  0.0114354  0.0151499  
-0.00221475  -0.0101721  0  -0.000115583  -0.00580256  -0.0075877  
-0.00249292  -0.000829862  0.000115583  0  -0.00147319  -0.0169686  
-0.00441206  -0.0114354  0.00580256  0.00147319  0  0.386395  
0.00246498  -0.0151499  0.0075877  0.0169686  -0.386395  0  
