-0.999529  -0.00906586  0.0123738  -0.005205  -0.00191898  0.00101182  
-0.00891616  0.999567  0.0209361  -0.00108995  -0.00076527  -0.00218385  
0.012808  -0.0207815  0.999566  0.00159004  -0.00079277  0.00298871  
-0.00506217  0.00101441  -0.00158721  0.999565  0.0177574  -0.00686626  
-0.00170078  0.00095847  0.0005441  -0.0173374  0.996912  0.0742052  
0.00109342  0.00215841  -0.0032502  0.00767636  -0.0745514  0.996029  
