0.996661  -0.0764153  0.00263826  -0.00014975  -0.00322462  0.00135078  
0.0763907  0.996688  -0.00722442  0.00406449  0.00089374  -0.00312837  
-0.00217844  0.00743884  0.999746  -0.00049447  -0.0061854  -0.00164986  
-1.738e-05  -0.00405737  0.00052515  0.999704  0.00400641  0.00665448  
-0.00331832  0.00168401  -0.00591313  0.00299596  -0.990332  0.136716  
-0.00061341  0.00303451  0.00236097  -0.00701553  0.136509  0.990048  
