0  -0.0237753  -0.00109407  0.00180328  0.00419238  -0.00575794  
0.0237753  0  0.00879799  0.00987068  0.00809929  0.00899713  
0.00109407  -0.00879799  0  -0.00053026  0.00544311  -0.0110154  
-0.00180328  -0.00987068  0.00053026  0  0.00268298  -0.00730492  
-0.00419238  -0.00809929  -0.00544311  -0.00268298  0  0.0802138  
0.00575794  -0.00899713  0.0110154  0.00730492  -0.0802138  0  
