0.99992  -2.801e-05  -5.729e-05  -4.757e-05  8.77e-06  -3.809e-05  
-2.801e-05  0.999994  -2.655e-05  -5.132e-05  4.121e-05  -9.46e-06  
-5.729e-05  -2.655e-05  1.00005  3.012e-05  -6.958e-05  5.322e-05  
-4.757e-05  -5.132e-05  3.012e-05  0.999982  5.144e-05  1.833e-05  
8.77e-06  4.121e-05  -6.958e-05  5.144e-05  0.999996  3.35e-06  
-3.809e-05  -9.46e-06  5.322e-05  1.833e-05  3.35e-06  1.00003  
