1  -7.6e-07  -5.521e-05  4.729e-05  -5.185e-05  3.015e-05  
-7.6e-07  0.99997  2.214e-05  8.692e-05  1.821e-05  4.105e-05  
-5.521e-05  2.214e-05  1.00001  2.525e-05  2.55e-05  5.471e-05  
4.729e-05  8.692e-05  2.525e-05  1.00004  6.549e-05  -6.955e-05  
-5.185e-05  1.821e-05  2.55e-05  6.549e-05  1.00003  -6.778e-05  
3.015e-05  4.105e-05  5.471e-05  -6.955e-05  -6.778e-05  1.00014  
