0  -0.0352712  -0.00307543  0.012038  -0.00775982  -0.000515638  
0.0352712  0  0.0182281  -0.0296924  0.00338131  0.0106855  
0.00307543  -0.0182281  0  -0.0129922  -0.000915223  0.00622887  
-0.012038  0.0296924  0.0129922  0  -0.0279197  0.0153576  
0.00775982  -0.00338131  0.000915223  0.0279197  0  0.0994908  
0.000515638  -0.0106855  -0.00622887  -0.0153576  -0.0994908  0  
