1.00003  1.054e-05  -3.748e-05  6.403e-05  6.814e-05  4.769e-05  
1.054e-05  1.00004  3.803e-05  -3.888e-05  4.1e-07  -6.81e-06  
-3.748e-05  3.803e-05  0.999961  5.38e-05  2.83e-05  -2.845e-05  
6.403e-05  -3.888e-05  5.38e-05  1.00005  -4.96e-05  2.71e-06  
6.814e-05  4.1e-07  2.83e-05  -4.96e-05  1.00005  8.07e-06  
4.769e-05  -6.81e-06  -2.845e-05  2.71e-06  8.07e-06  1  
