-0.994328  0.101552  -0.00263055  0.0024706  0.00098094  0.0003981  
0.101444  0.993925  0.0318982  0.0103053  -0.00053451  -0.00094948  
-0.00561953  -0.0312517  0.999184  -7.147e-05  0.0109791  -0.00061826  
0.0015441  -0.0105906  -0.00075554  0.999048  0.0313848  -0.0193757  
0.00075296  0.00095202  -0.0107732  -0.0333507  0.993506  -0.104076  
0.00041386  0.00105282  -0.00028342  0.0163438  0.104704  0.99375  
