0.992862  0.116236  0.00488859  -0.00285226  0.00187142  -7.359e-05  
-0.116106  0.992828  0.0153769  0.00960433  -0.00047505  -0.00295838  
-0.00327723  -0.0157568  0.999576  0.00156939  -0.00810508  0.00488138  
0.00381459  -0.00915948  -0.00189398  0.999357  -0.022083  -0.00207858  
0.00157142  0.00101146  -0.00928512  -0.0205991  -0.954329  0.297277  
-0.00097807  0.00304905  -0.00243981  0.00825335  0.297395  0.954216  
