1  4.865e-05  2.347e-05  -2.63e-05  6.459e-05  -1.309e-05  
4.865e-05  1.00003  4.332e-05  -2.863e-05  -5.394e-05  2.029e-05  
2.347e-05  4.332e-05  1.00003  -6.064e-05  -2.204e-05  8.92e-06  
-2.63e-05  -2.863e-05  -6.064e-05  1.00013  4.472e-05  -1.469e-05  
6.459e-05  -5.394e-05  -2.204e-05  4.472e-05  1.0001  6.728e-05  
-1.309e-05  2.029e-05  8.92e-06  -1.469e-05  6.728e-05  0.999982  
