1.00004  -1.122e-05  -1.287e-05  2.843e-05  -3.838e-05  -4.097e-05  
-1.122e-05  1.00007  9.87e-06  -2.276e-05  6.062e-05  2.516e-05  
-1.287e-05  9.87e-06  0.999897  -1.305e-05  2.049e-05  -8.67e-06  
2.843e-05  -2.276e-05  -1.305e-05  1.0001  -8.38e-06  2.627e-05  
-3.838e-05  6.062e-05  2.049e-05  -8.38e-06  0.999956  -5.457e-05  
-4.097e-05  2.516e-05  -8.67e-06  2.627e-05  -5.457e-05  1.00002  
