-0.999644  -0.0108695  0.00261252  -0.00236023  0.00832003  -0.00029924  
-0.0109051  0.999723  0.0129521  0.00095947  -0.00102774  0.00848134  
0.00271242  -0.0129239  0.999754  -0.00011205  0.00095067  0.00209839  
-0.00210643  -0.00082594  0.00010824  0.999713  0.0133451  -0.00504967  
-0.00830932  -0.00143895  0.00106324  0.0135431  -0.999515  0.017886  
4.03e-06  -0.00832876  -0.00236727  0.00488535  0.0179228  0.999511  
