0  0.0235128  -0.00266889  -0.00105571  0.00163953  1.84038e-05  
-0.0235128  0  -0.00617719  0.0320755  0.000419693  -0.00297658  
0.00266889  0.00617719  0  0.0143893  -0.00928884  -0.00434672  
0.00105571  -0.0320755  -0.0143893  0  -0.0313231  -0.00548672  
-0.00163953  -0.000419693  0.00928884  0.0313231  0  0.0933  
-1.84038e-05  0.00297658  0.00434672  0.00548672  -0.0933  0  
