0.999441  0.0204172  0.0143399  -0.00021885  -0.00344281  0.00038026  
-0.0205565  0.999608  0.00527247  -0.00011462  0.00087412  0.00189498  
-0.0140515  -0.0054945  0.999561  -0.00131793  0.00025111  -0.00062366  
0.00025219  0.00014013  0.00123637  0.99957  -0.00863846  -0.00949192  
0.00359824  -0.00053646  -0.00031342  0.00809162  0.997397  -0.069622  
-0.00026957  -0.00193519  0.00064773  0.0102841  0.0695161  0.99734  
