0.998392  0.0515964  -0.00912384  0.00077898  0.00333435  1.778e-05  
-0.0515827  0.998466  0.0046535  0.0101008  0.00061451  -0.00380441  
0.0092389  -0.00433664  0.999729  0.00107528  -0.00988152  0.00033723  
0.00030483  0.0101337  0.00114826  -0.999694  -0.00274739  -0.00394582  
0.00328321  0.00110563  -0.0100048  0.0025732  -0.997804  0.0613562  
-0.00034548  0.003703  0.00021059  -0.0041321  0.0615909  0.997765  
