-0.964987  0.259933  0.017715  -0.001863  -0.00061077  -0.00155225  
0.2601  0.965003  -0.00097375  0.00412841  0.00125939  0.00037889  
0.0173461  -0.00364593  0.999603  7.966e-05  -0.00076264  -0.00477409  
-0.00290441  -0.00336825  8.27e-05  0.999471  -0.0185056  0.0072055  
-0.00096988  -0.00106564  0.00060283  0.018811  0.998344  -0.0401516  
-0.00159269  0.00017253  0.00492012  -0.0064868  0.0400687  0.998692  
