0  -0.0127459  -0.00343636  0.000292176  -0.000662131  -0.000118236  
0.0127459  0  -0.00413995  -0.00676468  -0.000305081  0.000447203  
0.00343636  0.00413995  0  -0.000386989  0.00653198  -0.00142714  
-0.000292176  0.00676468  0.000386989  0  0.00327646  0.00375129  
0.000662131  0.000305081  -0.00653198  -0.00327646  0  0.0207755  
0.000118236  -0.000447203  0.00142714  -0.00375129  -0.0207755  0  
