0.999391  -0.0248821  0.00084188  -0.00478276  -0.0112154  0.00344081  
0.0248826  0.99904  -0.0246906  -0.0081524  -0.00484168  -0.0124002  
-0.00011234  0.0248158  0.999449  0.00093201  0.00761726  -0.00617039  
0.00515242  0.00787379  -0.00113933  0.999568  0.0151608  -0.00853844  
0.0109967  0.00464489  -0.00764577  -0.0148594  0.999175  0.0226099  
-0.00345615  0.0125126  0.00618821  0.00871633  -0.0224495  0.999375  
