0  -0.00998193  0.00520348  0.000223755  0.00230294  -0.000123577  
0.00998193  0  0.00727646  0.00192264  0.000103478  -0.00148298  
-0.00520348  -0.00727646  0  -0.000513552  0.00212369  0.000580219  
-0.000223755  -0.00192264  0.000513552  0  0.0062921  0.00218915  
-0.00230294  -0.000103478  -0.00212369  -0.0062921  0  -0.0104519  
0.000123577  0.00148298  -0.000580219  -0.00218915  0.0104519  0  
