0.99997  6.983e-05  1.454e-05  -6.41e-06  -1.329e-05  1.117e-05  
6.983e-05  1.00009  -3.055e-05  -1.57e-06  -1.817e-05  1.846e-05  
1.454e-05  -3.055e-05  1.00003  5.595e-05  7.175e-05  3.83e-05  
-6.41e-06  -1.57e-06  5.595e-05  1.00002  3.643e-05  4.646e-05  
-1.329e-05  -1.817e-05  7.175e-05  3.643e-05  1.00007  -2.744e-05  
1.117e-05  1.846e-05  3.83e-05  4.646e-05  -2.744e-05  0.999946  
