1.00001  -5.176e-05  -7.102e-05  6.207e-05  -4.955e-05  -2.457e-05  
-5.176e-05  0.99989  -2.135e-05  -2.56e-06  6.649e-05  -1.29e-05  
-7.102e-05  -2.135e-05  1.00013  2.223e-05  -3.184e-05  2.4e-05  
6.207e-05  -2.56e-06  2.223e-05  0.99996  1.14e-06  4.901e-05  
-4.955e-05  6.649e-05  -3.184e-05  1.14e-06  1.00007  2.817e-05  
-2.457e-05  -1.29e-05  2.4e-05  4.901e-05  2.817e-05  0.999989  
