0.994607  0.0987337  0.0158099  -0.00243327  -0.00147968  -0.00016691  
-0.0987917  0.994759  0.00909979  0.00681346  -5.477e-05  0.00239512  
-0.0148078  -0.0108381  0.999538  0.00107648  -0.00630813  0.00057335  
0.00293574  -0.00642624  -0.00139425  0.999647  -0.00694673  -0.0103929  
-0.00133231  -0.00050314  -0.00637022  -0.00458396  -0.978585  0.203269  
0.00073439  -0.00237216  0.00050671  0.0114594  0.203371  0.978716  
