-0.998189  0.0426252  -0.0226477  -0.00193678  0.00576984  -0.00196091  
0.0423963  0.998518  0.0166924  -0.0137081  0.00015481  -0.00569308  
-0.0233627  -0.0155961  0.999343  0.00102001  0.0116632  -0.00646016  
-0.00137001  0.013998  -0.00054997  0.999221  -0.00559444  0.028547  
0.00573897  0.00025382  -0.0115076  0.00539789  0.999361  0.0106425  
-0.00199377  0.00544413  0.00649787  -0.0286541  -0.0108653  0.998955  
