0.990293  0.136757  -0.0101467  -0.00144708  -0.00400857  0.00102596  
-0.13668  0.990472  -0.00525657  -0.00418014  0.00153472  0.00384264  
0.00936541  0.00654068  0.999751  -0.00142725  -0.00409036  -0.00077754  
0.00069377  0.0045618  0.00139208  0.999659  -0.00877121  -0.00764712  
-0.00418783  -0.00039724  -0.00364418  -0.0061522  -0.95602  0.292298  
0.00058956  -0.00393471  0.00201818  0.00978156  0.292376  0.955817  
