0  -0.0157465  -0.00863158  0.00801822  0.0139364  -0.00942697  
0.0157465  0  0.00651501  -0.00727164  -0.0019665  -0.000733261  
0.00863158  -0.00651501  0  -0.00157077  0.00559717  -0.00508637  
-0.00801822  0.00727164  0.00157077  0  -0.00715893  -0.00758136  
-0.0139364  0.0019665  -0.00559717  0.00715893  0  -0.0972142  
0.00942697  0.000733261  0.00508637  0.00758136  0.0972142  0  
