0  0.0148089  -0.0189416  -0.00594434  0.0130227  -0.00734194  
-0.0148089  0  -0.0282491  -0.0287287  0.00230327  0.00459022  
0.0189416  0.0282491  0  -0.000188398  0.0251566  -0.0141496  
0.00594434  0.0287287  0.000188398  0  0.0230179  -0.0157838  
-0.0130227  -0.00230327  -0.0251566  -0.0230179  0  -0.148333  
0.00734194  -0.00459022  0.0141496  0.0157838  0.148333  0  
