0.997073  -0.06479  0.0196214  0.00389722  0.00335408  -0.00170636  
0.0644976  0.99769  0.00116051  0.00368358  0.00245939  0.00363338  
0.0195653  -7.906e-05  -0.999628  -0.00019088  0.00300291  -0.00527624  
-0.00397869  -0.00345273  -0.00042567  0.99937  0.0109632  0.0214021  
-0.00344988  -0.00225229  0.00281684  -0.011232  0.999646  0.00876472  
0.00197728  -0.00318627  -0.00533459  -0.021175  -0.00951883  0.998869  
