0  0.027521  -0.00499145  -0.0012437  -0.000240539  -9.06267e-05  
-0.027521  0  0.00888003  -0.00297316  -0.00113905  -0.00151882  
0.00499145  -0.00888003  0  -0.000779162  0.00264339  -0.00105412  
0.0012437  0.00297316  0.000779162  0  -0.0130348  -0.00393526  
0.000240539  0.00113905  -0.00264339  0.0130348  0  0.0625382  
9.06267e-05  0.00151882  0.00105412  0.00393526  -0.0625382  0  
