1.00004  1.903e-05  -4.379e-05  3.705e-05  -2.269e-05  -5.566e-05  
1.903e-05  0.999934  1.047e-05  -2.93e-06  2.3e-06  4.621e-05  
-4.379e-05  1.047e-05  0.999975  -4.648e-05  -4.496e-05  2.561e-05  
3.705e-05  -2.93e-06  -4.648e-05  0.999949  6.612e-05  9.763e-05  
-2.269e-05  2.3e-06  -4.496e-05  6.612e-05  0.999928  -0.00010869  
-5.566e-05  4.621e-05  2.561e-05  9.763e-05  -0.00010869  0.99995  
