0  -0.037437  -0.00410637  0.00357674  0.000549253  2.44528e-06  
0.037437  0  -0.00223218  0.0102474  -0.0012142  -0.00219786  
0.00410637  0.00223218  0  0.00132244  0.00719086  -0.00838133  
-0.00357674  -0.0102474  -0.00132244  0  -0.00703012  0.0046508  
-0.000549253  0.0012142  -0.00719086  0.00703012  0  -0.0842581  
-2.44528e-06  0.00219786  0.00838133  -0.0046508  0.0842581  0  
