-0.985613  -0.166014  -0.0159106  0.00474923  0.00248276  -0.00220841  
-0.166377  0.985462  0.0255325  -0.0062011  0.00240895  0.00304504  
-0.0117081  -0.027682  0.999346  0.00144819  0.00528647  -0.00163725  
0.00344901  0.00699521  -0.00106401  0.999307  -0.0284423  0.00479772  
0.00355673  -0.00061187  -0.00559719  0.0287454  0.960998  -0.274128  
-0.00097449  -0.00357373  -0.00014223  0.00288233  0.274291  0.961074  
