0  -0.0254512  0.0121806  0.012888  0.0202448  -0.0180145  
0.0254512  0  -0.0198649  -0.00588075  0.00113202  0.00340402  
-0.0121806  0.0198649  0  -0.000264479  -0.0067576  -0.00196273  
-0.012888  0.00588075  0.000264479  0  -0.0208421  0.00962429  
-0.0202448  -0.00113202  0.0067576  0.0208421  0  0.0660612  
0.0180145  -0.00340402  0.00196273  -0.00962429  -0.0660612  0  
