0  0.0126665  0.00659093  -0.00634538  -0.0121763  0.00567234  
-0.0126665  0  0.013162  -0.00174479  -0.00102758  -0.00186534  
-0.00659093  -0.013162  0  0.000268119  0.000507618  0.00215664  
0.00634538  0.00174479  -0.000268119  0  -0.011292  -0.000777115  
0.0121763  0.00102758  -0.000507618  0.011292  0  0.00250617  
-0.00567234  0.00186534  -0.00215664  0.000777115  -0.00250617  0  
