0  0.0669468  0.00715186  0.00171725  0.00532167  -0.000309076  
-0.0669468  0  -0.00296997  -0.00118653  0.00147906  0.00749757  
-0.00715186  0.00296997  0  -0.000155616  0.00234767  0.00345583  
-0.00171725  0.00118653  0.000155616  0  0.000518143  0.00604698  
-0.00532167  -0.00147906  -0.00234767  -0.000518143  0  0.104792  
0.000309076  -0.00749757  -0.00345583  -0.00604698  -0.104792  0  
