1.00005  2.56e-05  -3.485e-05  3.003e-05  2.751e-05  6.096e-05  
2.56e-05  0.999924  8.23e-06  -1.768e-05  -1.115e-05  5.298e-05  
-3.485e-05  8.23e-06  0.999964  4.397e-05  4.09e-05  -5.013e-05  
3.003e-05  -1.768e-05  4.397e-05  1.00003  2.522e-05  2.793e-05  
2.751e-05  -1.115e-05  4.09e-05  2.522e-05  1.0001  -3.862e-05  
6.096e-05  5.298e-05  -5.013e-05  2.793e-05  -3.862e-05  0.999962  
