0.999913  -3.533e-05  -5.619e-05  -4.053e-05  9.05e-06  -3.661e-05  
-3.533e-05  1  7.867e-05  -2.145e-05  3.294e-05  -3.26e-06  
-5.619e-05  7.867e-05  0.999947  -2.666e-05  8.79e-06  2.621e-05  
-4.053e-05  -2.145e-05  -2.666e-05  1.00004  -9.23e-06  -2.483e-05  
9.05e-06  3.294e-05  8.79e-06  -9.23e-06  1.00004  -3.099e-05  
-3.661e-05  -3.26e-06  2.621e-05  -2.483e-05  -3.099e-05  0.999973  
