1.00006  -2.398e-05  2.437e-05  1.428e-05  -5.433e-05  4.268e-05  
-2.398e-05  1.00013  3.921e-05  3.114e-05  4.01e-05  -8.84e-06  
2.437e-05  3.921e-05  1.00007  3.37e-05  7.06e-06  -2.22e-06  
1.428e-05  3.114e-05  3.37e-05  0.999956  9.83e-06  -3.8e-07  
-5.433e-05  4.01e-05  7.06e-06  9.83e-06  1.00006  -3.013e-05  
4.268e-05  -8.84e-06  -2.22e-06  -3.8e-07  -3.013e-05  1.00002  
