0.999216  0.0353214  0.00952144  0.00035908  0.00186236  -2.667e-05  
-0.0352681  0.999245  0.00121905  -0.00137082  -0.00045952  0.00211974  
-0.00951553  -0.00155635  0.999673  0.00019329  0.00110383  -0.00177222  
-0.0004863  0.0013102  -0.0001012  0.999725  0.00784646  0.00752741  
-0.00211804  0.00058944  -0.00117806  -0.00728191  0.997579  -0.066344  
-0.00020378  -0.0020019  0.00184561  -0.00812756  0.0661901  0.99762  
