0  0.0102509  -0.00534275  0.00606104  0.00114724  0.000869901  
-0.0102509  0  -0.0285718  0.0321477  0.000169843  0.00431479  
0.00534275  0.0285718  0  0.000935206  -0.0261135  0.00989922  
-0.00606104  -0.0321477  -0.000935206  0  0.0295244  -0.0106929  
-0.00114724  -0.000169843  0.0261135  -0.0295244  0  0.0639571  
-0.000869901  -0.00431479  -0.00989922  0.0106929  -0.0639571  0  
