1.00011  1.558e-05  -5.159e-05  2.527e-05  4.536e-05  -6.529e-05  
1.558e-05  0.999931  -2.791e-05  -0.00010179  6.64e-06  -1.812e-05  
-5.159e-05  -2.791e-05  0.999983  2.639e-05  4.411e-05  8.061e-05  
2.527e-05  -0.00010179  2.639e-05  1.00005  -9.84e-06  4.485e-05  
4.536e-05  6.64e-06  4.411e-05  -9.84e-06  1  -2.252e-05  
-6.529e-05  -1.812e-05  8.061e-05  4.485e-05  -2.252e-05  1.00001  
