0.999504  0.0174113  0.00507061  0.00054669  -0.00157559  0.00108863  
-0.0174569  0.99982  -0.00340397  0.00108042  -0.00099341  -0.00200001  
-0.00511179  0.00337972  0.999789  -0.00053576  -0.00102984  -0.0009363  
-0.00029947  -0.00096342  0.00052329  0.99972  0.00569836  0.00739592  
0.00155562  0.00120166  0.00102142  -0.00599914  0.999706  0.0165968  
-0.00109877  0.00197057  0.00087246  -0.0072959  -0.0168164  0.999496  
