1.00006  2.191e-05  2.886e-05  -2.872e-05  -2.978e-05  -5.189e-05  
2.191e-05  0.999966  -3.88e-06  2.746e-05  6.018e-05  3.597e-05  
2.886e-05  -3.88e-06  1.00004  -4.868e-05  -6.017e-05  3.124e-05  
-2.872e-05  2.746e-05  -4.868e-05  0.999965  7.658e-05  -1.434e-05  
-2.978e-05  6.018e-05  -6.017e-05  7.658e-05  0.999901  4.383e-05  
-5.189e-05  3.597e-05  3.124e-05  -1.434e-05  4.383e-05  0.999965  
