0.99949  -0.0132049  0.00168086  -0.00215031  -0.00667653  3.868e-05  
0.0132019  0.999728  -0.00434649  0.00409319  -0.00063827  0.00650767  
-0.00151074  0.00437966  0.999614  0.00042168  0.00551786  -0.00323956  
0.00201606  -0.00422141  -0.00033463  0.999667  0.00182315  0.00105165  
0.00648228  0.0006602  -0.00542716  -0.00179067  0.999657  -0.00620546  
-0.00025637  -0.0065427  0.00332863  -0.00116385  0.00619266  0.9997  
