0.999662  0.0169066  -0.00802396  -0.00012812  0.00045176  -0.00096524  
-0.0170095  0.999655  0.00227308  -0.00140407  -0.00055494  -0.00111403  
0.00799596  -0.00211247  0.999856  -0.00064028  0.00091211  -0.00025402  
-3.128e-05  0.00143819  0.00079521  0.999819  -0.00372153  0.007921  
-0.00041859  0.0006484  -0.00092195  0.00358111  0.999778  -0.00488336  
0.00093004  0.0011419  0.00020844  -0.00796193  0.0048993  0.999781  
