0  -0.00553124  0.00173137  0.00165154  -0.00527999  -5.0617e-06  
0.00553124  0  0.00628423  -0.0267492  -0.00116132  -0.00465612  
-0.00173137  -0.00628423  0  0.00846187  0.00564888  -0.00148856  
-0.00165154  0.0267492  -0.00846187  0  0.0270793  -0.000294266  
0.00527999  0.00116132  -0.00564888  -0.0270793  0  0.0043111  
5.0617e-06  0.00465612  0.00148856  0.000294266  -0.0043111  0  
