0  0.0348773  -0.00714866  -0.00067049  -0.00703203  0.00562134  
-0.0348773  0  0.000723237  0.00144766  -0.00483184  -0.0083347  
0.00714866  -0.000723237  0  -0.000913718  -0.00291743  -0.0037042  
0.00067049  -0.00144766  0.000913718  0  -0.00174889  0.000561049  
0.00703203  0.00483184  0.00291743  0.00174889  0  0.22435  
-0.00562134  0.0083347  0.0037042  -0.000561049  -0.22435  0  
