0.999193  -0.00688488  -0.016068  0.00204428  -0.00626762  0.00036803  
0.00766026  0.999548  0.0111305  0.00496413  0.00053092  -0.00636794  
0.0154039  -0.0109731  0.999545  -0.00013276  -0.00419748  0.00038056  
-0.00230644  -0.00521375  2.936e-05  0.9995  -0.0129278  -0.0193119  
0.00621517  -0.00020139  0.00405555  0.013487  0.999268  0.00998002  
-0.00010673  0.00635938  -0.00032641  0.0196186  -0.011124  0.999186  
