1  -2.743e-05  -4.34e-05  -9.36e-06  -5.833e-05  1.751e-05  
-2.743e-05  1.00002  -2.155e-05  -3.76e-06  -6.656e-05  1.154e-05  
-4.34e-05  -2.155e-05  0.999988  -7.84e-06  8.05e-06  -5.12e-06  
-9.36e-06  -3.76e-06  -7.84e-06  0.999968  1.193e-05  3.365e-05  
-5.833e-05  -6.656e-05  8.05e-06  1.193e-05  1.00007  3.102e-05  
1.751e-05  1.154e-05  -5.12e-06  3.365e-05  3.102e-05  0.999933  
