0  0.0175225  -0.00807533  -0.00537725  -0.00342081  0.00117104  
-0.0175225  0  0.0214031  -0.00108149  0.00382335  0.00496953  
0.00807533  -0.0214031  0  0.000712695  0.00245222  0.00311755  
0.00537725  0.00108149  -0.000712695  0  -0.0173486  0.0203767  
0.00342081  -0.00382335  -0.00245222  0.0173486  0  0.0369764  
-0.00117104  -0.00496953  -0.00311755  -0.0203767  -0.0369764  0  
