0.999996  2.763e-05  -5.247e-05  3.58e-05  1.382e-05  1.001e-05  
2.763e-05  0.999938  3.169e-05  -7.77e-06  5.172e-05  1.297e-05  
-5.247e-05  3.169e-05  1.00002  -4.857e-05  9.133e-05  -3.672e-05  
3.58e-05  -7.77e-06  -4.857e-05  1.00008  4.533e-05  2.327e-05  
1.382e-05  5.172e-05  9.133e-05  4.533e-05  1  6.083e-05  
1.001e-05  1.297e-05  -3.672e-05  2.327e-05  6.083e-05  1.00004  
