0.997387  0.069858  0.0079314  0.00124039  -0.004572  0.00215484  
-0.069866  0.997222  0.00652337  -0.0120652  0.00248233  0.00359299  
0.00752563  0.00712118  -0.999785  -0.00034779  0.00986586  -0.00731299  
-0.00202666  0.0120123  -0.00020127  0.999726  0.0144471  0.00044909  
0.00490026  -0.00156846  0.0109931  -0.0140741  0.982237  -0.184975  
-0.00083451  -0.00410828  -0.00538648  -0.00305661  0.184811  0.982469  
