0  -0.0223924  0.0100029  0.000591024  0.00347581  0.00042406  
0.0223924  0  -0.0298873  0.00154875  -0.00017557  -0.00401384  
-0.0100029  0.0298873  0  -0.0133399  -0.0290137  0.0128706  
-0.000591024  -0.00154875  0.0133399  0  0.0108752  0.000719409  
-0.00347581  0.00017557  0.0290137  -0.0108752  0  0.0116957  
-0.00042406  0.00401384  -0.0128706  -0.000719409  -0.0116957  0  
