0.999316  -0.0263057  -0.0060655  0.0032143  0.00190314  -0.00110945  
0.0263271  0.998931  0.0225672  0.00767704  -0.00115179  -0.00162007  
0.00536548  -0.0227904  0.999504  0.00035565  0.00793455  -0.00259383  
-0.00352558  -0.00743651  -0.00065967  0.999489  0.0168204  -0.0160997  
-0.00210669  0.00122139  -0.00824701  -0.0192015  0.986735  -0.158386  
0.00069944  0.00160504  0.00145898  0.0134299  0.158803  0.986866  
