0.998544  -0.0471594  -0.00568715  0.00095055  0.000998  -0.00065305  
0.0469653  0.998592  -0.0131093  0.0052907  0.00046199  -0.00064878  
0.00632905  0.0128286  0.999646  0.00102617  -0.00465369  0.0001729  
-0.00126389  -0.0052299  -0.0008878  0.999671  0.0106519  0.00644239  
-0.00087187  -0.00015283  0.00468029  -0.0106008  0.999675  -0.00434117  
0.00075281  0.00071077  -0.00028071  -0.00661037  0.00425561  0.99944  
