0  -0.0112678  -0.00292691  0.00544518  0.00102298  -0.000626749  
0.0112678  0  0.0120919  -0.00837293  -2.39558e-05  0.00101693  
0.00292691  -0.0120919  0  0.000582  -0.0062792  0.00661048  
-0.00544518  0.00837293  -0.000582  0  0.0122797  -0.00519229  
-0.00102298  2.39558e-05  0.0062792  -0.0122797  0  -0.0320764  
0.000626749  -0.00101693  -0.00661048  0.00519229  0.0320764  0  
