0  -0.00140518  0.00801129  -0.00330482  0.00132214  0.00229708  
0.00140518  0  -0.00367464  -0.0114254  0.00424268  0.00356567  
-0.00801129  0.00367464  0  -0.000786942  0.0121919  -0.00495568  
0.00330482  0.0114254  0.000786942  0  0.00471448  0.00442834  
-0.00132214  -0.00424268  -0.0121919  -0.00471448  0  0.124404  
-0.00229708  -0.00356567  0.00495568  -0.00442834  -0.124404  0  
