0  0.0194719  -0.00198862  -0.00260578  -0.00361449  0.000152568  
-0.0194719  0  -0.00124732  -0.00731134  -0.00197488  -0.00558474  
0.00198862  0.00124732  0  9.69094e-05  0.00409211  -0.00753368  
0.00260578  0.00731134  -9.69094e-05  0  0.00290695  -0.00337849  
0.00361449  0.00197488  -0.00409211  -0.00290695  0  0.0572325  
-0.000152568  0.00558474  0.00753368  0.00337849  -0.0572325  0  
