1.00005  4.4e-06  -6.873e-05  -1.307e-05  7.587e-05  1.903e-05  
4.4e-06  0.999997  1.918e-05  -1.36e-05  5.407e-05  6.94e-06  
-6.873e-05  1.918e-05  1.00005  3.27e-05  -1.13e-06  -5.879e-05  
-1.307e-05  -1.36e-05  3.27e-05  0.999923  4.807e-05  -1.665e-05  
7.587e-05  5.407e-05  -1.13e-06  4.807e-05  1.00009  -9.61e-06  
1.903e-05  6.94e-06  -5.879e-05  -1.665e-05  -9.61e-06  1.00004  
