0.999993  2.443e-05  -4.756e-05  0.00010552  -9.4e-05  -1.793e-05  
2.443e-05  0.999923  -4.065e-05  4.37e-06  -1.968e-05  -5.487e-05  
-4.756e-05  -4.065e-05  1.00009  -3.763e-05  6.43e-06  1.652e-05  
0.00010552  4.37e-06  -3.763e-05  1.00006  4.322e-05  -3.261e-05  
-9.4e-05  -1.968e-05  6.43e-06  4.322e-05  1.00003  -3.936e-05  
-1.793e-05  -5.487e-05  1.652e-05  -3.261e-05  -3.936e-05  1.00005  
