1.00006  1.96e-05  -3.25e-06  -4.544e-05  6.724e-05  -9.3e-07  
1.96e-05  0.999847  -4.389e-05  -9.35e-06  7.22e-05  -4.315e-05  
-3.25e-06  -4.389e-05  1.00002  2.907e-05  -7.91e-06  -9.274e-05  
-4.544e-05  -9.35e-06  2.907e-05  1.00002  5.2e-05  -9.72e-06  
6.724e-05  7.22e-05  -7.91e-06  5.2e-05  1.00003  -8.176e-05  
-9.3e-07  -4.315e-05  -9.274e-05  -9.72e-06  -8.176e-05  1.00002  
