0  0.000223383  -0.0101423  -0.00506303  -0.00453118  0.00144154  
-0.000223383  0  0.0236331  0.00182653  0.0722789  0.00137241  
0.0101423  -0.0236331  0  0.00103432  0.0400193  0.00144764  
0.00506303  -0.00182653  -0.00103432  0  -0.0372285  0.0105768  
0.00453118  -0.0722789  -0.0400193  0.0372285  0  -0.00707763  
-0.00144154  -0.00137241  -0.00144764  -0.0105768  0.00707763  0  
