0  -0.0142859  -0.00180873  -0.000240921  0.00180902  0.000423527  
0.0142859  0  0.00140966  -0.00442126  -0.000141013  -0.003024  
0.00180873  -0.00140966  0  -4.46272e-06  0.00320867  0.000562329  
0.000240921  0.00442126  4.46272e-06  0  -0.00416639  0.0063051  
-0.00180902  0.000141013  -0.00320867  0.00416639  0  0.0412797  
-0.000423527  0.003024  -0.000562329  -0.0063051  -0.0412797  0  
