0  0.0409646  -0.00608001  -0.00148945  -0.000378143  0.00084139  
-0.0409646  0  0.0118952  0.000359739  0.00154224  -0.000478186  
0.00608001  -0.0118952  0  0.00160677  5.18742e-05  0.000650184  
0.00148945  -0.000359739  -0.00160677  0  -0.00515482  0.00848066  
0.000378143  -0.00154224  -5.18742e-05  0.00515482  0  -0.0362969  
-0.00084139  0.000478186  -0.000650184  -0.00848066  0.0362969  0  
