0.999972  -4.032e-05  -6.7e-06  -4.148e-05  -3.395e-05  -1.887e-05  
-4.032e-05  0.999999  -5.599e-05  -5.243e-05  3.297e-05  5.436e-05  
-6.7e-06  -5.599e-05  0.999936  6.064e-05  -4.82e-05  -3.709e-05  
-4.148e-05  -5.243e-05  6.064e-05  1.00004  4.24e-05  3.24e-05  
-3.395e-05  3.297e-05  -4.82e-05  4.24e-05  1.00003  3.563e-05  
-1.887e-05  5.436e-05  -3.709e-05  3.24e-05  3.563e-05  1.00004  
