1.00005  -8.923e-05  -5.72e-06  -3.864e-05  3.89e-05  1.399e-05  
-8.923e-05  0.999938  -4.937e-05  -2.61e-05  -3.089e-05  -4.289e-05  
-5.72e-06  -4.937e-05  0.99994  -2.067e-05  1.597e-05  4.375e-05  
-3.864e-05  -2.61e-05  -2.067e-05  0.999948  -2.098e-05  -3.403e-05  
3.89e-05  -3.089e-05  1.597e-05  -2.098e-05  0.999895  1.371e-05  
1.399e-05  -4.289e-05  4.375e-05  -3.403e-05  1.371e-05  0.99994  
