0.999585  -0.0073287  -0.00900883  -0.00033603  0.00083411  -0.0002109  
0.00734221  0.999351  0.00698508  -0.00251525  0.00080005  -0.00115006  
0.00898869  -0.00713022  0.999719  0.00190245  0.00252415  -0.00014128  
0.00050283  0.00250267  -0.001792  0.999659  0.00409077  0.0117554  
-0.00084781  -0.00060045  -0.00242198  -0.0061264  0.984286  0.173927  
0.00039796  0.00134708  0.00065283  -0.0108818  -0.173803  0.984149  
