0.998452  -0.0478573  0.00217223  -0.00888142  0.005562  -0.00043872  
0.0476786  0.998035  0.0268763  -0.00619073  0.00042559  0.00568116  
-0.00347298  -0.0267609  0.999452  7.969e-05  -0.00671179  0.00758704  
-0.00905558  -0.00598548  -0.00038444  -0.999525  -0.0236598  0.00430204  
-0.0055172  -3.2e-07  0.00738347  -0.0237571  0.993422  -0.106363  
-0.00045272  -0.00549091  -0.00689134  0.00179414  0.106703  0.993848  
