0.999297  0.00130492  -0.0314157  -0.00252776  -0.00534348  0.00011323  
-0.00092501  0.999632  0.0169028  0.00285003  -0.00074644  0.00556746  
0.0314522  -0.0170337  0.999043  -0.00120076  -0.00315851  0.00395316  
0.00245508  -0.00312381  0.00092712  0.998972  -0.0156097  0.0324468  
0.00557447  0.00071187  0.00296875  0.016521  0.999113  -0.0325488  
-0.00015838  -0.00524463  -0.00413356  -0.0315963  0.0330084  0.998696  
