0  0.020618  -0.00357583  0.00286381  -0.0015781  -0.00109178  
-0.020618  0  -0.00119114  -0.00766549  0.00257368  0.0063659  
0.00357583  0.00119114  0  -0.000460871  0.00601874  -0.00694108  
-0.00286381  0.00766549  0.000460871  0  0.0016876  0.000705725  
0.0015781  -0.00257368  -0.00601874  -0.0016876  0  -0.0986202  
0.00109178  -0.0063659  0.00694108  -0.000705725  0.0986202  0  
