0.999963  2.697e-05  -0.00011049  -5.98e-06  1.657e-05  3.913e-05  
2.697e-05  1.00007  3.424e-05  -6.817e-05  -3.907e-05  -1.454e-05  
-0.00011049  3.424e-05  0.999965  -6.22e-05  -3.677e-05  3.513e-05  
-5.98e-06  -6.817e-05  -6.22e-05  0.999996  -9.773e-05  -1.382e-05  
1.657e-05  -3.907e-05  -3.677e-05  -9.773e-05  1.00001  -2.348e-05  
3.913e-05  -1.454e-05  3.513e-05  -1.382e-05  -2.348e-05  0.999912  
