0.999324  0.0224565  0.0024523  -0.00381106  -0.00183162  0.00049254  
-0.0228761  0.999065  0.0244879  0.0040652  0.0009859  0.00139423  
-0.00190237  -0.0246599  0.999563  0.00020665  -0.00449861  0.00381544  
0.00378454  -0.00399316  -0.00069531  0.999465  -0.0257166  0.00135637  
0.00200012  -0.00107749  0.00446829  0.0257299  0.999203  -0.0153062  
-0.00068971  -0.00136251  -0.00380573  -0.00101724  0.0152022  0.99943  
