0.999569  -0.0245657  0.00498255  0.00056537  0.00409496  -0.0014789  
0.0246195  0.999434  0.0155912  -0.0105778  0.00117869  0.00449219  
-0.00540395  -0.0154663  0.999716  -0.00012679  0.00889494  -0.00258365  
-0.0002169  0.0107355  0.00042827  0.999711  -0.0143887  0.00744463  
-0.00410571  -0.00041768  -0.00920635  0.0149758  0.996135  -0.0835436  
0.00099775  -0.00464317  0.00180353  -0.00601818  0.0834037  0.996234  
