0  0.0196505  -0.00306239  -0.000201533  0.000246009  0.000138989  
-0.0196505  0  0.0343795  -0.00825001  0.00044511  0.00175404  
0.00306239  -0.0343795  0  0.0156443  -0.0349184  -0.00019165  
0.000201533  0.00825001  -0.0156443  0  -0.01205  0.00498773  
-0.000246009  -0.00044511  0.0349184  0.01205  0  -0.0651196  
-0.000138989  -0.00175404  0.00019165  -0.00498773  0.0651196  0  
