1.00002  4.177e-05  2.119e-05  2.61e-06  -5.03e-06  3.331e-05  
4.177e-05  0.999853  5.399e-05  -2.75e-05  -1.471e-05  -3.739e-05  
2.119e-05  5.399e-05  1.00001  2.185e-05  3.091e-05  -4.868e-05  
2.61e-06  -2.75e-05  2.185e-05  0.999983  3.1e-05  -4.989e-05  
-5.03e-06  -1.471e-05  3.091e-05  3.1e-05  1  -4.48e-06  
3.331e-05  -3.739e-05  -4.868e-05  -4.989e-05  -4.48e-06  0.999977  
