0.999902  -1.006e-05  1.95e-05  -1.407e-05  -6.353e-05  5.633e-05  
-1.006e-05  0.999979  3.832e-05  -3.346e-05  8.48e-06  2.557e-05  
1.95e-05  3.832e-05  0.999965  6.479e-05  1.978e-05  4.13e-06  
-1.407e-05  -3.346e-05  6.479e-05  1.00004  -8.82e-05  4.491e-05  
-6.353e-05  8.48e-06  1.978e-05  -8.82e-05  1.00001  -4.309e-05  
5.633e-05  2.557e-05  4.13e-06  4.491e-05  -4.309e-05  0.999875  
