0.998867  -0.0182634  0.0142863  -0.00260122  0.00192923  -0.00075473  
0.0175397  0.998949  0.033083  0.00999312  0.00029891  0.00286252  
-0.0148751  -0.0328677  0.999085  -0.00075829  0.010852  0.00330681  
0.00247689  -0.0100008  0.0001454  0.999251  0.0291062  -0.0139914  
-0.0019645  0.00041298  -0.0107942  -0.0291687  0.999022  -0.0193907  
0.00036665  -0.00281719  -0.00364975  0.0133049  0.0201376  0.998586  
