0.999085  0.0349312  -0.00939417  0.0009849  -0.00460102  -0.00026123  
0.0348356  -0.999208  0.00336366  0.00421344  -0.00031659  0.00478873  
0.00935017  0.00369887  0.999826  0.00045801  -0.00496087  -0.00021145  
0.00097608  -0.00420068  0.00055583  -0.999761  0.00127165  -0.00983474  
0.00449601  9.182e-05  0.00490397  0.00072298  0.997758  0.0629792  
-0.00033236  0.00474414  -2.495e-05  -0.00981413  -0.0629827  0.997663  
