0  -0.0683619  0.000446841  0.00118486  0.00571679  -0.00121399  
0.0683619  0  0.00482938  -0.00111513  -0.00126669  -0.00554471  
-0.000446841  -0.00482938  0  -0.000152927  0.000811385  -0.000662315  
-0.00118486  0.00111513  0.000152927  0  -0.00466844  0.00242083  
-0.00571679  0.00126669  -0.000811385  0.00466844  0  0.0636145  
0.00121399  0.00554471  0.000662315  -0.00242083  -0.0636145  0  
