0  0.124352  -0.000624504  0.00546629  -0.00969409  -0.00406268  
-0.124352  0  -0.000425245  0.00163673  -0.00611725  -0.0185948  
0.000624504  0.000425245  0  0.000878158  -0.00152003  -0.00945859  
-0.00546629  -0.00163673  -0.000878158  0  0.00197982  0.00435684  
0.00969409  0.00611725  0.00152003  -0.00197982  0  0.326186  
0.00406268  0.0185948  0.00945859  -0.00435684  -0.326186  0  
