0  0.0300106  -0.00177745  -0.0122875  -0.00546286  -0.000740923  
-0.0300106  0  -0.016193  -0.0280361  -0.00113212  -0.00684481  
0.00177745  0.016193  0  -0.0110449  0.00284214  -0.00533777  
0.0122875  0.0280361  0.0110449  0  0.0271639  -0.0134388  
0.00546286  0.00113212  -0.00284214  -0.0271639  0  0.0666112  
0.000740923  0.00684481  0.00533777  0.0134388  -0.0666112  0  
