0  -0.0109613  -0.00448842  0.00336258  0.00117443  0.000636227  
0.0109613  0  -0.0142421  -0.00243445  -0.000239601  -0.0006082  
0.00448842  0.0142421  0  2.77241e-05  0.00241079  -0.00303603  
-0.00336258  0.00243445  -2.77241e-05  0  0.0160309  0.00282405  
-0.00117443  0.000239601  -0.00241079  -0.0160309  0  -0.00430958  
-0.000636227  0.0006082  0.00303603  -0.00282405  0.00430958  0  
