0  -0.0163801  -0.00434009  -0.00348806  -0.00499471  0.00132564  
0.0163801  0  0.00464294  0.0356184  0.000781509  0.00361073  
0.00434009  -0.00464294  0  0.0172582  0.000262422  0.000968874  
0.00348806  -0.0356184  -0.0172582  0  0.0342758  -0.00999945  
0.00499471  -0.000781509  -0.000262422  -0.0342758  0  -0.000602839  
-0.00132564  -0.00361073  -0.000968874  0.00999945  0.000602839  0  
