0  0.0194012  0.00924456  0.0093632  0.0158367  -0.0131118  
-0.0194012  0  -0.0137363  -0.0014361  -0.00269021  -0.00466005  
-0.00924456  0.0137363  0  0.000652455  -0.00179305  -0.00547127  
-0.0093632  0.0014361  -0.000652455  0  0.00842368  -0.00806647  
-0.0158367  0.00269021  0.00179305  -0.00842368  0  0.0546115  
0.0131118  0.00466005  0.00547127  0.00806647  -0.0546115  0  
