0.99914  -0.0347814  -0.0124661  0.00037189  0.00153556  6.266e-05  
0.0350172  0.999102  0.00764804  -0.00335269  -0.00098805  -0.00074597  
-0.0121847  0.00827502  -0.999712  -0.00040884  0.00409075  -0.00355534  
-0.00035135  0.0035235  -0.00011542  0.999607  0.0114244  -0.0077542  
-0.00126096  0.00094431  0.00379955  -0.0105265  0.996564  0.0798752  
-0.00014757  0.00098855  -0.00380859  0.00859079  -0.0798299  0.996317  
