0  -0.00898308  -0.00107847  0.0024975  -0.00123502  -0.000485061  
0.00898308  0  -0.00675517  -0.00341171  0.000372877  0.000965938  
0.00107847  0.00675517  0  -0.000460749  0.00495901  -0.00250789  
-0.0024975  0.00341171  0.000460749  0  0.00829757  -0.00294764  
0.00123502  -0.000372877  -0.00495901  -0.00829757  0  0.0204309  
0.000485061  -0.000965938  0.00250789  0.00294764  -0.0204309  0  
