0  -0.14878  0.00145298  0.00289969  -0.0051946  -0.000407806  
0.14878  0  -0.00966577  -0.0320105  0.0637681  -0.0160672  
-0.00145298  0.00966577  0  0.0146464  -0.0299539  0.00531683  
-0.00289969  0.0320105  -0.0146464  0  -0.0118878  -0.00160621  
0.0051946  -0.0637681  0.0299539  0.0118878  0  0.00819477  
0.000407806  0.0160672  -0.00531683  0.00160621  -0.00819477  0  
