0.999908  1.314e-05  -3.222e-05  -8.95e-05  2.239e-05  -1.524e-05  
1.314e-05  1.00001  -3.189e-05  6.19e-06  3.015e-05  -3.487e-05  
-3.222e-05  -3.189e-05  1  -7.16e-06  7.314e-05  -2.98e-05  
-8.95e-05  6.19e-06  -7.16e-06  1  -1.372e-05  -1.939e-05  
2.239e-05  3.015e-05  7.314e-05  -1.372e-05  1.00002  -1.241e-05  
-1.524e-05  -3.487e-05  -2.98e-05  -1.939e-05  -1.241e-05  0.999974  
