0  0.0259714  0.00774137  -6.99719e-05  -0.0016968  -0.00314295  
-0.0259714  0  0.00411882  -0.00743549  -0.00458193  -0.000805735  
-0.00774137  -0.00411882  0  -0.000514183  0.003761  -0.00622376  
6.99719e-05  0.00743549  0.000514183  0  0.00200272  0.0096791  
0.0016968  0.00458193  -0.003761  -0.00200272  0  -0.0795017  
0.00314295  0.000805735  0.00622376  -0.0096791  0.0795017  0  
