0  -0.00748757  0.00164966  0.00340937  0.00723088  -0.00283131  
0.00748757  0  -0.0337225  -0.00174501  -0.000371584  0.000220467  
-0.00164966  0.0337225  0  -0.0156577  -0.0327717  0.0126536  
-0.00340937  0.00174501  0.0156577  0  -0.0108283  0.0023895  
-0.00723088  0.000371584  0.0327717  0.0108283  0  0.0240228  
0.00283131  -0.000220467  -0.0126536  -0.0023895  -0.0240228  0  
