0  -0.000155313  -0.0197929  0.000692972  0.000710392  0.000473979  
0.000155313  0  0.00656734  0.00511025  -0.000883536  0.00149215  
0.0197929  -0.00656734  0  0.000205723  -0.0048438  0.00168365  
-0.000692972  -0.00511025  -0.000205723  0  -0.0098563  -0.0222453  
-0.000710392  0.000883536  0.0048438  0.0098563  0  0.0168328  
-0.000473979  -0.00149215  -0.00168365  0.0222453  -0.0168328  0  
