0.999347  0.0295122  0.00699628  0.00244859  -0.00317013  0.00028858  
-0.0294868  0.999419  0.00986663  0.0029939  9.55e-06  0.00278505  
-0.00689129  -0.0100301  0.999817  0.00114727  0.00276345  0.0002851  
-0.00231977  -0.00312202  -0.00115221  0.999888  0.00530732  0.00862934  
0.0031843  0.00012186  -0.00271  -0.00506126  0.999494  -0.0261814  
-0.00010378  -0.00265971  -0.00037437  -0.00880236  0.0261675  0.999464  
