0  -0.00874029  -0.00115504  -0.00184963  -0.00407193  0.000361174  
0.00874029  0  -0.00624979  0.00861608  -0.000353526  0.00337986  
0.00115504  0.00624979  0  -0.000651336  0.00910379  -0.00186399  
0.00184963  -0.00861608  0.000651336  0  -0.00802876  -0.00367048  
0.00407193  0.000353526  -0.00910379  0.00802876  0  -0.0117532  
-0.000361174  -0.00337986  0.00186399  0.00367048  0.0117532  0  
