1.00004  5.744e-05  6.82e-06  -4.086e-05  3.677e-05  2.538e-05  
5.744e-05  1.00003  -2.313e-05  -5.243e-05  -8.76e-06  -5.175e-05  
6.82e-06  -2.313e-05  0.99997  -3.24e-06  4.7e-06  8.14e-06  
-4.086e-05  -5.243e-05  -3.24e-06  1.00008  -6.582e-05  -2.989e-05  
3.677e-05  -8.76e-06  4.7e-06  -6.582e-05  0.999998  -4.572e-05  
2.538e-05  -5.175e-05  8.14e-06  -2.989e-05  -4.572e-05  0.999984  
