1.00009  -4.164e-05  -1.911e-05  -3.525e-05  1.43e-05  -5.225e-05  
-4.164e-05  0.999907  -5.65e-06  -1.142e-05  7.551e-05  -3e-08  
-1.911e-05  -5.65e-06  0.999974  -7.94e-06  7.049e-05  1.739e-05  
-3.525e-05  -1.142e-05  -7.94e-06  1.00003  1.03e-05  -3.383e-05  
1.43e-05  7.551e-05  7.049e-05  1.03e-05  0.999988  -7.43e-06  
-5.225e-05  -3e-08  1.739e-05  -3.383e-05  -7.43e-06  1.00004  
