0.999958  2.526e-05  -3.261e-05  -2.886e-05  -4.165e-05  -1.115e-05  
2.526e-05  1.00003  5.403e-05  -4.803e-05  -2.789e-05  4.85e-05  
-3.261e-05  5.403e-05  1.00001  2.225e-05  -5.29e-06  4.277e-05  
-2.886e-05  -4.803e-05  2.225e-05  1.00006  4.306e-05  -2.86e-06  
-4.165e-05  -2.789e-05  -5.29e-06  4.306e-05  1.00003  -3.792e-05  
-1.115e-05  4.85e-05  4.277e-05  -2.86e-06  -3.792e-05  0.999984  
