0  -0.00462183  0.00084712  0.00122953  -0.00269145  -0.000211232  
0.00462183  0  0.0351471  0.0347419  0.0700099  -0.00547705  
-0.00084712  -0.0351471  0  6.80861e-05  0.00315409  -0.000408961  
-0.00122953  -0.0347419  -6.80861e-05  0  0.0057428  0.000270521  
0.00269145  -0.0700099  -0.00315409  -0.0057428  0  -0.0343011  
0.000211232  0.00547705  0.000408961  -0.000270521  0.0343011  0  
