0  0.0151984  0.00198257  0.00468078  -0.00397773  0.00339758  
-0.0151984  0  0.0286996  0.0271634  -0.0203809  0.0624957  
-0.00198257  -0.0286996  0  -0.000130841  0.00275556  -0.0091993  
-0.00468078  -0.0271634  0.000130841  0  0.0046761  -0.0119212  
0.00397773  0.0203809  -0.00275556  -0.0046761  0  0.198348  
-0.00339758  -0.0624957  0.0091993  0.0119212  -0.198348  0  
