0  -0.0196884  0.00412945  -0.00460471  -0.00110698  -4.13328e-05  
0.0196884  0  -0.00223106  -0.0324977  -0.00039522  -0.00351945  
-0.00412945  0.00223106  0  0.0136846  0.0124344  -0.00115119  
0.00460471  0.0324977  -0.0136846  0  -0.0300818  0.0103626  
0.00110698  0.00039522  -0.0124344  0.0300818  0  -0.0682486  
4.13328e-05  0.00351945  0.00115119  -0.0103626  0.0682486  0  
