0  0.000820864  -0.00410731  0.000825122  -0.00197603  -0.000523477  
-0.000820864  0  0.00538003  -0.00343711  -0.000687732  -0.00276889  
0.00410731  -0.00538003  0  2.85338e-05  0.00336591  0.000591192  
-0.000825122  0.00343711  -2.85338e-05  0  -0.0058509  -0.00151295  
0.00197603  0.000687732  -0.00336591  0.0058509  0  -0.0231578  
0.000523477  0.00276889  -0.000591192  0.00151295  0.0231578  0  
