0.999438  0.00825773  0.00131418  0.00195857  0.00336931  -0.00307775  
-0.00828573  0.99938  -0.0025473  -0.0156089  -0.00447735  -0.00442862  
-0.001381  0.00250189  0.999645  -0.00013389  0.00962615  -0.0114601  
-0.00185683  0.0155232  -0.00028532  0.999642  0.00167396  -0.00335029  
-0.00329901  0.00456312  -0.00925527  -0.00158759  0.999199  0.0246262  
0.0031141  0.00424144  0.01176  0.00319845  -0.0245102  0.998934  
