0.999386  -0.0314309  0.00480693  -0.00159971  -0.00036657  0.00084221  
0.0313515  0.999414  0.00163391  0.00260708  -0.00045431  -0.00064627  
-0.00484296  -0.00155545  0.99984  0.00109775  0.00253965  -0.00179041  
0.00156415  -0.00269573  -0.00112761  0.999838  -0.00703295  -0.00561782  
-0.00036411  -0.00041761  0.00264194  -0.0067464  -0.997035  0.0745723  
-0.00073812  0.00057387  0.00177838  0.00612197  0.0747092  0.997045  
