0.999986  -2.055e-05  -5.153e-05  -5.49e-05  1.748e-05  4.945e-05  
-2.055e-05  0.999998  -4.275e-05  -2.44e-06  -2.551e-05  -5.132e-05  
-5.153e-05  -4.275e-05  1.00001  1.159e-05  4.251e-05  -4.985e-05  
-5.49e-05  -2.44e-06  1.159e-05  1.00001  -3.807e-05  -4.298e-05  
1.748e-05  -2.551e-05  4.251e-05  -3.807e-05  0.999986  -2.371e-05  
4.945e-05  -5.132e-05  -4.985e-05  -4.298e-05  -2.371e-05  0.999938  
