1.00009  3.985e-05  0.00010313  3.494e-05  9.43e-06  6.763e-05  
3.985e-05  0.999983  3.522e-05  8.71e-06  -2.474e-05  -1.787e-05  
0.00010313  3.522e-05  0.999969  -3.09e-05  -3.032e-05  6.876e-05  
3.494e-05  8.71e-06  -3.09e-05  0.999923  1.83e-05  -4.153e-05  
9.43e-06  -2.474e-05  -3.032e-05  1.83e-05  1.00002  -5.3e-05  
6.763e-05  -1.787e-05  6.876e-05  -4.153e-05  -5.3e-05  0.99999  
