0.999931  2.117e-05  2.496e-05  2.503e-05  -2.518e-05  5.196e-05  
2.117e-05  0.999951  -3.18e-05  4.328e-05  7.436e-05  2.048e-05  
2.496e-05  -3.18e-05  1.00003  -4.527e-05  3.28e-05  3.454e-05  
2.503e-05  4.328e-05  -4.527e-05  0.999931  5e-08  -6.406e-05  
-2.518e-05  7.436e-05  3.28e-05  5e-08  1.00005  -8.03e-06  
5.196e-05  2.048e-05  3.454e-05  -6.406e-05  -8.03e-06  1.00006  
