0  0.0201318  -0.00442542  0.00234099  0.00200617  -0.00063105  
-0.0201318  0  0.00715972  0.00482694  0.000879106  0.00387034  
0.00442542  -0.00715972  0  0.00101347  -0.00488244  0.00310917  
-0.00234099  -0.00482694  -0.00101347  0  -0.00347356  -0.00110616  
-0.00200617  -0.000879106  0.00488244  0.00347356  0  0.0473049  
0.00063105  -0.00387034  -0.00310917  0.00110616  -0.0473049  0  
