0  0.0114245  -0.004503  -0.000942492  -0.0012217  0.00145214  
-0.0114245  0  -0.0114328  0.00138825  0.000524014  -0.000328243  
0.004503  0.0114328  0  0.000330893  0.00210306  -0.000693271  
0.000942492  -0.00138825  -0.000330893  0  -0.00883217  -0.0022883  
0.0012217  -0.000524014  -0.00210306  0.00883217  0  -0.0307237  
-0.00145214  0.000328243  0.000693271  0.0022883  0.0307237  0  
