0  0.0211972  -0.00179421  -0.000221592  0.00547763  -0.00250791  
-0.0211972  0  0.0250891  -0.00176378  -0.00185138  -0.00575163  
0.00179421  -0.0250891  0  -0.00966108  0.0228563  -0.00996229  
0.000221592  0.00176378  0.00966108  0  -0.000907857  -0.00167425  
-0.00547763  0.00185138  -0.0228563  0.000907857  0  -0.0217379  
0.00250791  0.00575163  0.00996229  0.00167425  0.0217379  0  
