0.995718  -0.0886858  -0.00262097  -0.00098019  -0.00071528  -0.00075942  
0.0888992  0.995786  -0.00753561  -5.493e-05  0.00046391  0.00077728  
0.00315446  0.00732059  0.999746  -0.00011508  0.00097875  0.00072467  
-0.00116998  7.497e-05  -4.494e-05  -0.999645  -0.00691412  -0.00371513  
0.00071891  -0.00063887  -0.00106628  -0.00739523  0.991861  0.125563  
0.00065221  -0.00073826  -0.00032183  -0.00282423  -0.125552  0.991691  
