-0.99924  0.00890971  -0.00225946  -0.0022982  -0.00166702  -0.00047272  
0.0088285  0.999785  -0.00058189  -0.00335309  0.00067176  -0.00209097  
-0.00228269  0.00074527  0.999716  -0.00111035  0.00474583  -0.00105503  
-0.00225069  0.0033277  0.0010425  0.999792  0.00029779  -0.00065261  
-0.00177526  -0.00043933  -0.00464371  -6.202e-05  0.997307  0.0669114  
-0.00042249  0.0020101  0.00134285  0.00043524  -0.0670722  0.997061  
