0  -0.038612  -0.00996601  -0.00110876  -0.000948538  -0.000682286  
0.038612  0  -0.00373439  0.0324109  -0.000251163  0.000720538  
0.00996601  0.00373439  0  -0.0169495  -0.0027809  0.00138037  
0.00110876  -0.0324109  0.0169495  0  -0.0323738  0.00561129  
0.000948538  0.000251163  0.0027809  0.0323738  0  0.029776  
0.000682286  -0.000720538  -0.00138037  -0.00561129  -0.029776  0  
