0  -0.0185278  0.00835349  0.0076982  0.000820383  -0.0192076  
0.0185278  0  0.0011078  -0.000207773  -0.0199269  -0.000271159  
-0.00835349  -0.0011078  0  0.000177535  0.0106147  0.00143725  
-0.0076982  0.000207773  -0.000177535  0  0.00754388  -0.000248254  
-0.000820383  0.0199269  -0.0106147  -0.00754388  0  -0.368799  
0.0192076  0.000271159  -0.00143725  0.000248254  0.368799  0  
