0.999376  0.0261421  0.00384725  0.00102325  0.00395955  -0.00075011  
-0.0261045  0.999461  -0.00992934  0.00036296  -0.00018332  -0.00404492  
-0.00426012  0.00972787  0.999817  -0.00203062  -0.00065916  -0.00222369  
-0.0012055  -0.00032551  0.00198419  0.99973  0.0158627  -0.00289451  
-0.00389432  4.064e-05  0.00059365  -0.0161709  0.998881  -0.0383001  
0.00042362  0.00421635  0.0021002  0.00225861  0.0381845  0.998976  
