0  -0.0211261  0.00324666  -0.00143942  -0.00500119  0.000420509  
0.0211261  0  0.00725665  0.00674444  0.000943118  0.00500596  
-0.00324666  -0.00725665  0  -0.000592998  -0.00673665  0.00267705  
0.00143942  -0.00674444  0.000592998  0  -0.0113692  -0.0014443  
0.00500119  -0.000943118  0.00673665  0.0113692  0  0.0279594  
-0.000420509  -0.00500596  -0.00267705  0.0014443  -0.0279594  0  
