0  -0.0299548  0.00409628  -0.00244109  0.000896197  -0.000842953  
0.0299548  0  -0.00930497  -0.00262385  0.000260253  0.00105791  
-0.00409628  0.00930497  0  0.000858333  0.00134085  -0.00389382  
0.00244109  0.00262385  -0.000858333  0  0.00923651  -0.00138475  
-0.000896197  -0.000260253  -0.00134085  -0.00923651  0  -0.0170928  
0.000842953  -0.00105791  0.00389382  0.00138475  0.0170928  0  
