1.00004  -2.913e-05  1.444e-05  -5e-08  1.343e-05  -2.639e-05  
-2.913e-05  0.999973  -0.00010072  -6.79e-06  6.687e-05  4.115e-05  
1.444e-05  -0.00010072  1.00005  4.199e-05  -3.116e-05  -1.391e-05  
-5e-08  -6.79e-06  4.199e-05  0.999937  4.145e-05  -3.403e-05  
1.343e-05  6.687e-05  -3.116e-05  4.145e-05  1.00009  -4.134e-05  
-2.639e-05  4.115e-05  -1.391e-05  -3.403e-05  -4.134e-05  1.00002  
