0  0.0748932  -0.00708856  0.00634305  -0.000426088  -0.000497317  
-0.0748932  0  0.013545  0.000189721  -0.000559953  -0.000680331  
0.00708856  -0.013545  0  -0.00074145  0.00104129  0.00556273  
-0.00634305  -0.000189721  0.00074145  0  0.015401  -0.00967354  
0.000426088  0.000559953  -0.00104129  -0.015401  0  -0.0862628  
0.000497317  0.000680331  -0.00556273  0.00967354  0.0862628  0  
