0.998442  0.0421624  -0.00836056  0.00605538  -0.00119729  9.36e-06  
-0.0425211  0.998225  -0.0362177  0.00844409  -0.00126046  3.312e-05  
0.00686352  0.0364418  0.999151  -0.00055315  0.00824554  -0.00489377  
-0.00548158  -0.00854627  0.0014129  0.999236  -0.0257239  0.0210995  
0.00075718  0.00062254  -0.00852882  0.02653  0.998758  -0.0352311  
0.00037936  0.00071492  0.00468065  -0.0201109  0.0357928  0.998479  
