0  -0.0127446  0.00518748  -0.00297244  -0.00132227  0.000251127  
0.0127446  0  -0.00729476  -0.00628906  -0.000546637  -0.00149025  
-0.00518748  0.00729476  0  -0.000799376  0.00488252  -0.00364126  
0.00297244  0.00628906  0.000799376  0  0.0122452  0.00608789  
0.00132227  0.000546637  -0.00488252  -0.0122452  0  -0.0187004  
-0.000251127  0.00149025  0.00364126  -0.00608789  0.0187004  0  
