0.999268  0.0263473  -0.00408393  0.00195051  -0.00526617  0.00059896  
-0.0264181  0.999369  -0.0164931  -0.0047813  0.00042989  0.00567502  
0.00370232  0.0166655  0.999633  0.00218461  0.00486102  -0.00235019  
-0.00208082  0.00465364  -0.00241068  0.999678  0.014526  0.00735198  
0.00539964  4.183e-05  -0.00512387  -0.0140363  0.997118  -0.0718255  
-0.00022918  -0.00556514  0.00214099  -0.00839174  0.0717299  0.996978  
