0  -0.0381505  0.00208088  -0.00203332  -0.00135531  0.00131732  
0.0381505  0  0.028132  -0.0283552  -8.35312e-05  -0.000627868  
-0.00208088  -0.028132  0  -0.00020361  0.0265669  -0.00916564  
0.00203332  0.0283552  0.00020361  0  -0.0271036  0.00941106  
0.00135531  8.35312e-05  -0.0265669  0.0271036  0  -0.0187024  
-0.00131732  0.000627868  0.00916564  -0.00941106  0.0187024  0  
