1.00011  2.957e-05  3.142e-05  5.486e-05  4.17e-05  1.367e-05  
2.957e-05  1.00002  -6.56e-05  -4.368e-05  2.987e-05  5.407e-05  
3.142e-05  -6.56e-05  1.00002  6.085e-05  -2.97e-06  -5.657e-05  
5.486e-05  -4.368e-05  6.085e-05  0.999957  2.283e-05  -5.307e-05  
4.17e-05  2.987e-05  -2.97e-06  2.283e-05  1.00008  1.15e-06  
1.367e-05  5.407e-05  -5.657e-05  -5.307e-05  1.15e-06  0.999966  
