0  -0.011032  -0.00529611  0.00575378  0.0102412  -0.00499661  
0.011032  0  -0.00848599  -0.00916986  -0.000406015  -0.00170764  
0.00529611  0.00848599  0  -0.000188836  0.0076253  -0.00395968  
-0.00575378  0.00916986  0.000188836  0  0.00544346  -0.00251297  
-0.0102412  0.000406015  -0.0076253  -0.00544346  0  -0.0297047  
0.00499661  0.00170764  0.00395968  0.00251297  0.0297047  0  
