0.999325  0.0296427  0.00857845  -0.00120188  -0.00183446  0.00116384  
-0.0296106  0.999273  -0.00463396  0.0101479  0.00120396  0.00149904  
-0.00879147  0.00431255  0.99965  -0.00081613  0.00878735  -0.00516673  
0.00142276  -0.0100619  0.00082205  0.999659  -0.00010312  0.009119  
0.0021289  -0.00087731  -0.00952251  0.00151194  0.990806  -0.132954  
-0.0008514  -0.00156023  0.00402689  -0.00909474  0.133029  0.990784  
