0  -0.0583598  0.00628342  -0.00233565  -0.00294696  0.00100411  
0.0583598  0  0.0129209  0.00282093  0.000265538  0.00195053  
-0.00628342  -0.0129209  0  0.00017839  -0.00386335  0.00317376  
0.00233565  -0.00282093  -0.00017839  0  -0.0110117  0.00130168  
0.00294696  -0.000265538  0.00386335  0.0110117  0  0.0322118  
-0.00100411  -0.00195053  -0.00317376  -0.00130168  -0.0322118  0  
