0.999713  0.00141245  0.0057289  -0.00257876  -0.00382808  0.00134915  
-0.00121878  0.999703  -0.0184066  0.00113662  -0.00122207  -0.00466502  
-0.00561213  0.0183892  0.999619  -0.00061483  -0.00143665  -0.00260337  
0.00266839  -0.00108698  0.00069931  0.999507  0.0227709  0.00056355  
0.00381188  0.00139741  0.00141134  -0.0229395  0.999623  0.00645106  
-0.00129187  0.00473766  0.00248411  -0.00063057  -0.0067732  0.999591  
