1.00001  3.53e-06  3.522e-05  -3.557e-05  -3.087e-05  -3.473e-05  
3.53e-06  0.999976  1.46e-06  3.161e-05  -1.022e-05  2.412e-05  
3.522e-05  1.46e-06  1.00004  0.00011088  -2.5e-05  -1.364e-05  
-3.557e-05  3.161e-05  0.00011088  1.00005  5.39e-06  1.52e-06  
-3.087e-05  -1.022e-05  -2.5e-05  5.39e-06  1.00009  1.698e-05  
-3.473e-05  2.412e-05  -1.364e-05  1.52e-06  1.698e-05  0.999981  
