-0.996877  -0.0757463  -0.00689172  -0.00339533  0.00320518  -0.00144212  
-0.0758846  0.99692  0.00934774  0.0101928  0.00164296  0.0028921  
-0.00601107  -0.00998769  0.999658  -0.00103263  0.00917473  0.00140005  
-0.00250571  -0.0104981  0.00046922  0.999538  0.0133913  0.00718246  
-0.00343865  0.00081343  0.00884775  0.0126079  -0.994352  0.10348  
-0.00087998  -0.00316421  -0.00254828  -0.00861315  0.103323  0.994253  
