1.00007  4.229e-05  -2.635e-05  -3.767e-05  4.873e-05  2.69e-06  
4.229e-05  1.00011  1.233e-05  -4.034e-05  -1.012e-05  -3.509e-05  
-2.635e-05  1.233e-05  1.0001  -5.64e-06  -2.075e-05  -1.605e-05  
-3.767e-05  -4.034e-05  -5.64e-06  1.00001  1.206e-05  1.387e-05  
4.873e-05  -1.012e-05  -2.075e-05  1.206e-05  0.999935  4.815e-05  
2.69e-06  -3.509e-05  -1.605e-05  1.387e-05  4.815e-05  0.999962  
