0.999582  -0.00454737  0.013794  -0.00061425  -0.00580004  0.00069948  
0.0045522  0.999663  0.00449517  -0.00288356  -0.0005557  0.0067452  
-0.0138454  -0.00443154  0.99972  -0.00083927  0.00261903  0.00058587  
0.00057727  0.00288808  0.00099945  0.999654  -0.00274141  -0.0157188  
0.00602828  0.00067997  -0.00250744  0.00225324  0.999377  -0.0264603  
-0.00043625  -0.00660815  -0.00058996  0.0155346  0.0264397  0.999032  
