0.999983  -4.207e-05  -9.04e-06  3.218e-05  -4.24e-05  -7.096e-05  
-4.207e-05  0.999964  1.001e-05  -3.712e-05  2.107e-05  1.434e-05  
-9.04e-06  1.001e-05  0.999998  5.543e-05  4.748e-05  -4.156e-05  
3.218e-05  -3.712e-05  5.543e-05  1.00005  -1.065e-05  6.77e-05  
-4.24e-05  2.107e-05  4.748e-05  -1.065e-05  1.00001  2.09e-05  
-7.096e-05  1.434e-05  -4.156e-05  6.77e-05  2.09e-05  0.999927  
