0  -0.0183974  -0.00608441  0.00119928  0.00238301  -0.000971912  
0.0183974  0  0.0025283  -0.00634007  -0.00171645  -0.00612688  
0.00608441  -0.0025283  0  0.000561927  -0.00527533  0.00461612  
-0.00119928  0.00634007  -0.000561927  0  -8.62891e-05  -0.00746408  
-0.00238301  0.00171645  0.00527533  8.62891e-05  0  0.0822438  
0.000971912  0.00612688  -0.00461612  0.00746408  -0.0822438  0  
