1.00001  6.785e-05  4.34e-06  3.419e-05  -1.152e-05  5.265e-05  
6.785e-05  0.9999  -7.59e-06  7.55e-06  5.08e-06  2.506e-05  
4.34e-06  -7.59e-06  0.999993  -3.306e-05  7.036e-05  -8.14e-06  
3.419e-05  7.55e-06  -3.306e-05  1.00018  -5.177e-05  -4.198e-05  
-1.152e-05  5.08e-06  7.036e-05  -5.177e-05  0.999997  5.327e-05  
5.265e-05  2.506e-05  -8.14e-06  -4.198e-05  5.327e-05  1  
