1.00007  -5.505e-05  -4.14e-06  -3.703e-05  -4.512e-05  -0.00010626  
-5.505e-05  1.00006  -1.172e-05  -2.386e-05  6.923e-05  -2.899e-05  
-4.14e-06  -1.172e-05  0.99999  1.405e-05  -6.379e-05  2.659e-05  
-3.703e-05  -2.386e-05  1.405e-05  0.9999  3.526e-05  -1.515e-05  
-4.512e-05  6.923e-05  -6.379e-05  3.526e-05  0.999911  1.881e-05  
-0.00010626  -2.899e-05  2.659e-05  -1.515e-05  1.881e-05  1.00004  
