0  0.00121443  0.00446005  -6.43968e-05  0.00244708  -0.0003501  
-0.00121443  0  0.00184274  -0.00408175  -0.00101294  -0.0019143  
-0.00446005  -0.00184274  0  -0.000177735  -0.0037657  0.00216331  
6.43968e-05  0.00408175  0.000177735  0  0.00737379  0.005405  
-0.00244708  0.00101294  0.0037657  -0.00737379  0  0.00628335  
0.0003501  0.0019143  -0.00216331  -0.005405  -0.00628335  0  
