0.997934  0.0537887  -0.00817973  -0.00033801  0.00385246  0.00104669  
-0.0539301  0.998098  -0.0066286  -0.00632544  -3.066e-05  0.00418566  
0.00806522  0.00707617  0.99968  0.00041928  -0.00448968  -0.00321111  
-2.373e-05  0.00617462  -0.00058032  0.999732  -0.00901064  0.0052814  
-0.00398324  -0.00072596  0.00503719  0.00820956  0.98898  0.143983  
-2.486e-05  -0.00426105  0.00244521  -0.00621889  -0.1435  0.989  
