0  0.0103669  -0.00768265  -0.000420815  0.00146863  -0.000701799  
-0.0103669  0  -0.000212377  0.00066091  -0.000510033  -0.00388535  
0.00768265  0.000212377  0  -0.000438014  -0.00139011  -0.000612873  
0.000420815  -0.00066091  0.000438014  0  0.00172709  0.00936518  
-0.00146863  0.000510033  0.00139011  -0.00172709  0  0.0279224  
0.000701799  0.00388535  0.000612873  -0.00936518  -0.0279224  0  
