0.999955  1.119e-05  2.203e-05  8.7e-06  -1.02e-05  3.615e-05  
1.119e-05  0.999976  -3.069e-05  -1.67e-05  -5.331e-05  -5.029e-05  
2.203e-05  -3.069e-05  1.00002  -3.841e-05  1.673e-05  4.253e-05  
8.7e-06  -1.67e-05  -3.841e-05  1.00002  -5.893e-05  0.00010809  
-1.02e-05  -5.331e-05  1.673e-05  -5.893e-05  0.999993  -2.846e-05  
3.615e-05  -5.029e-05  4.253e-05  0.00010809  -2.846e-05  0.99993  
