0.995823  -0.084923  0.00542219  -0.00041172  -0.00023924  4.831e-05  
0.084805  0.996166  -0.00583841  0.00904346  0.00053522  0.00090074  
-0.00524164  0.00624371  0.999799  -1.801e-05  0.00624332  -0.00531195  
-0.00027462  -0.009062  0.00012129  0.999729  -0.00839537  -0.00766598  
0.00025552  0.00015005  -0.00812768  0.00171795  0.773295  -0.633779  
0.00021226  -0.00118803  0.00028278  0.0109378  0.633478  0.772929  
