0  -0.045519  0.00662239  -0.00318452  0.000363748  0.0014306  
0.045519  0  -0.00310406  -0.00719551  0.000364097  0.00534491  
-0.00662239  0.00310406  0  -0.000261536  0.00709371  -0.00649689  
0.00318452  0.00719551  0.000261536  0  0.00161661  0.0020604  
-0.000363748  -0.000364097  -0.00709371  -0.00161661  0  -0.134547  
-0.0014306  -0.00534491  0.00649689  -0.0020604  0.134547  0  
