1.00016  -1.189e-05  4.617e-05  1.046e-05  4.3e-07  -7.548e-05  
-1.189e-05  0.999989  3.689e-05  4.453e-05  -3.256e-05  1.801e-05  
4.617e-05  3.689e-05  1.00001  5.549e-05  -4.271e-05  1.713e-05  
1.046e-05  4.453e-05  5.549e-05  0.999877  -4.14e-06  6.463e-05  
4.3e-07  -3.256e-05  -4.271e-05  -4.14e-06  0.999994  3.87e-06  
-7.548e-05  1.801e-05  1.713e-05  6.463e-05  3.87e-06  1.00002  
