0  0.0116096  0.0131121  0.00384791  0.00287553  -0.00107708  
-0.0116096  0  0.016013  0.00304179  0.000190169  -0.00229496  
-0.0131121  -0.016013  0  0.00073649  -0.00256802  0.00635939  
-0.00384791  -0.00304179  -0.00073649  0  -0.0155418  0.0211938  
-0.00287553  -0.000190169  0.00256802  0.0155418  0  0.0932495  
0.00107708  0.00229496  -0.00635939  -0.0211938  -0.0932495  0  
