0.99996  -8.75e-06  2.907e-05  -4.152e-05  6.41e-06  -8.35e-06  
-8.75e-06  1.00003  1.61e-06  -1.835e-05  -1.422e-05  1.793e-05  
2.907e-05  1.61e-06  0.999995  -4.846e-05  3.448e-05  -2.628e-05  
-4.152e-05  -1.835e-05  -4.846e-05  0.999945  4.997e-05  1.05e-06  
6.41e-06  -1.422e-05  3.448e-05  4.997e-05  0.999977  -5.06e-05  
-8.35e-06  1.793e-05  -2.628e-05  1.05e-06  -5.06e-05  0.99999  
