0.999733  -0.00314422  0.0115954  0.00351532  -0.00349874  0.00176577  
0.00317096  0.999474  -0.0247114  -0.00114821  -0.00153322  -0.00316045  
-0.0114257  0.0247785  0.999451  0.00025165  -0.00070962  -0.00283146  
-0.00360277  0.00100447  -0.00051425  0.999398  -0.0262838  -0.001819  
0.00344943  0.00131761  0.00058526  0.0261914  0.998235  -0.0484646  
-0.0016847  0.00345135  0.00269516  0.00320518  0.0485912  0.99858  
