0.997411  -0.0649149  0.00014409  -0.00242019  0.00564745  -5.998e-05  
0.0653292  0.997355  0.0116472  -0.0170511  -0.00074223  -0.00650315  
-0.00092556  -0.0117345  0.999653  -0.00044212  0.0169882  0.00043167  
0.00345661  0.0168006  0.00066472  0.999619  -0.00679506  0.00538562  
-0.00559002  0.00191057  -0.0170624  0.00614488  0.995662  0.0877133  
0.00097767  0.00599226  0.00107179  -0.00581305  -0.0872244  0.995478  
