0  -0.0111475  -0.00504753  -0.00127509  0.00264067  -0.000196123  
0.0111475  0  -0.0308859  0.00476057  0.000512725  0.00385377  
0.00504753  0.0308859  0  -0.0128044  -0.0288717  0.013577  
0.00127509  -0.00476057  0.0128044  0  -0.000581309  -0.00675077  
-0.00264067  -0.000512725  0.0288717  0.000581309  0  0.0182832  
0.000196123  -0.00385377  -0.013577  0.00675077  -0.0182832  0  
