0.986731  0.159616  0.0193914  -0.00037153  0.00096925  0.00203199  
-0.159529  0.98695  -0.0150471  -0.00110495  0.00289177  -0.00165466  
-0.0215327  0.0117883  0.99965  0.00051978  -0.00052463  0.00204072  
0.00013959  0.00112254  -0.00060445  0.999615  0.0209526  0.00784595  
-0.00067886  -0.0026203  0.00028415  -0.0220251  0.984505  0.172518  
-0.0022021  0.00154915  -0.00210263  -0.00388174  -0.172481  0.984826  
