0.992386  -0.121602  -0.00066673  0.00158812  0.00787348  -0.00334507  
0.121532  0.992316  -0.0108276  -0.00363428  0.00356918  0.00722698  
0.0021419  0.0106405  0.999854  -0.00111759  -0.00421689  -0.00061304  
-0.00102567  0.00362578  0.00112894  0.999777  -0.0116319  0.00592077  
0.00857691  0.00021463  -0.00385695  -0.0128947  -0.961211  0.27492  
0.00020682  -0.00803396  0.00183522  -0.00248333  0.274956  0.961377  
