0.996552  0.0781505  0.00669928  0.00131244  -0.00279727  0.00045666  
-0.0784563  0.996701  0.00473696  0.00056124  -0.00027693  -0.00251505  
-0.00624723  -0.00505643  0.999753  -0.00050237  -0.000472  0.00126106  
-0.00133038  -0.00053924  0.00038657  0.999802  -0.00945952  0.00504668  
0.00263669  0.00061117  0.00040037  0.0091284  0.995973  0.086235  
-0.00076957  0.00244966  -0.00117609  -0.0059314  -0.085793  0.99565  
