0  0.0265324  0.0149207  0.000186473  -0.00272634  0.000177031  
-0.0265324  0  -0.00071569  0.00461239  0.000417873  0.00163167  
-0.0149207  0.00071569  0  -0.000769207  -0.00483701  0.000955456  
-0.000186473  -0.00461239  0.000769207  0  0.00304106  -0.0144087  
0.00272634  -0.000417873  0.00483701  -0.00304106  0  -0.006391  
-0.000177031  -0.00163167  -0.000955456  0.0144087  0.006391  0  
