0  0.127243  0.000482655  0.00273667  -0.0073228  0.0043066  
-0.127243  0  0.007794  0.00803215  -0.00397739  -0.00990597  
-0.000482655  -0.007794  0  0.00030097  -0.00569801  0.00612718  
-0.00273667  -0.00803215  -0.00030097  0  -0.00647791  0.0062695  
0.0073228  0.00397739  0.00569801  0.00647791  0  0.182836  
-0.0043066  0.00990597  -0.00612718  -0.0062695  -0.182836  0  
