-0.998941  -0.0334843  0.00766835  -0.00422737  -0.0011012  0.00058316  
-0.0330325  0.998973  0.0212279  0.00015627  -0.00149985  0.0006676  
0.0083625  -0.0210529  0.9995  -0.00083921  0.00098586  0.00106874  
-0.00414065  -0.00034033  0.00091026  0.999668  -0.0147286  -0.00102415  
-0.00088092  0.00106639  -0.00122972  0.0141139  0.936506  0.34917  
0.00093244  -0.00110786  -0.00079264  -0.00433229  -0.349315  0.936725  
