0  0.0275045  0.000418054  -0.00209932  0.000549948  0.000259697  
-0.0275045  0  -0.0138224  -0.00451428  -0.00410743  -0.00229713  
-0.000418054  0.0138224  0  -0.000337705  -0.000760959  -0.00523233  
0.00209932  0.00451428  0.000337705  0  0.00701657  -0.0103433  
-0.000549948  0.00410743  0.000760959  -0.00701657  0  -0.0459234  
-0.000259697  0.00229713  0.00523233  0.0103433  0.0459234  0  
