0.997031  0.0728865  -0.0153338  0.00239776  0.00358992  0.00030914  
-0.0730736  0.997062  -0.0156367  -0.00280939  0.0007215  -0.00309836  
0.0140879  0.0166545  0.999596  0.00287601  0.00385126  -0.00236245  
0.00268143  -0.00265334  0.00276924  -0.99943  -0.0158391  -0.0171531  
-0.00324389  -0.00184338  -0.00411051  -0.0113696  0.971334  -0.236658  
-0.00152909  0.00274368  0.00148893  -0.0204229  0.236312  0.971176  
