-0.996631  0.0793477  0.00396758  -0.0001773  -0.00157011  -0.0095133  
0.0791421  0.996439  0.0169381  -0.00716344  -0.00899916  0.00140942  
0.00256476  -0.0172032  0.99963  -0.00098443  0.00177756  0.00674678  
0.00057158  0.00712929  0.0010329  0.999599  0.00267845  -0.0188957  
-0.00799696  0.00531166  -0.00621373  0.0130345  0.628938  0.776988  
0.00543599  0.00753703  0.00301235  -0.0139053  0.777139  -0.628815  
