0  0.0216434  0.00164823  0.00185741  0.00253234  -4.27019e-05  
-0.0216434  0  -0.00106793  -0.00245443  4.32449e-06  -0.00221228  
-0.00164823  0.00106793  0  0.000747351  0.00217261  -0.00211554  
-0.00185741  0.00245443  -0.000747351  0  0.00172154  -0.00372266  
-0.00253234  -4.32449e-06  -0.00217261  -0.00172154  0  -0.0171177  
4.27019e-05  0.00221228  0.00211554  0.00372266  0.0171177  0  
