0.999116  0.0363016  0.0160985  -0.00123767  -0.00268632  0.0001447  
-0.0367057  0.998962  0.0207645  0.0123094  4.335e-05  -0.00320858  
-0.0151987  -0.0213443  0.999471  -0.00074691  0.0135432  0.00115408  
0.00183175  -0.0123526  0.00021736  0.999469  0.0200282  -0.0157216  
0.00271863  0.0011045  -0.0134535  -0.0176149  0.989431  0.142253  
-0.00075048  0.00289082  0.00088541  0.0185017  -0.141941  0.9895  
