0  -0.0622679  -0.0018004  -0.00121741  0.00598035  -2.07734e-05  
0.0622679  0  0.0271894  0.0292203  0.000283228  -0.00819196  
0.0018004  -0.0271894  0  0.000321464  -0.0269076  -0.00279748  
0.00121741  -0.0292203  -0.000321464  0  -0.0268863  -0.00186069  
-0.00598035  -0.000283228  0.0269076  0.0268863  0  0.0925769  
2.07734e-05  0.00819196  0.00279748  0.00186069  -0.0925769  0  
