0.998619  0.0431242  -0.0131705  0.00114896  -0.00441758  0.00185801  
-0.0430385  0.998818  -0.00227437  -0.0032262  0.00096272  0.00476437  
0.0130489  0.00271314  0.999615  0.00212719  0.00357427  0.00030709  
0.00141245  -0.00307907  0.00205559  -0.999572  -0.00098948  -0.0134822  
0.00468714  -0.00061333  -0.00370528  -0.00025692  0.998001  -0.0579426  
-0.00120174  -0.00478418  -0.00049666  -0.0133567  0.0579524  0.997672  
