0.999282  -0.0268416  -0.01186  -0.00548722  0.00154277  -0.00107587  
0.0271964  0.999154  0.0168857  0.00678567  -7.33e-06  -0.00168108  
-0.0112901  0.0171087  -0.999582  0.00079444  0.00572018  -0.00518449  
-0.00544136  0.0069977  -0.00047907  -0.999615  0.00869292  -0.0175931  
-0.00148658  -1.19e-05  0.00554488  0.00774454  0.99861  0.0444177  
0.00123673  0.00163638  -0.00536524  -0.0180502  -0.0440721  0.998346  
