1.00001  5.336e-05  -4.917e-05  -7.846e-05  8.039e-05  -3.338e-05  
5.336e-05  1.00002  -3.344e-05  1.688e-05  2.307e-05  3.82e-05  
-4.917e-05  -3.344e-05  0.999982  5.945e-05  0.00010149  -3.207e-05  
-7.846e-05  1.688e-05  5.945e-05  1  -2.01e-06  1.694e-05  
8.039e-05  2.307e-05  0.00010149  -2.01e-06  1  -4.695e-05  
-3.338e-05  3.82e-05  -3.207e-05  1.694e-05  -4.695e-05  1.00003  
