0  -0.0107345  0.00438329  -0.000434417  -0.00224755  -0.000445798  
0.0107345  0  0.00414256  0.00209361  -0.0026706  -0.0100017  
-0.00438329  -0.00414256  0  -0.000789714  0.00357495  0.00332418  
0.000434417  -0.00209361  0.000789714  0  0.0024963  -0.00322898  
0.00224755  0.0026706  -0.00357495  -0.0024963  0  -0.134811  
0.000445798  0.0100017  -0.00332418  0.00322898  0.134811  0  
