0.997435  -0.066687  -0.0119437  -0.00281259  -2.13e-06  -0.00101334  
0.0666578  0.997508  0.00050789  0.0095343  0.00065934  0.00042437  
0.0115259  -0.00133846  0.999599  -0.00192092  0.00908051  -0.001969  
0.00210893  -0.00975982  0.00185943  0.999639  -5.104e-05  0.00834256  
-0.00024448  -0.00057846  -0.00930868  0.0008051  0.993873  -0.10715  
0.0009  -0.0004214  0.00076481  -0.00867212  0.107348  0.993945  
