0  0.017134  0.00489428  0.0109521  0.00357891  0.000958731  
-0.017134  0  -0.00477521  0.0334578  0.000700607  0.00454025  
-0.00489428  0.00477521  0  -0.0163888  -0.00527505  0.000289214  
-0.0109521  -0.0334578  0.0163888  0  0.0309829  -0.0143257  
-0.00357891  -0.000700607  0.00527505  -0.0309829  0  0.0499706  
-0.000958731  -0.00454025  -0.000289214  0.0143257  -0.0499706  0  
