0.999637  0.00835161  -0.0100589  -0.00262183  0.0010144  -0.00048341  
-0.00835332  0.999848  0.00858222  -0.00830056  -0.00016542  0.00048028  
0.00997811  -0.00841565  0.999718  0.00105066  -0.00820121  0.00337293  
0.00267808  0.00840413  -0.00079421  0.999642  0.0113746  0.00972288  
-0.00104186  5.854e-05  0.00787756  -0.0121193  0.996842  0.0765044  
0.00054991  -0.00049686  -0.00393922  -0.00902433  -0.0766587  0.996706  
