0.999408  0.0258621  0.00431956  0.00216459  -0.00274441  0.00281311  
-0.0256716  0.999381  -0.0105996  0.00213084  0.00189858  0.00249615  
-0.0045499  0.010418  0.999671  -0.00231012  -0.00286408  0.00218548  
-0.00230047  -0.00206337  0.00230874  0.99962  0.00294209  -0.0119375  
0.00389022  -7.975e-05  0.0036596  -0.00879842  0.86779  -0.496115  
-0.00098223  -0.00320915  -0.00045957  0.00902633  0.496246  0.867641  
