0.995509  -0.0904241  0.00311802  -0.00165682  -0.00587748  0.00247435  
-0.0908386  -0.99551  0.0174608  0.00332952  0.00276709  0.00553846  
-0.00148831  0.0177548  0.999645  -9.307e-05  0.00040962  -0.00255163  
0.00202196  0.00302398  -2.02e-06  0.999565  0.0187468  -0.00617673  
0.006166  0.00198034  -0.00075722  -0.0189022  0.997878  -0.0530859  
-0.00142019  0.00592272  0.00242962  0.00508893  0.0529068  0.998301  
