0  0.0765426  -0.00553117  0.000568263  0.0102805  -0.00314771  
-0.0765426  0  -0.00818942  0.00164861  -0.0851181  0.0158255  
0.00553117  0.00818942  0  0.000756385  -0.0311939  0.0046773  
-0.000568263  -0.00164861  -0.000756385  0  0.0283558  -0.0142957  
-0.0102805  0.0851181  0.0311939  -0.0283558  0  0.016008  
0.00314771  -0.0158255  -0.0046773  0.0142957  -0.016008  0  
