0  0.0499823  0.0190323  0.00191736  0.000518758  0.00195876  
-0.0499823  0  0.0111865  -0.0060556  0.00277067  0.0011209  
-0.0190323  -0.0111865  0  -0.00011841  0.0037528  -0.00352646  
-0.00191736  0.0060556  0.00011841  0  0.000730161  0.0219437  
-0.000518758  -0.00277067  -0.0037528  -0.000730161  0  -0.0414761  
-0.00195876  -0.0011209  0.00352646  -0.0219437  0.0414761  0  
