0.997229  -0.068188  -0.0126436  0.00027394  0.00683757  0.00062274  
0.0682389  0.997444  -0.00378642  -0.0109175  -3.829e-05  0.00624631  
0.0130628  0.00297236  0.999634  -0.00031823  -0.00937182  -0.00146709  
0.00050044  0.0107502  0.00019196  0.999574  -0.00623115  0.0176739  
0.00671336  -0.00101055  -0.00922575  -0.00757005  -0.996776  0.0774364  
-0.00157991  -0.00609515  0.00228178  -0.0168889  0.0776252  0.996375  
