-0.995655  -0.0892086  0.00011671  -0.00106987  -0.00620683  0.00121091  
-0.0889781  0.995714  -0.0110541  0.00276925  -0.0002017  -0.00504802  
-0.0006501  0.0110042  0.999662  -0.00018658  -0.00335768  -0.00136495  
-0.0009651  -0.00288921  0.00042393  0.999651  0.00790251  -0.00346694  
0.00600961  0.00102537  -0.00300616  0.00835845  -0.990364  0.135818  
-0.00012622  0.00528799  0.00145218  0.00265886  0.136004  0.990284  
