0  0.014272  0.00564189  0.00562088  0.00882165  -0.0110459  
-0.014272  0  0.00903397  0.0140691  -0.00136318  -0.00111642  
-0.00564189  -0.00903397  0  0.000374845  -0.00615794  0.0146767  
-0.00562088  -0.0140691  -0.000374845  0  -0.0151602  -0.00577136  
-0.00882165  0.00136318  0.00615794  0.0151602  0  0.0403286  
0.0110459  0.00111642  -0.0146767  0.00577136  -0.0403286  0  
