0.995168  -0.0945438  -0.0119639  0.0028172  -0.00658358  -0.00080448  
0.0943626  0.995077  -0.0162166  -0.00691494  -0.00173585  0.00653765  
0.0136917  0.0150286  0.999513  0.00119274  0.00636733  -0.00184408  
-0.00217664  0.00704556  -0.00129933  0.999626  0.00868637  0.0112992  
0.00605314  -0.00236118  -0.00467062  -0.0129271  0.873443  0.48624  
-0.00303541  -0.00611899  0.00478707  -0.00533966  -0.486227  0.873484  
