0  0.021088  -0.00526672  -0.000423675  -0.000295678  0.000947021  
-0.021088  0  -0.00398603  -0.00225517  -0.000821025  -0.0065059  
0.00526672  0.00398603  0  -0.000688776  0.00345251  0.00333846  
0.000423675  0.00225517  0.000688776  0  7.74459e-05  -0.00530965  
0.000295678  0.000821025  -0.00345251  -7.74459e-05  0  0.107775  
-0.000947021  0.0065059  -0.00333846  0.00530965  -0.107775  0  
