1.00005  -5.06e-06  -3.646e-05  -5.865e-05  3.06e-06  -1.336e-05  
-5.06e-06  0.999945  -5.287e-05  1.18e-06  6.69e-06  -3.572e-05  
-3.646e-05  -5.287e-05  0.999977  5.882e-05  9.57e-06  -2.792e-05  
-5.865e-05  1.18e-06  5.882e-05  1.00003  6.4e-05  7.421e-05  
3.06e-06  6.69e-06  9.57e-06  6.4e-05  0.999954  -6.682e-05  
-1.336e-05  -3.572e-05  -2.792e-05  7.421e-05  -6.682e-05  0.999919  
