0  0.0136496  -0.00276049  -0.00255327  0.00310076  0.000291814  
-0.0136496  0  0.0127316  -0.00675336  0.00426469  0.00530146  
0.00276049  -0.0127316  0  0.000731975  -0.00255225  0.00799744  
0.00255327  0.00675336  -0.000731975  0  0.0133202  -0.00633864  
-0.00310076  -0.00426469  0.00255225  -0.0133202  0  0.0898027  
-0.000291814  -0.00530146  -0.00799744  0.00633864  -0.0898027  0  
