0.999304  -0.0168682  0.0111581  0.00174182  0.001163  0.00140376  
0.0168473  0.99957  -0.00631472  0.0107548  0.00019378  0.00133327  
-0.0112583  0.00647315  0.999742  -0.0006949  -0.0108244  7.295e-05  
-0.00200435  -0.0106768  0.00074729  0.999658  0.00959343  0.0103756  
-0.0012776  4.114e-05  0.0107439  -0.00906279  0.998685  -0.0466872  
-0.00128299  -0.00115857  0.0005997  -0.0104505  0.0465839  0.998172  
