1.0001  1.664e-05  -7.039e-05  3.73e-05  5.892e-05  6.857e-05  
1.664e-05  1.00008  2.08e-06  -3.282e-05  -2.462e-05  -3.611e-05  
-7.039e-05  2.08e-06  1.00007  3.311e-05  7.608e-05  4.684e-05  
3.73e-05  -3.282e-05  3.311e-05  1.00008  -2.8e-07  6.536e-05  
5.892e-05  -2.462e-05  7.608e-05  -2.8e-07  0.999937  1.492e-05  
6.857e-05  -3.611e-05  4.684e-05  6.536e-05  1.492e-05  0.99997  
