0  0.00157062  -0.00612923  -0.00121257  -0.000627091  0.000395543  
-0.00157062  0  -0.00460289  -0.000818376  0.00119857  0.000755437  
0.00612923  0.00460289  0  0.000202126  -0.000379943  -0.000494197  
0.00121257  0.000818376  -0.000202126  0  -0.00826451  -0.00248762  
0.000627091  -0.00119857  0.000379943  0.00826451  0  0.00376829  
-0.000395543  -0.000755437  0.000494197  0.00248762  -0.00376829  0  
