0  -0.00788782  -0.00146582  0.000939192  -0.000237163  0.000734851  
0.00788782  0  -0.00201054  -0.00153155  -0.00171887  0.000312403  
0.00146582  0.00201054  0  -0.00104522  0.00139288  -0.000976197  
-0.000939192  0.00153155  0.00104522  0  0.00197694  -0.00318249  
0.000237163  0.00171887  -0.00139288  -0.00197694  0  -0.0408017  
-0.000734851  -0.000312403  0.000976197  0.00318249  0.0408017  0  
