-0.99892  0.0353663  0.00698114  0.00252216  0.00120068  -0.00093233  
0.0353054  0.999212  0.00224798  -0.0089185  -0.00039715  -0.00091316  
0.00685913  -0.00247862  0.999798  -3.4e-06  -0.00889403  0.00143229  
0.002797  0.00872997  9.011e-05  0.999798  0.00460805  0.00639801  
0.00133086  0.00015289  0.0089646  -0.0041093  0.996671  -0.0795542  
-0.0007799  0.00102755  -0.00066783  -0.00655958  0.0796456  0.996365  
