0  -0.0670554  -0.00944281  -0.000265588  -0.00498993  -0.000661901  
0.0670554  0  -0.0290964  0.00228641  -0.00195977  -0.00846704  
0.00944281  0.0290964  0  0.0121401  -0.0287536  0.014429  
0.000265588  -0.00228641  -0.0121401  0  0.00230242  -0.019905  
0.00498993  0.00195977  0.0287536  -0.00230242  0  -0.129438  
0.000661901  0.00846704  -0.014429  0.019905  0.129438  0  
