0.999093  -0.0337431  0.00777459  0.00267843  0.00299631  -0.00398384  
0.0338528  0.999119  -0.0132304  -0.00121687  -0.00269885  -0.00260005  
-0.00720316  0.0133698  0.999778  0.00050086  -0.00204303  -0.00300093  
-0.00262615  0.00124282  -0.00062155  0.999729  0.00404766  -0.0155522  
-0.00191353  0.00336676  0.00260248  -0.00105367  0.982398  0.185228  
0.00447121  0.00207275  0.0025793  0.016067  -0.18528  0.982385  
