0.996624  0.079614  0.00323773  0.00796478  0.0098408  -0.00104326  
-0.0797854  0.995796  0.0154791  0.0209381  -0.00067727  0.00872835  
-0.00179269  -0.015492  0.999511  0.00173227  -0.0212236  0.00649189  
-0.00619724  -0.0215548  -0.00234039  0.999454  -0.01502  0.00059697  
-0.00942517  -0.00195329  0.0200839  0.0151699  0.989223  0.138941  
0.00306892  -0.0084841  -0.00956141  -0.00298743  -0.138689  0.99001  
