0.999522  0.0141635  0.00750257  0.0019858  0.0067931  -0.00300657  
-0.014069  0.999725  -0.00305051  0.00190498  -0.00208271  -0.00745457  
-0.00762362  0.00299306  0.999817  -0.0016511  -0.00258457  -0.00023744  
-0.00196121  -0.001938  0.00148239  0.999819  0.00295093  -0.00922362  
-0.00664996  0.00245923  0.00247987  -0.00238935  0.997032  0.0741268  
0.00326543  0.00730981  0.00018326  0.00941813  -0.0743155  0.996913  
