1.00004  -2.736e-05  -2.127e-05  -1.587e-05  9.85e-06  -9.898e-05  
-2.736e-05  1  -2.504e-05  1.848e-05  -5.778e-05  2.129e-05  
-2.127e-05  -2.504e-05  1.00001  -2.8e-07  -7.611e-05  3.869e-05  
-1.587e-05  1.848e-05  -2.8e-07  0.999917  1.122e-05  -8.02e-06  
9.85e-06  -5.778e-05  -7.611e-05  1.122e-05  1.00007  -4.572e-05  
-9.898e-05  2.129e-05  3.869e-05  -8.02e-06  -4.572e-05  0.999981  
