0.994454  -0.0997454  0.0120247  0.00168244  -0.00401806  0.00054218  
0.0997923  0.994531  -0.0022996  -0.0134367  -0.00040159  0.00340228  
-0.0116162  0.00349133  0.999779  -0.00067112  -0.0128937  0.00495056  
-0.00053088  0.0135558  0.0006804  0.999669  0.00273974  0.0111737  
0.00335675  -0.00074036  0.0115513  -0.00523066  0.974607  0.221141  
-0.0019751  -0.00343186  -0.0075327  -0.0103484  -0.221319  0.974664  
