0.999965  -2.84e-06  2.902e-05  -2.957e-05  -5.379e-05  -0.00010874  
-2.84e-06  1.00005  -1.611e-05  9.39e-06  -9.203e-05  -1.631e-05  
2.902e-05  -1.611e-05  0.99995  -2.234e-05  -3.875e-05  -3.21e-06  
-2.957e-05  9.39e-06  -2.234e-05  0.999976  5.059e-05  3.087e-05  
-5.379e-05  -9.203e-05  -3.875e-05  5.059e-05  0.999949  -7.58e-06  
-0.00010874  -1.631e-05  -3.21e-06  3.087e-05  -7.58e-06  0.999974  
