0  -0.0042637  0.00741941  0.00135588  -0.00426208  0.000477336  
0.0042637  0  0.0283035  0.00569751  0.000719873  -0.00121305  
-0.00741941  -0.0283035  0  0.00908412  -0.0274604  0.00270585  
-0.00135588  -0.00569751  -0.00908412  0  0.0150617  0.00837941  
0.00426208  -0.000719873  0.0274604  -0.0150617  0  -0.0193843  
-0.000477336  0.00121305  -0.00270585  -0.00837941  0.0193843  0  
