0.998342  0.0515469  -0.00763154  0.00197518  -0.00568974  -0.00042798  
-0.05161  0.998568  -0.00186039  0.00168945  -0.00102197  -0.00669042  
0.00726716  0.00233917  0.999848  -0.00082706  0.00367981  -0.00224157  
0.00184079  0.0015649  -0.00081807  -0.999719  0.00117779  -0.0157655  
0.00536542  0.00196382  -0.00369326  -0.00049228  0.994666  0.100195  
-0.0005247  0.00658316  0.00256185  -0.015862  -0.100296  0.994563  
