0  0.151997  0.00842147  -0.00400988  -0.00077724  0.00115039  
-0.151997  0  0.00846844  -0.00486917  -0.0759494  0.0318778  
-0.00842147  -0.00846844  0  0.00140946  -0.0275435  0.00974073  
0.00400988  0.00486917  -0.00140946  0  -0.0337693  -0.00160539  
0.00077724  0.0759494  0.0275435  0.0337693  0  -9.972e-06  
-0.00115039  -0.0318778  -0.00974073  0.00160539  9.972e-06  0  
