0.999664  0.0134309  0.00802892  0.00343388  0.00205134  -0.00013365  
-0.0131664  0.999321  -0.0257813  -0.00258668  -3.085e-05  0.00348041  
-0.00834083  0.0256474  0.99957  0.0003954  -0.00363041  -0.00200621  
-0.00339728  0.00244006  -0.00056752  0.999374  -0.032366  0.00010957  
-0.00215592  0.00041877  0.00332521  0.0322634  0.995819  -0.0825444  
-5.153e-05  -0.00318703  0.00242696  0.00248385  0.082336  0.996263  
