0.996809  0.0745763  -0.00459144  -0.00572143  0.00555091  -0.00056821  
-0.0743476  0.996475  -0.0264727  0.00446565  0.00076997  0.00610745  
0.00250341  0.0268507  0.999375  -0.00118201  -0.00427846  -0.00177108  
0.00596866  -0.00391294  0.00147033  0.999599  0.0202376  -0.00528696  
-0.00550967  -0.0015936  0.00451099  -0.0195224  0.994467  0.097492  
0.00176824  -0.00596195  0.0015305  0.00738297  -0.0975206  0.994858  
