0.99868  -0.0338491  0.0208104  0.00244223  -0.00500624  0.00137563  
0.0338371  0.999041  0.0167583  -0.0009486  -0.00153969  -0.0051288  
-0.0214454  -0.0160753  0.999403  0.00157485  0.00201522  0.00157554  
-0.00245582  0.00118738  -0.00171408  0.999572  -0.0075879  0.0219521  
0.00496734  0.00170406  -0.00196271  0.00595369  0.997146  0.0691027  
-0.00137701  0.00502303  -0.00125366  -0.0223073  -0.0693787  0.996919  
