0  -0.066283  -0.00246429  0.000507433  0.000993527  -0.000174115  
0.066283  0  -0.014598  0.00436072  0.00284276  0.00763158  
0.00246429  0.014598  0  0.00070425  -0.00308921  0.00479072  
-0.000507433  -0.00436072  -0.00070425  0  0.0104109  -0.00529603  
-0.000993527  -0.00284276  0.00308921  -0.0104109  0  -0.172177  
0.000174115  -0.00763158  -0.00479072  0.00529603  0.172177  0  
