0  0.0128313  0.00894844  -0.00355228  0.00343625  -0.000401608  
-0.0128313  0  -0.030594  -0.0019434  -0.0015485  -0.00391983  
-0.00894844  0.030594  0  -0.0150565  -0.0296419  0.0113452  
0.00355228  0.0019434  0.0150565  0  -0.0144757  0.0132753  
-0.00343625  0.0015485  0.0296419  0.0144757  0  -0.0415333  
0.000401608  0.00391983  -0.0113452  -0.0132753  0.0415333  0  
