0.999964  1.675e-05  -8.678e-05  7.958e-05  6.64e-06  2.284e-05  
1.675e-05  1.00002  -2.056e-05  -2.29e-06  -5.95e-05  -3.556e-05  
-8.678e-05  -2.056e-05  0.999874  -7.377e-05  8.07e-06  1.45e-06  
7.958e-05  -2.29e-06  -7.377e-05  1  -5.502e-05  -4.204e-05  
6.64e-06  -5.95e-05  8.07e-06  -5.502e-05  1.00007  9.988e-05  
2.284e-05  -3.556e-05  1.45e-06  -4.204e-05  9.988e-05  1.00001  
