-0.996384  -0.0783053  -0.0160718  0.00275671  0.00317559  0.00019454  
-0.0788516  0.996424  0.0172557  0.0153998  0.00056963  0.00200346  
-0.0148436  -0.0186465  0.999371  0.00010482  -0.0152566  0.00533983  
0.00409316  -0.0150353  -0.00038043  0.999323  -0.0195238  -0.0142197  
0.00299798  -0.00041963  0.0158726  0.0177976  0.994961  -0.0935608  
0.00068351  -0.00206743  -0.00388446  0.0157328  0.0927769  0.994849  
