-0.992913  -0.112214  0.0240496  -0.00138188  0.00160113  -0.00212842  
-0.11212  0.993548  -0.00489626  0.0075608  0.00343046  0.00044011  
0.0232124  0.00737867  0.999526  5.623e-05  0.00690624  -0.00462243  
-0.00040448  -0.00761577  3.98e-06  0.999441  -0.0192012  -0.0117115  
0.00171273  -0.00355043  -0.0066037  0.0198366  0.998041  0.0538009  
-0.00205826  -0.00047194  0.00496608  0.0106695  -0.0543194  0.997698  
