0.999975  -1.857e-05  -4.561e-05  -2.401e-05  -4.693e-05  -4.871e-05  
-1.857e-05  1  3.828e-05  3.474e-05  2.387e-05  -2.67e-06  
-4.561e-05  3.828e-05  0.999892  -1.769e-05  -7.01e-06  5.868e-05  
-2.401e-05  3.474e-05  -1.769e-05  1.00003  4.056e-05  -7.178e-05  
-4.693e-05  2.387e-05  -7.01e-06  4.056e-05  1.00005  -5.978e-05  
-4.871e-05  -2.67e-06  5.868e-05  -7.178e-05  -5.978e-05  1.00009  
