0.996254  0.0825651  0.00184658  -0.00079411  0.00327646  -0.00101913  
-0.0823967  0.996464  -0.00613603  0.0054163  0.00094328  0.00257595  
-0.00250543  0.00593171  0.999715  0.00020907  0.00622599  -0.00094455  
0.00145997  -0.00526499  0.00022888  0.99966  -0.0115844  0.00067845  
-0.00247219  -0.00196366  -0.00569614  0.0109447  0.968268  0.248826  
0.00214775  -0.00210155  0.00259247  -0.0035043  -0.248862  0.968315  
