0.996333  -0.0805109  -0.0152012  0.00315583  0.00911461  -0.00307413  
0.0802763  0.996138  -0.0254599  -0.00048534  0.00386753  0.00681466  
0.0171028  0.0243241  0.999453  -0.00081481  0.00030923  -0.00273826  
-0.00300422  0.00064217  0.00088813  0.999536  -0.0147379  0.0167398  
-0.00943373  -0.00287584  -0.00021928  0.0145576  0.999478  -0.00197768  
0.00255983  -0.00712544  0.0027331  -0.0166686  0.00218519  0.999554  
