0  -0.00753967  0.00837662  9.59682e-05  -0.0263011  0.00506593  
0.00753967  0  -0.00450692  -0.00014935  -0.0718179  0.0135927  
-0.00837662  0.00450692  0  0.000568779  -0.0337773  0.00689556  
-9.59682e-05  0.00014935  -0.000568779  0  0.0337102  -0.0168755  
0.0263011  0.0718179  0.0337773  -0.0337102  0  -0.00509757  
-0.00506593  -0.0135927  -0.00689556  0.0168755  0.00509757  0  
