0.991037  0.129893  -0.00291986  0.00906945  -0.00244298  0.00111044  
-0.130086  0.991015  0.00675888  0.0174686  -0.00161631  -0.00198033  
0.00349972  -0.00626795  0.999667  0.00064458  -0.0141293  0.0131321  
-0.00687773  -0.0186155  -0.00095802  0.999566  -0.00709711  -0.00049061  
0.00196772  0.00204531  0.0106836  0.00727008  0.971644  0.234634  
-0.00190158  0.0015848  -0.0159138  -0.00093048  -0.234641  0.971472  
