0.999146  0.0383892  0.00503165  -0.00113715  -0.00156964  0.00052133  
-0.0384097  0.999058  0.00646982  -0.00334617  0.00056083  -0.00145561  
-0.00462894  -0.00669314  0.999774  0.00119083  -0.0025275  0.00234164  
0.00113282  0.00343685  -0.00123692  0.999766  0.0030495  -0.0069814  
0.00155159  -0.00047736  0.00246202  -0.00296855  0.999919  0.00370788  
-0.00062181  0.00147277  -0.00229493  0.0070504  -0.00365115  0.999787  
