0.998287  0.0534595  -0.00910603  -0.00286202  -0.00304175  -0.00016364  
-0.0536196  0.998027  -0.00466866  -0.0158512  -0.00138544  -0.00272436  
0.00878135  0.00514292  0.999588  0.00068196  0.0159781  -0.00349427  
0.00213615  0.0160867  -0.00103661  0.99961  0.0127978  -0.0104728  
0.00285588  0.00140149  -0.0159048  -0.0122573  0.998222  0.0503131  
5.896e-05  0.00285624  0.00424071  0.011005  -0.0501473  0.998478  
