0.99385  0.108621  -0.00115982  -0.00296142  -0.00583662  0.0020724  
-0.108648  0.99364  0.00544096  0.0119399  0.00350171  0.00597581  
0.00153424  -0.00538516  0.999755  0.00026501  -0.0108453  0.00655445  
0.00414516  -0.0115255  -0.0004578  0.999683  -0.00643009  0.00144678  
0.00630041  -0.0014455  0.0120401  0.00630706  0.968659  -0.24654  
-8.097e-05  -0.00676029  -0.003859  5.495e-05  0.246528  0.968848  
