0.999484  -0.00951743  -0.00701362  0.00237288  -0.00582386  0.00080934  
0.00955143  0.999597  -0.0204389  -0.00340377  0.00016875  0.00483391  
0.0074153  0.0203716  0.999382  0.00027722  0.00137676  -0.00318436  
-0.00240753  0.00333056  -0.00052368  0.999368  0.0228877  0.00853626  
0.00585895  -0.0004349  -0.00137289  -0.02302  0.999519  0.0108891  
-0.00109416  -0.00465395  0.00333819  -0.00812191  -0.0110249  0.999383  
