0  0.0896587  -0.00284552  -0.00177565  0.00653961  -0.00437788  
-0.0896587  0  -0.0273315  -0.0281963  0.0083026  0.0115651  
0.00284552  0.0273315  0  0.000945425  -0.0223046  0.0165693  
0.00177565  0.0281963  -0.000945425  0  -0.0185083  0.0161324  
-0.00653961  -0.0083026  0.0223046  0.0185083  0  0.196077  
0.00437788  -0.0115651  -0.0165693  -0.0161324  -0.196077  0  
