0  -0.054208  0.00470284  0.00340369  -0.00257428  0.00244808  
0.054208  0  -0.010273  0.00268565  -0.00229892  -0.00263142  
-0.00470284  0.010273  0  0.000548375  -0.00137617  -0.00443569  
-0.00340369  -0.00268565  -0.000548375  0  -0.0127192  0.00548055  
0.00257428  0.00229892  0.00137617  0.0127192  0  -0.0496685  
-0.00244808  0.00263142  0.00443569  -0.00548055  0.0496685  0  
