0.999255  -0.0135513  -0.0193174  -0.00468706  0.00266737  -0.00087691  
0.0132151  0.999448  -0.0259961  0.00454439  0.00133621  0.0023271  
0.0197005  0.025714  0.999302  0.00073033  -0.00517169  -0.00269748  
0.00443604  -0.00474771  -0.00062773  0.999312  0.0243467  -0.0213738  
-0.00303088  -0.00079258  0.0050727  -0.0248674  0.999144  -0.0263721  
0.00074214  -0.00218685  0.00291843  0.0210043  0.0266236  0.998597  
