0.999391  -0.00987389  -0.00051146  0.00154115  -0.0118579  0.00317837  
0.0099914  0.999349  -0.0115081  0.00777552  -0.00275915  -0.0136818  
0.00068944  0.0114158  0.999769  -0.00120363  0.00702807  -0.005476  
-0.00186136  -0.00769019  0.0014409  0.999653  -0.0152657  0.00544819  
0.0120029  0.00169515  -0.00734172  0.0156994  0.99769  -0.0551488  
-0.00231419  0.0140358  0.00487889  -0.00452244  0.0550667  0.997775  
