0.999211  0.0349104  0.00795815  -0.00286662  0.0004441  -0.00033523  
-0.0347207  0.999119  -0.0110657  0.00348315  -0.00011153  -0.00017428  
-0.00838092  0.0108969  0.999743  0.00011593  0.00338327  -0.00299606  
0.00286689  -0.00350319  0.00011359  0.999692  -0.00787809  0.010462  
-0.00035288  9.805e-05  -0.00336016  0.00760001  0.999557  0.00982287  
0.00020964  0.0001869  0.00308258  -0.010619  -0.00972527  0.999733  
