0.999715  -0.0152051  0.00314865  0.00193605  -0.00188809  -0.00019646  
0.0153799  0.999573  -0.00742724  0.00043055  0.00144574  -0.00172828  
-0.00292781  0.00730541  0.999772  -0.00118551  -0.00102161  -0.00110249  
-0.00173389  -0.00041659  0.00102303  0.999667  -0.0107377  -0.00087088  
0.00176399  -0.00140665  0.00100162  0.0108846  0.999648  0.0168649  
0.00015492  0.00170086  0.00123058  0.00076361  -0.0170421  0.999648  
