0.999602  0.0181194  -0.00748056  1.627e-05  0.00140277  0.00016533  
-0.018036  0.999598  -0.00651083  -0.00331059  9.475e-05  0.00223555  
0.00720379  0.00658667  0.99982  0.0011082  -0.0042005  -0.0006519  
-2.396e-05  0.0031977  -0.00116347  0.999791  -0.00357358  0.00926733  
-0.00144609  -0.00061543  0.00437825  0.00149869  0.975454  0.218095  
0.00010547  -0.00214578  -0.00040285  -0.00989669  -0.218077  0.975618  
